0 0 0 1 0 
0 1 0 1 0 
0 1 0 1 0 
0 1 0 1 0 
1 1 0 1 0 
1 1 0 2 0 
1 1 0 4 0 
1 1 2 4 0 
1 1 3 4 0 
1 1 2 4 0 
1 1 3 6 0 
1 1 3 6 0 
1 1 4 7 0 
1 2 5 6 0 
1 3 5 5 0 
1 4 3 5 0 
2 4 1 6 0 
2 3 1 5 0 
3 4 1 6 0 
3 4 1 6 0 
2 3 2 5 0 
3 4 3 6 0 
3 5 2 6 0 
3 6 1 5 0 
5 7 1 6 0 
7 8 1 5 0 
6 9 3 4 0 
7 8 3 5 0 
5 9 3 5 0 
3 10 3 5 0 
3 12 3 6 0 
3 15 3 8 0 
3 16 3 8 0 
2 13 3 8 0 
0 11 4 7 0 
1 7 3 9 0 
3 8 4 7 0 
4 7 3 8 0 
4 9 3 7 0 
4 8 4 7 0 
4 8 5 9 0 
5 6 5 8 0 
5 5 5 13 0 
6 5 7 13 0 
6 4 5 12 0 
5 5 6 12 0 
5 5 6 12 0 
6 7 7 11 0 
5 9 9 9 0 
5 9 7 12 0 
5 10 6 14 0 
7 13 8 15 0 
6 12 9 18 0 
6 13 11 14 0 
6 13 12 14 0 
7 14 12 14 0 
10 17 16 12 0 
8 19 18 13 0 
7 19 19 14 0 
8 19 17 14 0 
7 17 15 18 0 
7 14 15 19 0 
8 13 14 19 0 
8 11 14 21 0 
8 11 16 22 0 
9 11 16 24 0 
9 10 16 25 0 
11 12 16 26 0 
12 12 19 32 0 
11 12 22 32 0 
11 12 22 33 0 
12 14 28 32 0 
11 12 27 30 0 
12 15 29 34 0 
13 12 32 28 0 
14 12 34 30 0 
17 11 37 32 0 
17 13 41 30 0 
15 15 42 25 0 
17 16 44 25 0 
17 15 42 25 0 
14 13 42 27 0 
15 12 40 29 0 
16 12 40 29 0 
17 12 45 30 0 
17 13 49 29 0 
19 13 50 31 0 
24 14 50 37 0 
23 17 49 38 0 
24 20 47 40 0 
23 23 51 43 0 
22 24 53 48 0 
22 21 51 51 0 
23 18 52 49 0 
24 23 60 53 0 
22 26 64 56 0 
26 27 61 53 0 
23 23 62 52 0 
23 25 63 52 0 
22 24 66 58 0 
26 28 68 56 0 
27 27 69 59 0 
27 29 70 62 0 
31 36 83 63 0 
33 37 84 60 0 
34 41 83 62 0 
34 38 86 63 0 
42 40 87 62 0 
41 34 93 62 0 
41 43 98 64 3 
43 36 103 67 3 
44 37 104 66 3 
43 37 106 69 3 
42 33 108 68 3 
44 30 105 62 3 
42 32 107 63 3 
44 29 109 62 3 
41 29 105 63 3 
44 35 116 64 3 
42 34 124 65 3 
41 33 118 67 3 
42 29 118 65 3 
42 35 115 65 3 
47 36 114 70 3 
48 35 105 72 0 
46 34 107 78 0 
43 37 107 77 0 
42 41 112 75 3 
40 41 113 80 0 
38 38 115 81 0 
39 40 114 78 3 
40 42 111 79 0 
35 42 116 80 0 
33 50 117 80 3 
27 54 114 77 3 
26 58 113 87 0 
23 62 116 88 0 
25 68 120 92 0 
30 74 123 87 0 
28 65 122 85 0 
29 63 127 85 3 
30 66 136 89 3 
28 59 143 89 3 
28 58 148 86 3 
28 60 142 83 3 
29 56 143 82 3 
30 57 147 84 3 
32 60 162 86 3 
35 59 161 86 3 
36 60 164 89 3 
42 60 171 88 3 
43 59 189 84 3 
44 59 195 91 3 
46 63 197 92 3 
43 64 199 95 3 
38 64 206 98 3 
39 63 220 100 3 
36 60 211 111 3 
36 60 212 119 3 
38 58 214 125 3 
39 59 211 122 3 
36 56 214 121 3 
36 52 230 135 3 
36 50 236 128 3 
37 50 237 130 3 
35 55 235 128 3 
31 55 249 127 3 
28 49 257 132 3 
31 51 255 134 3 
32 57 251 137 3 
31 54 247 145 3 
32 61 256 147 3 
34 66 265 151 3 
32 76 269 160 3 
33 74 280 172 3 
36 81 292 172 3 
32 76 293 170 3 
35 76 302 176 3 
33 75 304 181 3 
33 76 299 187 3 
36 81 300 182 3 
32 73 324 175 3 
37 72 327 179 3 
34 70 331 179 3 
33 70 322 182 3 
37 70 331 191 3 
36 70 317 194 3 
40 69 326 196 3 
38 66 315 195 3 
37 64 325 195 3 
35 66 338 200 3 
33 66 337 207 3 
33 69 347 205 3 
32 71 348 203 3 
32 71 354 212 3 
35 74 359 212 3 
34 73 364 210 3 
31 67 373 213 3 
30 62 374 215 3 
31 62 373 219 3 
31 64 372 218 3 
32 66 381 234 3 
32 62 386 228 3 
32 67 375 227 3 
31 65 387 233 3 
30 69 394 234 3 
37 69 391 234 3 
45 73 392 236 3 
44 72 392 241 3 
42 71 392 248 3 
42 72 408 245 3 
43 75 424 260 3 
43 74 431 276 3 
43 71 423 279 3 
42 70 423 279 3 
43 71 424 274 3 
39 70 438 272 3 
39 66 426 275 3 
37 69 422 282 3 
42 69 417 269 3 
40 74 423 279 3 
43 72 409 281 3 
43 73 411 277 3 
44 69 407 276 3 
49 66 415 275 3 
53 74 414 277 3 
56 69 429 271 3 
58 73 429 278 3 
60 64 439 288 3 
60 62 443 285 3 
60 68 440 289 3 
66 71 429 274 3 
65 75 426 275 3 
68 81 431 295 3 
66 84 427 292 3 
69 90 453 302 3 
64 93 478 306 3 
65 90 456 297 3 
64 91 468 287 3 
64 98 467 297 3 
74 103 479 315 3 
72 99 489 311 3 
72 101 496 314 3 
68 100 505 313 3 
64 97 510 319 3 
65 99 517 328 3 
69 99 532 316 3 
70 97 543 316 3 
65 93 548 319 3 
66 92 550 317 3 
66 98 562 307 3 
68 100 548 309 3 
71 103 575 310 3 
71 102 605 308 3 
67 99 597 301 3 
73 98 603 300 3 
71 88 634 296 3 
76 85 636 299 3 
74 85 650 315 3 
73 79 650 310 3 
73 89 649 338 3 
72 91 645 345 3 
61 97 659 344 3 
57 94 665 354 3 
58 89 657 351 3 
65 89 665 352 3 
64 89 662 345 3 
67 87 666 352 3 
66 84 670 361 3 
68 90 684 357 3 
70 96 693 355 3 
73 92 695 359 3 
68 91 716 354 3 
65 88 736 338 3 
69 84 748 339 3 
68 88 756 345 3 
67 85 775 367 3 
70 92 767 370 3 
72 91 771 371 3 
69 94 750 356 3 
70 95 768 350 3 
74 88 751 345 3 
71 84 767 361 3 
71 79 769 373 3 
74 79 773 378 3 
76 72 779 367 3 
79 67 774 364 3 
79 69 783 363 3 
76 66 796 365 3 
80 71 797 371 3 
83 65 800 373 3 
82 64 800 367 3 
90 57 815 374 3 
86 56 828 386 3 
92 54 839 396 3 
91 51 828 399 3 
95 52 848 382 3 
103 56 817 377 3 
96 54 815 364 3 
97 55 836 367 3 
98 58 845 386 3 
93 64 833 372 3 
93 69 847 381 3 
92 69 859 388 3 
91 67 859 396 3 
91 66 865 394 3 
98 64 833 400 3 
98 67 854 401 3 
95 60 859 390 3 
91 58 867 400 3 
95 57 861 401 3 
89 60 884 399 3 
91 58 893 402 3 
90 59 884 413 3 
87 58 880 423 3 
86 56 901 418 3 
82 62 905 419 3 
82 61 919 412 3 
79 55 925 407 3 
76 56 918 414 3 
75 60 916 414 3 
71 59 926 425 3 
77 61 913 413 3 
78 67 919 407 3 
77 72 939 412 3 
78 70 944 408 3 
77 71 933 418 3 
76 69 940 405 3 
76 70 922 412 3 
80 77 914 409 3 
80 75 901 408 3 
80 74 907 399 3 
77 70 881 399 3 
83 67 885 389 3 
84 65 898 398 3 
81 69 921 420 3 
85 67 924 420 3 
83 65 950 426 3 
85 70 931 431 3 
89 67 918 431 3 
94 72 914 432 3 
98 74 897 418 3 
97 73 901 417 3 
101 69 915 415 3 
108 68 910 406 3 
109 68 908 411 3 
110 66 920 412 3 
110 65 926 418 3 
110 69 923 410 3 
114 68 933 419 3 
118 71 940 431 3 
113 67 935 440 3 
114 64 923 445 3 
107 61 897 446 3 
109 55 896 439 3 
108 55 910 418 3 
111 58 889 419 3 
110 57 899 422 3 
112 57 921 435 3 
106 57 932 431 3 
115 61 930 421 3 
122 62 938 407 3 
121 60 930 422 3 
121 55 938 425 3 
119 53 910 423 3 
125 55 880 430 3 
131 51 872 448 3 
122 44 880 461 3 
126 47 878 453 3 
122 46 921 449 3 
123 42 924 463 3 
123 39 928 466 3 
120 36 935 481 3 
115 43 947 479 3 
116 46 947 483 3 
119 46 928 480 3 
117 44 936 484 3 
118 40 945 478 3 
117 39 938 477 3 
109 40 929 496 3 
105 39 939 500 3 
111 42 934 492 3 
116 42 911 497 3 
112 40 928 490 3 
107 40 924 499 3 
107 37 918 501 3 
107 37 928 511 3 
106 41 934 494 3 
106 42 925 506 3 
100 41 926 510 3 
100 43 935 507 3 
98 42 938 497 3 
98 42 921 483 3 
102 43 939 481 3 
106 44 920 487 3 
105 37 922 493 3 
100 40 936 490 3 
101 40 911 493 3 
106 44 919 496 3 
107 44 881 495 3 
112 42 895 501 3 
106 43 901 498 3 
104 44 905 497 3 
93 44 928 507 3 
94 40 948 506 3 
97 44 944 500 3 
102 39 937 494 3 
101 39 963 494 3 
106 37 964 494 3 
105 38 982 503 3 
110 37 984 507 3 
111 38 984 516 3 
112 39 982 510 3 
114 40 985 515 3 
111 40 1001 522 3 
111 43 1004 519 3 
109 42 1003 488 3 
117 41 1009 476 3 
111 43 986 474 3 
121 42 1010 473 3 
122 41 988 486 3 
111 39 962 480 3 
109 38 976 500 3 
108 37 950 489 3 
111 42 955 498 3 
105 46 964 512 3 
111 49 936 498 3 
113 47 932 511 3 
114 45 939 505 3 
115 46 934 521 3 
112 48 944 490 3 
111 48 923 494 3 
112 46 947 505 3 
111 49 957 498 3 
108 48 939 502 3 
102 45 932 493 3 
102 48 935 480 3 
103 54 940 496 3 
104 56 925 495 3 
100 55 911 487 3 
100 57 925 470 3 
107 56 902 484 3 
111 55 901 470 3 
118 55 895 467 3 
118 57 913 462 3 
120 59 899 453 3 
113 57 902 453 3 
112 55 928 455 3 
117 63 942 464 3 
116 65 924 460 3 
115 66 934 471 3 
117 71 914 467 3 
115 67 935 466 3 
110 70 936 449 3 
107 73 908 449 3 
106 78 903 438 3 
109 82 912 438 3 
105 81 917 430 3 
109 79 924 438 3 
114 81 930 445 3 
120 81 941 446 3 
118 74 950 444 3 
116 77 966 442 3 
115 81 994 455 3 
116 85 977 448 3 
113 86 971 444 3 
111 93 959 438 3 
111 103 962 418 3 
105 111 946 414 3 
97 113 932 410 3 
98 115 951 410 3 
104 118 950 417 3 
100 117 947 418 3 
101 105 938 428 3 
106 102 943 412 3 
105 100 940 405 3 
108 100 972 397 3 
110 104 960 414 3 
116 98 948 420 3 
115 94 955 412 3 
116 90 945 421 3 
119 93 949 426 3 
124 102 934 422 3 
128 104 935 424 3 
128 98 937 423 3 
133 88 936 420 3 
132 84 932 439 3 
125 81 923 437 3 
121 88 919 437 3 
122 85 932 443 3 
120 83 918 436 3 
126 85 910 417 3 
123 87 910 423 3 
131 86 915 437 3 
127 88 907 436 3 
125 85 925 422 3 
121 86 954 407 3 
123 86 925 412 3 
119 85 938 437 3 
116 86 930 438 3 
119 88 918 450 3 
120 87 937 451 3 
117 84 951 456 3 
119 81 954 449 3 
121 83 943 455 3 
121 93 953 469 3 
118 92 958 455 3 
116 94 983 460 3 
113 98 991 456 3 
110 95 964 442 3 
116 99 967 432 3 
113 97 938 434 3 
107 93 946 419 3 
101 91 958 418 3 
112 87 928 415 3 
114 88 929 416 3 
118 93 924 416 3 
121 98 927 410 3 
128 93 935 415 3 
126 95 933 415 3 
128 97 933 429 3 
130 87 928 438 3 
128 89 925 439 3 
132 98 909 439 3 
125 98 926 429 3 
126 98 928 421 3 
124 90 962 411 3 
130 99 965 405 3 
137 96 987 414 3 
132 94 995 406 3 
138 103 991 410 3 
133 106 982 411 3 
136 93 985 417 3 
126 87 966 414 3 
131 86 961 388 3 
129 88 967 404 3 
126 85 967 401 3 
128 81 954 393 3 
117 82 971 397 3 
113 81 976 408 3 
113 70 994 405 3 
115 73 1023 411 3 
118 73 1011 395 3 
119 74 1020 391 3 
121 72 1032 393 3 
120 68 1035 400 3 
116 72 1016 411 3 
118 73 1012 397 3 
116 69 1005 394 3 
117 71 1017 395 3 
116 73 1018 393 3 
119 82 1015 394 3 
118 78 1005 401 3 
115 76 1020 385 3 
117 78 1021 398 3 
115 80 1028 379 3 
114 77 1001 392 3 
121 75 1004 390 3 
123 75 1001 385 3 
122 80 1016 380 3 
113 78 1025 388 3 
113 76 1025 388 3 
115 73 1018 397 3 
118 70 1009 402 3 
118 65 1004 400 3 
123 63 1014 396 3 
126 65 1022 406 3 
124 60 1022 407 3 
124 61 1018 420 3 
120 62 1037 414 3 
115 63 1043 412 3 
117 64 1063 415 3 
126 64 1063 402 3 
128 60 1063 396 3 
126 56 1053 402 3 
131 59 1042 412 3 
141 57 1045 399 3 
141 63 1032 402 3 
139 68 1027 405 3 
147 67 1015 403 3 
148 64 1012 386 3 
135 61 1032 373 3 
130 62 1023 365 3 
127 64 1026 365 3 
130 63 1038 365 3 
132 58 1058 356 3 
134 58 1048 352 3 
137 61 1043 360 3 
137 58 1018 360 3 
136 57 1038 362 3 
136 56 1013 363 3 
137 54 1012 371 3 
136 60 1011 371 3 
146 60 1000 370 3 
147 63 1019 371 3 
143 62 1024 372 3 
145 65 1041 377 3 
142 68 1041 370 3 
142 69 1054 369 3 
154 65 1068 358 3 
156 67 1100 367 3 
152 62 1094 378 3 
153 66 1078 379 3 
152 59 1081 364 3 
145 61 1085 373 3 
143 65 1067 369 3 
143 65 1067 359 3 
135 58 1074 358 3 
124 61 1049 346 3 
116 54 1035 330 3 
111 48 1044 334 3 
113 51 1057 337 3 
119 53 1050 339 3 
122 51 1077 339 3 
112 55 1083 346 3 
111 55 1098 346 3 
115 60 1101 352 3 
107 59 1107 354 3 
108 54 1097 350 3 
111 51 1130 351 3 
109 53 1137 353 3 
110 55 1125 352 3 
106 55 1093 340 3 
108 57 1072 349 3 
101 61 1070 354 3 
109 60 1080 350 3 
109 61 1078 357 3 
117 60 1086 355 3 
124 55 1079 370 3 
131 56 1070 376 3 
137 55 1065 392 3 
142 53 1052 390 3 
148 56 1048 383 3 
146 55 1064 393 3 
143 49 1048 393 3 
139 48 1066 407 3 
135 45 1077 414 3 
131 45 1088 403 3 
136 42 1071 384 3 
139 42 1093 394 3 
142 43 1074 394 3 
148 44 1058 393 3 
148 42 1038 398 3 
155 42 1043 397 3 
154 42 1040 409 3 
144 43 1052 403 3 
140 46 1052 397 3 
139 49 1036 405 3 
139 45 1011 420 3 
144 43 1016 418 3 
145 47 1020 407 3 
139 44 1027 409 3 
136 45 1031 405 3 
144 48 1011 412 3 
140 53 1026 408 3 
150 54 1028 396 3 
152 48 1040 401 3 
154 50 1021 386 3 
153 49 1038 392 3 
148 46 1045 397 3 
146 46 1032 390 3 
151 42 1059 386 3 
150 38 1055 383 3 
154 41 1062 382 3 
144 37 1050 368 3 
138 35 1041 359 3 
142 34 1055 363 3 
138 37 1055 362 3 
141 38 1056 360 3 
143 39 1058 358 3 
153 39 1058 356 3 
147 40 1049 357 3 
157 40 1047 355 3 
155 37 1069 338 3 
152 39 1069 341 3 
154 39 1074 332 3 
151 37 1089 339 3 
155 35 1089 331 3 
158 37 1101 323 3 
160 39 1101 338 3 
157 39 1119 336 3 
157 36 1106 321 3 
160 36 1091 313 3 
149 35 1128 316 3 
146 33 1145 308 3 
147 33 1139 307 3 
152 32 1145 316 3 
151 31 1148 309 3 
157 29 1155 305 3 
147 27 1160 304 3 
159 24 1168 295 3 
158 22 1169 290 3 
151 27 1179 277 3 
152 24 1188 274 3 
152 25 1190 265 3 
153 25 1170 268 3 
156 25 1159 263 3 
156 26 1144 268 3 
157 30 1122 259 3 
157 31 1127 261 3 
168 30 1130 252 3 
170 30 1118 262 3 
171 28 1113 262 3 
177 27 1127 265 3 
171 26 1115 279 3 
172 26 1121 284 3 
165 24 1121 289 3 
157 27 1115 281 3 
160 26 1116 281 3 
163 27 1132 266 3 
163 27 1146 282 3 
170 24 1147 273 3 
166 23 1171 276 3 
162 24 1164 281 3 
168 23 1151 281 3 
166 22 1141 270 3 
162 25 1139 270 3 
170 27 1131 265 3 
176 26 1138 260 3 
171 29 1141 251 3 
171 30 1138 260 3 
171 37 1143 244 3 
177 36 1160 248 3 
177 39 1162 253 3 
166 39 1158 248 3 
158 41 1145 248 3 
165 36 1114 237 3 
155 37 1122 235 3 
158 39 1115 241 3 
158 38 1118 235 3 
164 38 1123 232 3 
162 35 1144 223 3 
166 39 1119 237 3 
171 38 1141 237 3 
167 41 1108 239 3 
174 42 1113 239 3 
174 38 1115 238 3 
180 38 1116 245 3 
179 37 1128 241 3 
174 37 1122 238 3 
166 34 1131 227 3 
166 38 1145 235 3 
169 34 1152 242 3 
167 35 1148 243 3 
164 35 1153 234 3 
173 35 1158 231 3 
171 35 1158 231 3 
172 36 1138 229 3 
165 44 1144 227 3 
165 46 1165 228 3 
174 44 1172 217 3 
177 45 1173 216 3 
168 45 1169 218 3 
170 43 1152 217 3 
166 43 1144 209 3 
163 43 1159 202 3 
163 40 1158 215 3 
163 38 1166 214 3 
152 45 1167 217 3 
151 44 1164 221 3 
157 43 1172 215 3 
159 46 1157 221 3 
159 47 1151 225 3 
164 49 1155 232 3 
160 51 1126 224 3 
158 50 1143 231 3 
155 47 1162 229 3 
160 52 1150 220 3 
156 51 1137 215 3 
161 50 1155 214 3 
164 47 1157 216 3 
162 47 1138 218 3 
158 46 1161 211 3 
169 47 1146 214 3 
169 50 1156 218 3 
177 50 1155 223 3 
172 51 1184 213 3 
166 51 1210 215 3 
163 45 1225 211 3 
160 42 1202 215 3 
171 43 1211 200 3 
167 45 1185 211 3 
161 44 1163 208 3 
157 43 1154 198 3 
156 40 1137 195 3 
148 42 1158 198 3 
157 45 1153 198 3 
157 46 1133 207 3 
152 43 1148 203 3 
148 41 1147 208 3 
156 46 1141 206 3 
164 42 1157 212 3 
164 41 1161 209 3 
162 42 1143 209 3 
163 41 1164 208 3 
167 40 1176 213 3 
171 41 1162 212 3 
177 41 1137 217 3 
172 38 1161 219 3 
166 40 1145 226 3 
164 39 1148 245 3 
163 37 1149 239 3 
157 37 1135 244 3 
146 40 1146 234 3 
138 40 1157 226 3 
144 40 1144 216 3 
140 39 1141 218 3 
135 38 1150 218 3 
136 37 1144 214 3 
133 38 1125 207 3 
132 37 1120 214 3 
130 38 1139 204 3 
126 41 1145 202 3 
127 38 1151 199 3 
125 38 1115 202 3 
126 41 1099 211 3 
124 38 1102 214 3 
121 40 1116 218 3 
120 40 1112 213 3 
118 39 1122 221 3 
128 39 1101 223 3 
125 38 1110 213 3 
123 36 1122 219 3 
118 35 1138 211 3 
119 36 1134 213 3 
126 35 1134 214 3 
136 37 1154 205 3 
137 37 1141 202 3 
135 35 1144 197 3 
138 36 1166 197 3 
133 35 1156 195 3 
140 34 1180 194 3 
141 33 1168 193 3 
139 34 1165 197 3 
142 36 1169 183 3 
136 32 1181 183 3 
139 30 1193 176 3 
140 30 1189 173 3 
144 31 1205 168 3 
140 32 1224 165 3 
136 34 1228 163 3 
136 31 1251 169 3 
142 31 1256 169 3 
132 32 1260 171 3 
124 31 1262 170 3 
121 30 1267 159 3 
126 30 1257 162 3 
131 25 1230 155 3 
131 29 1253 158 3 
131 26 1260 158 3 
127 25 1251 158 3 
128 26 1243 153 3 
122 27 1226 143 3 
124 28 1225 141 3 
125 25 1229 144 3 
128 22 1223 140 3 
127 26 1249 141 3 
121 25 1232 146 3 
118 23 1249 141 3 
121 26 1266 147 3 
114 24 1251 144 3 
112 23 1258 151 3 
106 23 1245 149 3 
110 25 1239 151 3 
105 26 1244 154 3 
108 20 1246 153 3 
109 23 1213 161 3 
111 24 1228 157 3 
106 27 1258 150 3 
106 26 1265 149 3 
107 26 1241 155 3 
113 29 1244 161 3 
115 31 1253 160 3 
114 30 1240 155 3 
118 29 1268 155 3 
119 29 1251 149 3 
111 31 1277 148 3 
116 30 1250 145 3 
115 26 1242 151 3 
118 27 1270 155 3 
123 30 1259 161 3 
131 27 1253 159 3 
126 27 1240 168 3 
121 26 1233 160 3 
130 25 1225 164 3 
134 25 1233 158 3 
134 28 1225 160 3 
134 27 1247 163 3 
143 24 1271 157 3 
143 22 1258 163 3 
135 19 1253 161 3 
138 16 1248 156 3 
138 14 1255 157 3 
133 14 1269 151 3 
133 15 1288 153 3 
143 14 1300 151 3 
130 16 1291 150 3 
130 14 1308 154 3 
130 15 1282 152 3 
123 16 1287 141 3 
125 19 1295 141 3 
124 17 1320 144 3 
121 16 1320 140 3 
122 12 1326 143 3 
115 11 1315 147 3 
116 13 1315 141 3 
111 12 1290 144 3 
120 12 1296 141 3 
122 11 1301 142 3 
127 12 1309 143 3 
129 11 1295 144 3 
126 10 1290 140 3 
123 11 1288 144 3 
125 14 1297 150 3 
129 15 1281 155 3 
133 16 1268 148 3 
138 16 1266 155 3 
137 17 1260 158 3 
129 20 1251 155 3 
133 23 1249 149 3 
135 27 1255 142 3 
140 25 1236 144 3 
138 23 1263 154 3 
137 21 1297 143 3 
136 20 1314 145 3 
130 18 1303 139 3 
117 16 1313 136 3 
125 15 1317 145 3 
134 13 1329 141 3 
137 16 1340 131 3 
132 17 1337 140 3 
134 18 1331 142 3 
127 19 1322 139 3 
127 18 1338 144 3 
123 15 1317 150 3 
117 15 1311 145 3 
120 15 1326 140 3 
129 12 1331 143 3 
136 12 1344 132 3 
141 14 1362 130 3 
137 12 1353 140 3 
135 15 1343 145 3 
131 12 1352 139 3 
125 13 1345 132 3 
120 13 1329 135 3 
115 16 1301 131 3 
113 18 1296 138 3 
112 18 1298 144 3 
117 15 1323 147 3 
112 14 1335 137 3 
115 14 1321 138 3 
114 14 1330 140 3 
117 14 1324 132 3 
119 15 1307 128 3 
114 15 1312 141 3 
114 15 1309 147 3 
117 16 1302 144 3 
117 19 1297 141 3 
117 19 1285 140 3 
111 17 1306 138 3 
106 17 1320 132 3 
105 15 1312 126 3 
106 16 1289 128 3 
101 16 1303 135 3 
104 17 1318 143 3 
108 19 1311 145 3 
106 21 1326 150 3 
104 23 1332 146 3 
106 24 1325 143 3 
106 25 1328 137 3 
107 24 1334 127 3 
106 26 1360 133 3 
103 28 1362 137 3 
108 26 1378 132 3 
123 23 1375 134 3 
126 20 1382 134 3 
126 23 1414 139 3 
124 30 1404 144 3 
127 31 1397 147 3 
127 32 1367 137 3 
120 33 1363 142 3 
121 35 1329 136 3 
122 35 1343 136 3 
120 36 1332 141 3 
125 35 1335 141 3 
124 34 1319 137 3 
126 33 1318 142 3 
122 31 1320 151 3 
116 25 1321 154 3 
121 28 1333 156 3 
124 29 1300 156 3 
128 27 1296 153 3 
129 30 1292 151 3 
130 27 1281 155 3 
131 27 1274 152 3 
137 30 1289 159 3 
133 28 1284 158 3 
143 27 1285 166 3 
140 27 1280 160 3 
139 30 1292 161 3 
