27.298 
27.224 
27.023 
26.663 
26.311 
26.279 
26.229 
26.125 
25.92 
25.541 
24.952 
24.525 
33.45 
24.508 
24.503 
24.486 
24.486 
24.485 
24.485 
24.485 
24.484 
24.484 
h 
24.331 
24.325 
24.31 
24.275 
24.205 
24.078 
23.889 
23.752 
23.634 
23.591 
23.508 
23.443 
23.386 
23.287 
23.216 
23.141 
23.082 
23.03 
22.969 
22.874 
22.783 
22.722 
22.623 
22.563 
22.517 
22.471 
22.44 
22.42 
22.38 
22.308 
22.216 
22.23 
22.155 
22.069 
22.055 
22.035 
22.002 
21.956 
22.003 
21.923 
21.893 
21.877 
21.875 
21.872 
21.866 
21.854 
h 
21.585 
21.566 
21.538 
21.505 
21.504 
21.406 
21.307 
21.184 
21.15 
21.135 
21.121 
21.105 
21.09 
21.083 
21.071 
21.053 
21.036 
21.02 
21.01 
21.045 
21.01 
h 
20.696 
20.645 
20.555 
20.441 
20.404 
20.396 
20.383 
20.36 
20.314 
20.228 
20.085 
19.901 
20.079 
19.863 
19.749 
19.706 
19.658 
19.625 
19.571 
19.495 
19.472 
19.558 
19.429 
19.424 
19.419 
19.414 
19.406 
19.402 
19.401 
19.398 
19.397 
h 
