25.646 
25.599 
25.473 
25.259 
25.107 
25.1 
25.087 
25.059 
25.007 
24.921 
24.829 
24.968 
25.021 
24.801 
24.801 
24.8 
24.8 
24.8 
h 
24.619 
24.611 
24.596 
24.569 
24.513 
24.406 
24.224 
23.995 
23.919 
23.82 
23.757 
23.733 
23.715 
23.679 
23.613 
23.508 
23.39 
23.838 
23.311 
23.298 
23.276 
23.249 
23.233 
23.227 
23.199 
23.193 
23.184 
h 
23.046 
22.918 
22.694 
22.496 
22.59 
22.487 
22.478 
22.465 
22.448 
22.441 
22.435 
22.424 
22.413 
22.4 
22.39 
22.38 
h 
22.346 
22.168 
22.045 
22.042 
22.037 
22.028 
22.02 
22.006 
21.989 
21.968 
21.947 
h 
