24.882 
24.847 
24.753 
24.585 
24.442 
24.425 
24.4 
24.351 
24.317 
24.297 
24.283 
24.257 
24.217 
24.152 
24.237 
24.27 
24.1 
h 
23.788 
23.772 
23.748 
23.737 
23.73 
23.717 
23.696 
23.662 
h 
23.247 
23.228 
23.169 
23.145 
23.102 
23.038 
22.947 
22.813 
22.677 
22.806 
22.504 
22.45 
22.401 
22.313 
22.163 
22.084 
22.068 
21.983 
21.967 
21.949 
21.92 
21.878 
21.828 
21.769 
21.756 
21.727 
21.704 
21.687 
21.68 
21.672 
21.665 
21.66 
21.656 
21.649 
21.64 
21.629 
h 
21.95 
21.848 
21.634 
21.344 
21.253 
21.247 
21.235 
21.229 
21.22 
21.206 
21.184 
21.158 
h 
