25.34 
25.25 
25.01 
24.608 
24.357 
24.349 
24.333 
24.308 
24.278 
24.253 
24.24 
24.217 
24.2 
h 
24.049 
24.022 
24.018 
24.009 
23.994 
23.968 
23.953 
23.906 
h 
23.349 
23.208 
23.035 
22.919 
22.861 
22.834 
22.802 
22.762 
22.72 
22.644 
22.526 
22.368 
22.248 
22.301 
22.11 
22.056 
22.021 
21.959 
21.863 
21.749 
21.958 
21.687 
21.654 
21.646 
21.637 
21.619 
21.596 
21.578 
h 
21.084 
21.031 
20.967 
20.924 
20.888 
20.834 
20.815 
20.764 
20.685 
20.644 
20.615 
20.581 
20.564 
20.547 
20.52 
20.504 
20.494 
20.514 
20.477 
h 
