25.285 25.273 25.24 25.183 25.138 25.116 25.091 25.069 h 24.919 24.848 24.773 24.769 24.765 24.76 24.754 24.748 h 24.693 24.633 24.552 24.53 24.528 24.522 24.509 24.488 h 24.47 23.955 23.85 23.845 23.839 23.833 23.827 23.82 23.833 23.818 h 
31.963 31.637 30.674 28.57 25.571 25.24 25.161 25.126 25.083 25.015 24.951 24.865 24.922 25.115 24.801 24.8 24.798 24.794 24.791 h 24.364 24.231 24.063 23.997 23.937 23.887 23.808 23.687 23.655 23.588 23.543 23.514 23.475 23.411 23.338 23.242 23.21 23.254 23.099 23.088 23.067 23.037 22.994 22.921 23.025 22.89 22.88 22.879 22.879 22.878 22.876 h 22.605 22.589 22.571 22.562 22.546 22.516 22.469 22.415 h 22.189 22.157 22.113 22.054 21.938 21.753 21.504 21.265 21.229 21.204 21.175 21.158 21.158 21.148 21.141 21.131 h 
34.764 34.363 33.15 30.36 25.837 25.263 25.048 25.044 25.036 25.021 25.007 25.037 25.0 24.999 24.996 24.993 24.992 24.99 24.989 h 24.741 24.737 24.73 24.715 24.689 24.645 24.618 24.845 h 24.481 24.256 24.15 24.104 24.074 24.069 24.059 24.039 24.002 23.953 23.902 23.834 23.833 23.839 23.806 23.805 23.804 23.804 23.803 h 23.55 23.526 23.506 23.492 23.482 23.462 23.422 23.344 h 
27.298 27.224 27.023 26.663 26.311 26.279 26.229 26.125 25.92 25.541 24.952 24.525 33.45 24.508 24.503 24.486 24.486 24.485 24.485 24.485 24.484 24.484 h 24.331 24.325 24.31 24.275 24.205 24.078 23.889 23.752 23.634 23.591 23.508 23.443 23.386 23.287 23.216 23.141 23.082 23.03 22.969 22.874 22.783 22.722 22.623 22.563 22.517 22.471 22.44 22.42 22.38 22.308 22.216 22.23 22.155 22.069 22.055 22.035 22.002 21.956 22.003 21.923 21.893 21.877 21.875 21.872 21.866 21.854 h 21.585 21.566 21.538 21.505 21.504 21.406 21.307 21.184 21.15 21.135 21.121 21.105 21.09 21.083 21.071 21.053 21.036 21.02 21.01 21.045 21.01 h 20.696 20.645 20.555 20.441 20.404 20.396 20.383 20.36 20.314 20.228 20.085 19.901 20.079 19.863 19.749 19.706 19.658 19.625 19.571 19.495 19.472 19.558 19.429 19.424 19.419 19.414 19.406 19.402 19.401 19.398 19.397 h 
27.026 26.831 26.295 25.326 24.638 24.615 24.601 24.583 24.561 24.53 24.521 24.512 24.508 h 24.321 24.319 24.313 24.299 24.271 24.224 24.161 24.136 h 23.967 23.947 23.926 23.912 23.883 23.827 23.729 23.592 23.62 23.61 23.535 23.52 23.518 23.517 23.515 23.512 h 23.224 23.194 23.161 23.149 23.123 23.071 22.975 22.821 22.674 22.696 22.636 22.516 22.502 22.476 22.44 22.397 22.456 22.382 22.381 22.378 22.373 22.366 22.357 h 
25.901 25.79 25.493 24.993 24.684 24.639 24.559 24.437 24.503 24.383 24.373 24.365 24.35 24.333 24.325 24.31 24.291 24.285 h 24.368 24.244 24.228 24.192 24.12 23.998 23.851 23.819 23.812 23.796 23.764 23.704 23.597 23.471 23.452 23.505 23.39 23.378 23.356 23.326 23.317 23.313 23.303 23.285 23.255 23.215 23.166 h 22.426 22.317 22.216 22.123 22.103 22.081 22.036 21.961 21.858 21.782 21.731 21.694 21.695 21.667 21.661 21.657 21.652 h 21.594 21.584 21.578 21.565 21.539 21.49 21.412 21.336 21.353 21.324 21.307 21.286 21.248 21.196 21.15 21.148 h 
25.291 25.286 25.27 25.239 25.195 25.138 25.092 25.033 24.956 24.888 24.815 24.771 24.922 24.755 24.755 24.754 24.753 24.754 24.753 24.752 h 24.806 24.766 24.642 24.414 24.235 24.222 24.197 24.15 24.101 24.09 24.076 24.069 24.058 24.048 24.034 24.013 h 23.863 23.772 23.756 23.734 23.7 23.672 23.671 23.65 h 23.102 23.069 23.019 22.991 22.975 22.956 22.936 22.925 h 
25.594 25.584 25.557 25.507 25.45 25.423 25.369 25.276 25.156 25.07 25.004 24.904 24.778 25.171 25.032 24.748 24.748 24.748 24.748 24.747 24.746 24.746 24.745 24.744 h 24.625 24.566 24.435 24.254 24.194 24.169 24.131 24.097 24.087 24.067 24.032 23.982 23.903 24.083 23.961 23.816 23.815 23.813 23.808 23.802 h 23.478 23.382 23.372 23.366 23.352 23.325 23.278 23.239 23.19 23.127 23.074 23.051 23.044 23.036 23.025 23.012 h 22.74 22.734 22.727 22.712 22.689 22.657 22.602 22.565 h 
25.34 25.25 25.01 24.608 24.357 24.349 24.333 24.308 24.278 24.253 24.24 24.217 24.2 h 24.049 24.022 24.018 24.009 23.994 23.968 23.953 23.906 h 23.349 23.208 23.035 22.919 22.861 22.834 22.802 22.762 22.72 22.644 22.526 22.368 22.248 22.301 22.11 22.056 22.021 21.959 21.863 21.749 21.958 21.687 21.654 21.646 21.637 21.619 21.596 21.578 h 21.084 21.031 20.967 20.924 20.888 20.834 20.815 20.764 20.685 20.644 20.615 20.581 20.564 20.547 20.52 20.504 20.494 20.514 20.477 h 
25.328 25.244 25.02 24.645 24.401 24.382 24.348 24.297 24.221 24.192 24.312 24.167 24.166 24.165 h 24.386 24.31 24.124 23.811 23.636 23.622 23.614 23.606 23.594 23.576 23.554 23.536 23.522 23.505 23.489 23.514 23.479 23.477 23.473 h 23.231 23.2 23.189 23.172 23.138 23.071 22.953 22.791 22.691 22.651 22.639 22.619 22.595 22.572 22.529 22.459 22.336 22.15 22.153 23.722 21.945 21.939 21.928 21.907 21.871 21.839 22.346 21.825 21.824 21.822 21.819 21.816 21.815 21.813 21.812 21.81 h 21.644 21.64 21.63 21.613 21.579 21.515 21.408 21.282 21.221 21.206 21.147 21.126 21.102 21.088 21.062 21.026 21.011 20.997 20.985 h 
27.814 27.517 26.718 25.35 24.414 24.374 24.296 24.143 23.897 23.679 23.544 23.499 23.427 23.341 23.254 23.201 23.159 23.094 23.099 23.06 23.043 23.04 23.036 h 23.006 22.998 22.993 22.985 22.97 22.944 22.908 22.889 h 22.933 22.817 22.676 22.534 22.509 22.501 22.494 22.484 22.469 22.452 22.421 22.366 22.317 22.411 22.29 22.284 22.274 22.263 22.248 h 22.025 21.942 21.89 21.888 21.885 21.881 21.872 21.863 h 
32.428 32.022 30.84 28.398 25.652 25.499 25.391 25.246 25.092 24.991 24.849 24.823 24.78 24.747 24.743 24.738 24.73 24.727 24.759 24.726 h 24.117 24.114 24.102 24.071 24.01 23.906 23.727 23.45 23.211 23.321 23.126 23.114 23.089 23.038 22.947 22.823 22.721 22.549 22.516 22.445 22.375 22.36 22.334 22.291 22.228 22.108 21.9 22.412 21.88 21.721 21.709 21.691 21.673 21.66 21.638 21.607 21.626 21.594 21.59 21.582 21.567 21.547 h 21.324 21.217 21.103 21.067 21.082 21.063 21.06 21.054 21.044 21.033 21.03 h 20.909 20.892 20.864 20.832 20.83 20.815 20.8 20.777 h 
29.424 28.963 27.689 25.378 23.717 23.663 23.579 23.481 23.436 23.357 23.26 23.235 23.216 23.205 23.184 23.155 23.153 23.137 23.134 23.129 23.122 23.112 23.127 h 22.995 22.887 22.792 22.786 22.775 22.755 22.723 22.685 22.65 22.633 22.604 22.561 22.584 22.541 h 21.219 21.048 20.994 20.962 20.913 20.827 20.702 20.531 20.431 20.416 20.378 20.364 20.342 20.304 20.237 20.164 20.128 20.101 20.057 20.015 19.947 19.961 19.915 19.867 19.861 19.854 19.839 19.812 19.766 h 19.637 19.629 19.592 19.588 19.58 19.565 19.541 19.517 h 
25.694 25.643 25.505 25.269 25.079 24.979 24.872 24.768 24.702 24.628 24.554 24.478 24.464 24.44 24.431 24.414 24.387 24.373 24.405 24.358 24.357 24.354 h 24.221 24.22 24.21 24.201 24.182 24.146 24.089 24.031 h 23.488 23.466 23.447 23.416 23.359 23.251 23.075 22.888 22.873 22.871 22.87 22.869 22.867 22.865 22.861 22.854 h 22.762 22.655 22.548 22.426 22.339 22.326 22.324 22.307 22.295 22.276 22.251 22.209 h 
33.469 32.842 31.033 27.431 24.255 24.23 24.203 24.184 24.155 24.126 24.078 24.077 24.042 h 23.858 23.847 23.834 23.82 23.794 23.748 23.691 23.648 h 23.577 23.569 23.556 23.55 23.552 23.513 23.485 23.443 h 23.433 23.237 23.157 23.128 23.11 23.085 23.069 23.058 23.035 22.999 22.948 h 
25.646 25.599 25.473 25.259 25.107 25.1 25.087 25.059 25.007 24.921 24.829 24.968 25.021 24.801 24.801 24.8 24.8 24.8 h 24.619 24.611 24.596 24.569 24.513 24.406 24.224 23.995 23.919 23.82 23.757 23.733 23.715 23.679 23.613 23.508 23.39 23.838 23.311 23.298 23.276 23.249 23.233 23.227 23.199 23.193 23.184 h 23.046 22.918 22.694 22.496 22.59 22.487 22.478 22.465 22.448 22.441 22.435 22.424 22.413 22.4 22.39 22.38 h 22.346 22.168 22.045 22.042 22.037 22.028 22.02 22.006 21.989 21.968 21.947 h 
26.461 26.343 26.018 25.438 25.012 24.962 24.869 24.719 24.703 24.731 24.57 24.567 24.561 24.558 24.557 24.556 h 24.21 24.185 24.121 24.01 23.931 23.924 23.909 23.883 23.84 23.766 23.674 23.628 23.565 23.48 23.532 23.694 23.438 23.434 23.425 23.404 23.37 23.332 23.306 23.288 23.274 23.249 h 22.659 22.359 22.339 22.302 22.233 22.123 22.089 22.019 21.991 21.952 21.89 21.799 21.73 21.756 21.683 21.67 21.65 21.624 21.588 21.558 21.544 21.533 21.512 21.477 h 20.703 20.523 20.495 20.471 20.456 20.429 20.392 20.324 20.214 20.096 20.036 20.209 19.986 19.978 19.962 19.937 19.906 19.874 19.868 19.851 19.83 h 
32.612 32.227 31.108 28.795 26.12 25.898 25.74 25.469 25.194 25.023 24.91 24.842 24.756 24.789 24.724 24.719 24.716 24.71 24.703 h 24.451 24.41 24.403 24.39 24.363 24.31 24.215 24.073 23.951 23.875 23.822 23.763 23.687 23.936 23.72 23.661 23.661 23.66 23.66 h 23.285 23.282 23.276 23.264 23.242 23.209 23.161 23.129 h 21.996 21.965 21.946 21.927 21.908 21.872 21.819 21.766 21.755 21.745 21.728 21.709 21.694 21.769 21.687 21.686 h 
25.733 25.702 25.617 25.466 25.331 25.323 25.315 25.306 25.285 25.246 25.179 25.072 24.988 25.126 24.968 24.965 24.957 24.947 24.936 h 24.749 24.803 24.737 24.718 24.679 24.611 24.521 24.48 24.443 24.388 24.329 24.239 24.107 24.213 24.36 23.993 23.986 23.975 23.957 23.936 23.904 23.916 23.875 23.864 h 23.501 23.366 23.229 23.234 23.217 23.214 23.208 23.196 23.175 23.143 23.131 h 23.093 23.016 22.839 22.582 22.501 22.494 22.483 22.465 22.433 22.399 22.369 22.342 22.319 22.281 22.239 22.229 22.271 22.219 22.211 22.21 h 
24.882 24.847 24.753 24.585 24.442 24.425 24.4 24.351 24.317 24.297 24.283 24.257 24.217 24.152 24.237 24.27 24.1 h 23.788 23.772 23.748 23.737 23.73 23.717 23.696 23.662 h 23.247 23.228 23.169 23.145 23.102 23.038 22.947 22.813 22.677 22.806 22.504 22.45 22.401 22.313 22.163 22.084 22.068 21.983 21.967 21.949 21.92 21.878 21.828 21.769 21.756 21.727 21.704 21.687 21.68 21.672 21.665 21.66 21.656 21.649 21.64 21.629 h 21.95 21.848 21.634 21.344 21.253 21.247 21.235 21.229 21.22 21.206 21.184 21.158 h 
