32.428 
32.022 
30.84 
28.398 
25.652 
25.499 
25.391 
25.246 
25.092 
24.991 
24.849 
24.823 
24.78 
24.747 
24.743 
24.738 
24.73 
24.727 
24.759 
24.726 
h 
24.117 
24.114 
24.102 
24.071 
24.01 
23.906 
23.727 
23.45 
23.211 
23.321 
23.126 
23.114 
23.089 
23.038 
22.947 
22.823 
22.721 
22.549 
22.516 
22.445 
22.375 
22.36 
22.334 
22.291 
22.228 
22.108 
21.9 
22.412 
21.88 
21.721 
21.709 
21.691 
21.673 
21.66 
21.638 
21.607 
21.626 
21.594 
21.59 
21.582 
21.567 
21.547 
h 
21.324 
21.217 
21.103 
21.067 
21.082 
21.063 
21.06 
21.054 
21.044 
21.033 
21.03 
h 
20.909 
20.892 
20.864 
20.832 
20.83 
20.815 
20.8 
20.777 
h 
