25.328 
25.244 
25.02 
24.645 
24.401 
24.382 
24.348 
24.297 
24.221 
24.192 
24.312 
24.167 
24.166 
24.165 
h 
24.386 
24.31 
24.124 
23.811 
23.636 
23.622 
23.614 
23.606 
23.594 
23.576 
23.554 
23.536 
23.522 
23.505 
23.489 
23.514 
23.479 
23.477 
23.473 
h 
23.231 
23.2 
23.189 
23.172 
23.138 
23.071 
22.953 
22.791 
22.691 
22.651 
22.639 
22.619 
22.595 
22.572 
22.529 
22.459 
22.336 
22.15 
22.153 
23.722 
21.945 
21.939 
21.928 
21.907 
21.871 
21.839 
22.346 
21.825 
21.824 
21.822 
21.819 
21.816 
21.815 
21.813 
21.812 
21.81 
h 
21.644 
21.64 
21.63 
21.613 
21.579 
21.515 
21.408 
21.282 
21.221 
21.206 
21.147 
21.126 
21.102 
21.088 
21.062 
21.026 
21.011 
20.997 
20.985 
h 
