25.733 
25.702 
25.617 
25.466 
25.331 
25.323 
25.315 
25.306 
25.285 
25.246 
25.179 
25.072 
24.988 
25.126 
24.968 
24.965 
24.957 
24.947 
24.936 
h 
24.749 
24.803 
24.737 
24.718 
24.679 
24.611 
24.521 
24.48 
24.443 
24.388 
24.329 
24.239 
24.107 
24.213 
24.36 
23.993 
23.986 
23.975 
23.957 
23.936 
23.904 
23.916 
23.875 
23.864 
h 
23.501 
23.366 
23.229 
23.234 
23.217 
23.214 
23.208 
23.196 
23.175 
23.143 
23.131 
h 
23.093 
23.016 
22.839 
22.582 
22.501 
22.494 
22.483 
22.465 
22.433 
22.399 
22.369 
22.342 
22.319 
22.281 
22.239 
22.229 
22.271 
22.219 
22.211 
22.21 
h 
