26.461 
26.343 
26.018 
25.438 
25.012 
24.962 
24.869 
24.719 
24.703 
24.731 
24.57 
24.567 
24.561 
24.558 
24.557 
24.556 
h 
24.21 
24.185 
24.121 
24.01 
23.931 
23.924 
23.909 
23.883 
23.84 
23.766 
23.674 
23.628 
23.565 
23.48 
23.532 
23.694 
23.438 
23.434 
23.425 
23.404 
23.37 
23.332 
23.306 
23.288 
23.274 
23.249 
h 
22.659 
22.359 
22.339 
22.302 
22.233 
22.123 
22.089 
22.019 
21.991 
21.952 
21.89 
21.799 
21.73 
21.756 
21.683 
21.67 
21.65 
21.624 
21.588 
21.558 
21.544 
21.533 
21.512 
21.477 
h 
20.703 
20.523 
20.495 
20.471 
20.456 
20.429 
20.392 
20.324 
20.214 
20.096 
20.036 
20.209 
19.986 
19.978 
19.962 
19.937 
19.906 
19.874 
19.868 
19.851 
19.83 
h 
