25.594 
25.584 
25.557 
25.507 
25.45 
25.423 
25.369 
25.276 
25.156 
25.07 
25.004 
24.904 
24.778 
25.171 
25.032 
24.748 
24.748 
24.748 
24.748 
24.747 
24.746 
24.746 
24.745 
24.744 
h 
24.625 
24.566 
24.435 
24.254 
24.194 
24.169 
24.131 
24.097 
24.087 
24.067 
24.032 
23.982 
23.903 
24.083 
23.961 
23.816 
23.815 
23.813 
23.808 
23.802 
h 
23.478 
23.382 
23.372 
23.366 
23.352 
23.325 
23.278 
23.239 
23.19 
23.127 
23.074 
23.051 
23.044 
23.036 
23.025 
23.012 
h 
22.74 
22.734 
22.727 
22.712 
22.689 
22.657 
22.602 
22.565 
h 
