29.424 
28.963 
27.689 
25.378 
23.717 
23.663 
23.579 
23.481 
23.436 
23.357 
23.26 
23.235 
23.216 
23.205 
23.184 
23.155 
23.153 
23.137 
23.134 
23.129 
23.122 
23.112 
23.127 
h 
22.995 
22.887 
22.792 
22.786 
22.775 
22.755 
22.723 
22.685 
22.65 
22.633 
22.604 
22.561 
22.584 
22.541 
h 
21.219 
21.048 
20.994 
20.962 
20.913 
20.827 
20.702 
20.531 
20.431 
20.416 
20.378 
20.364 
20.342 
20.304 
20.237 
20.164 
20.128 
20.101 
20.057 
20.015 
19.947 
19.961 
19.915 
19.867 
19.861 
19.854 
19.839 
19.812 
19.766 
h 
19.637 
19.629 
19.592 
19.588 
19.58 
19.565 
19.541 
19.517 
h 
