25.901 
25.79 
25.493 
24.993 
24.684 
24.639 
24.559 
24.437 
24.503 
24.383 
24.373 
24.365 
24.35 
24.333 
24.325 
24.31 
24.291 
24.285 
h 
24.368 
24.244 
24.228 
24.192 
24.12 
23.998 
23.851 
23.819 
23.812 
23.796 
23.764 
23.704 
23.597 
23.471 
23.452 
23.505 
23.39 
23.378 
23.356 
23.326 
23.317 
23.313 
23.303 
23.285 
23.255 
23.215 
23.166 
h 
22.426 
22.317 
22.216 
22.123 
22.103 
22.081 
22.036 
21.961 
21.858 
21.782 
21.731 
21.694 
21.695 
21.667 
21.661 
21.657 
21.652 
h 
21.594 
21.584 
21.578 
21.565 
21.539 
21.49 
21.412 
21.336 
21.353 
21.324 
21.307 
21.286 
21.248 
21.196 
21.15 
21.148 
h 
