31.963 
31.637 
30.674 
28.57 
25.571 
25.24 
25.161 
25.126 
25.083 
25.015 
24.951 
24.865 
24.922 
25.115 
24.801 
24.8 
24.798 
24.794 
24.791 
h 
24.364 
24.231 
24.063 
23.997 
23.937 
23.887 
23.808 
23.687 
23.655 
23.588 
23.543 
23.514 
23.475 
23.411 
23.338 
23.242 
23.21 
23.254 
23.099 
23.088 
23.067 
23.037 
22.994 
22.921 
23.025 
22.89 
22.88 
22.879 
22.879 
22.878 
22.876 
h 
22.605 
22.589 
22.571 
22.562 
22.546 
22.516 
22.469 
22.415 
h 
22.189 
22.157 
22.113 
22.054 
21.938 
21.753 
21.504 
21.265 
21.229 
21.204 
21.175 
21.158 
21.158 
21.148 
21.141 
21.131 
h 
