27.617 27.41 26.826 25.715 24.755 24.74 24.719 24.696 h 24.537 24.567 24.522 24.512 24.494 24.462 24.421 24.407 h 24.394 24.382 24.362 24.328 24.261 24.142 23.961 23.792 h 23.65 23.601 23.587 23.563 23.532 23.483 23.421 23.361 h 
33.879 33.386 31.936 28.866 25.272 25.117 25.066 24.984 h 24.24 24.26 24.205 24.203 24.199 24.192 24.182 24.178 h 24.013 23.996 23.969 23.948 23.93 23.892 23.821 23.698 h 22.681 22.666 22.643 22.6 22.524 22.382 22.156 21.936 h 
26.214 26.095 25.772 25.223 24.901 24.889 24.874 24.854 h 24.892 24.738 24.693 24.675 24.655 24.634 24.621 24.62 h 24.466 24.433 24.37 24.319 24.303 24.279 24.253 24.252 h 23.862 23.837 23.817 23.81 23.798 23.776 23.747 23.732 h 
26.932 26.793 26.406 25.699 25.129 25.11 25.076 25.028 h 24.636 24.579 24.568 24.551 24.517 24.456 24.37 24.364 h 23.657 23.559 23.449 23.424 23.414 23.405 23.387 23.354 h 23.156 22.893 22.785 22.773 22.757 22.737 22.727 22.713 h 
31.096 30.769 29.817 27.835 25.479 25.289 25.187 25.071 h 24.33 24.364 24.291 24.288 24.283 24.274 24.266 24.263 h 24.156 24.124 24.039 23.897 23.806 23.802 23.797 23.79 h 23.743 23.72 23.686 23.658 23.614 23.558 23.507 23.485 h 
27.284 26.952 26.031 24.351 23.145 23.098 23.054 23.024 h 22.239 22.216 22.205 22.199 22.189 22.177 22.164 22.149 h 21.59 21.545 21.535 21.517 21.496 21.468 21.431 21.377 h 21.254 21.172 21.132 21.113 21.089 21.059 21.018 20.967 h 
27.864 27.675 27.155 26.212 25.49 25.435 25.338 25.17 h 24.012 24.116 23.984 23.951 23.882 23.753 23.54 23.294 h 21.804 21.845 21.567 21.459 21.31 21.183 21.03 20.836 h 20.137 20.134 20.131 20.125 20.114 20.093 20.057 20.01 h 
24.323 24.321 24.318 24.312 24.301 24.286 24.28 24.274 h 23.899 23.753 23.54 23.468 23.459 23.439 23.402 23.35 h 24.069 23.417 22.853 22.848 22.836 22.818 22.795 22.753 h 22.632 22.75 22.855 22.545 22.533 22.509 22.466 22.389 h 
26.804 26.624 26.137 25.299 24.799 24.786 24.774 24.756 h 24.561 24.548 24.539 24.528 24.514 24.503 24.579 24.498 h 24.488 24.481 24.465 24.438 24.39 24.316 24.222 24.179 h 23.262 23.216 23.177 23.152 23.104 23.021 22.916 22.857 h 
25.66 25.576 25.352 24.975 24.742 24.727 24.699 24.651 h 24.223 24.348 24.188 24.175 24.157 24.125 24.083 24.08 h 23.726 23.706 23.685 23.644 23.563 23.414 23.169 22.877 h 22.688 22.572 22.453 22.422 22.417 22.405 22.379 22.331 h 
28.599 28.187 27.042 24.957 23.535 23.486 23.472 23.461 h 22.874 22.771 22.68 22.675 22.664 22.643 22.603 22.541 h 22.532 22.581 22.339 22.332 22.319 22.298 22.277 22.268 h 22.249 22.209 22.195 22.168 22.114 22.017 21.875 21.799 h 
32.144 31.777 30.709 28.495 25.918 25.72 25.59 25.353 h 24.658 25.367 24.62 24.584 24.579 24.569 24.549 24.517 24.49 24.49 h 24.224 24.198 24.183 24.155 24.099 23.993 23.825 23.676 h 23.173 23.151 23.138 23.119 23.088 23.029 22.935 22.839 h 
25.369 25.368 25.362 25.348 25.321 25.267 25.17 25.033 h 25.021 25.092 24.903 24.883 24.845 24.775 24.675 24.615 h 24.514 24.486 24.449 24.383 24.29 24.119 23.862 23.708 h 22.704 22.588 22.456 22.389 22.357 22.338 22.325 22.307 h 
26.507 26.375 26.018 25.417 25.057 25.042 25.012 24.962 h 24.062 24.092 23.971 23.942 23.881 23.769 23.591 23.416 h 22.617 22.531 22.478 22.411 22.331 22.259 22.086 21.973 h 21.639 21.551 21.526 21.486 21.422 21.303 21.095 20.779 h 
30.364 30.017 29.024 27.059 25.156 25.141 25.117 25.095 h 24.461 24.419 24.406 24.385 24.341 24.255 24.105 23.9 h 23.416 23.361 23.213 23.194 23.166 23.147 23.129 23.095 h 22.749 22.723 22.696 22.664 22.603 22.496 22.346 22.191 h 
35.658 35.047 33.242 29.41 25.054 24.899 24.848 24.766 h 23.777 23.556 23.387 23.386 23.382 23.377 23.366 23.354 h 23.319 23.16 23.14 23.109 23.072 23.046 23.06 23.04 h 22.963 22.924 22.876 22.864 22.851 22.828 22.793 22.768 h 
32.462 31.985 30.604 27.807 25.025 24.979 24.911 24.849 h 24.367 24.161 24.119 24.089 24.033 23.924 23.732 23.421 h 23.081 23.523 22.681 22.678 22.672 22.659 22.63 22.575 22.474 22.312 h 21.936 22.226 21.651 21.526 21.447 21.321 21.222 21.177 21.15 21.097 h 
24.0 23.919 23.702 23.337 23.087 23.077 23.062 23.035 h 22.853 22.841 22.826 22.793 22.729 22.614 22.449 22.345 h 22.084 22.061 22.018 21.935 21.798 21.614 21.434 21.354 h 21.168 21.13 21.125 21.116 21.096 21.057 20.991 20.903 h 
26.45 26.439 26.407 26.343 26.238 26.145 26.104 26.019 h 25.551 25.556 25.369 25.238 25.027 24.673 24.212 24.19 h 23.818 23.72 23.574 23.465 23.425 23.403 23.364 23.311 h 23.12 23.311 23.002 22.969 22.917 22.879 22.867 22.86 h 
25.975 25.905 25.715 25.39 25.16 25.111 25.033 24.951 h 24.779 24.808 24.745 24.723 24.68 24.611 24.522 24.488 h 24.295 24.274 24.259 24.229 24.173 24.073 23.91 23.751 h 22.673 22.731 22.631 22.598 22.538 22.431 22.268 22.137 h 
