24.565 24.56 24.547 24.521 24.481 24.447 24.433 24.402 h 23.538 23.393 23.37 23.323 23.242 23.105 22.911 22.791 h 22.627 22.577 22.566 22.56 22.547 22.521 22.476 22.413 h 21.55 21.421 21.411 21.405 21.395 21.379 21.349 21.304 h 
24.693 24.66 24.566 24.392 24.206 24.148 24.093 24.039 h 23.301 23.145 23.131 23.101 23.041 22.947 22.819 22.733 h 22.248 22.134 22.193 21.997 21.86 21.676 21.407 21.238 h 21.259 20.891 20.654 20.536 20.367 20.26 20.219 20.171 h 
30.129 29.706 28.515 26.275 24.569 24.508 24.478 24.432 h 24.348 24.218 24.228 24.274 24.093 24.079 24.054 24.01 h 23.403 23.329 23.327 23.32 23.308 23.284 23.255 23.233 h 23.038 22.978 22.949 22.9 22.821 22.677 22.462 22.284 h 
30.976 
25.017 25.015 25.01 24.999 24.978 24.944 24.896 24.861 h 24.259 24.199 24.136 24.064 23.918 23.658 23.288 23.099 h 22.123 22.087 22.026 21.935 21.828 21.693 21.659 21.551 h 20.494 20.182 19.921 19.77 19.681 19.5 19.218 18.863 h 
24.842 24.83 24.797 24.727 24.609 24.419 24.191 23.967 h 23.468 23.382 23.244 23.091 22.873 22.494 21.984 21.745 h 21.285 20.938 20.494 20.423 20.411 20.389 20.35 20.294 h 19.45 19.412 19.345 19.265 19.183 19.072 18.946 18.812 h 
31.024 30.437 28.811 25.886 23.927 23.892 23.844 23.8 h 22.708 22.664 22.583 22.508 22.48 22.431 22.362 22.29 h 21.429 21.327 21.302 21.388 21.167 21.041 20.849 20.702 h 20.501 20.409 20.318 20.199 20.025 19.906 19.882 19.846 h 
39.432 38.801 36.875 32.396 25.567 24.569 24.448 24.306 h 23.621 23.175 22.507 22.176 24.26 21.967 21.918 21.853 21.826 21.813 21.795 21.782 21.764 h 20.68 20.454 20.341 20.311 20.255 20.145 19.965 19.831 h 18.139 18.056 18.029 18.002 17.951 17.851 17.711 17.552 h 
24.463 24.438 24.371 24.254 24.147 24.135 24.115 24.076 h 22.703 22.658 22.621 22.587 22.523 22.422 22.265 22.127 h 21.893 21.845 21.783 21.669 21.467 21.141 20.68 20.283 h 19.593 19.592 19.579 19.571 19.558 19.544 19.531 19.523 h 
26.424 26.384 26.271 26.055 25.791 25.603 25.462 25.305 h 23.111 22.911 22.842 22.808 22.741 22.63 22.473 22.384 h 21.947 21.821 21.699 21.605 21.585 21.619 21.573 21.561 h 21.032 20.995 20.956 20.911 20.891 20.887 20.878 20.861 h 
23.984 23.955 23.878 23.747 23.647 23.635 23.62 23.6 h 23.118 23.064 23.038 22.983 22.881 22.721 22.544 22.463 h 21.583 21.364 21.25 21.2 21.147 21.05 20.893 20.703 h 20.542 20.483 20.436 20.404 20.356 20.282 20.173 20.071 h 
25.708 25.688 25.633 25.536 25.436 25.422 25.409 25.384 h 25.246 25.168 25.077 24.943 24.751 24.426 23.995 23.83 h 23.186 23.178 23.167 23.149 23.11 23.035 22.901 22.685 h 21.104 20.962 21.452 20.827 20.744 20.589 20.344 20.094 20.059 20.003 19.949 h 
26.082 26.077 26.062 26.028 25.961 25.849 25.677 25.444 h 23.326 23.398 22.958 22.909 22.808 22.623 22.338 22.099 h 20.903 20.83 20.784 20.728 20.626 20.436 20.121 19.762 h 19.72 19.39 19.214 19.21 19.206 19.196 19.176 19.138 h 
28.043 27.86 27.353 26.423 25.655 25.576 25.43 25.186 h 24.437 24.953 24.367 24.326 24.246 24.094 23.85 23.629 23.612 23.698 h 22.789 22.384 22.015 21.987 21.943 21.867 21.75 21.56 h 19.397 19.17 19.125 19.07 19.014 18.913 18.76 18.612 h 
25.936 25.916 25.862 25.759 25.648 25.595 25.531 25.455 h 24.893 24.781 24.675 24.542 24.422 24.37 24.174 24.093 h 23.769 23.682 23.634 23.568 23.471 23.297 23.029 22.728 h 22.293 22.241 22.114 22.092 22.051 21.968 21.812 21.551 h 
25.887 25.865 25.807 25.7 25.598 25.589 25.569 25.527 h 24.347 24.22 24.179 24.118 23.999 23.804 23.582 23.521 h 22.801 22.688 22.605 22.486 22.279 21.955 21.59 21.469 h 21.192 21.16 21.137 21.12 21.086 21.028 20.948 20.845 h 
25.749 25.715 25.621 25.441 25.171 24.997 24.919 24.764 h 24.451 24.233 23.884 23.359 22.89 22.311 21.702 21.511 h 21.369 21.358 21.349 21.346 21.34 21.329 21.309 21.277 h 20.999 20.992 20.976 20.947 20.901 20.82 20.695 20.568 h 
32.563 32.072 30.652 27.787 24.973 24.947 24.908 24.852 h 24.77 24.752 24.723 24.681 24.6 24.459 24.278 24.219 h 23.537 23.412 23.339 23.308 23.252 23.175 23.081 22.993 h 23.089 23.021 22.966 22.896 22.816 22.784 22.742 22.716 h 
25.499 25.445 25.296 25.032 24.807 24.762 24.696 24.628 h 24.038 23.939 23.906 23.88 23.858 23.836 23.825 23.82 h 23.948 23.849 23.672 23.434 23.352 23.341 23.334 23.329 h 23.288 23.272 23.251 23.215 23.156 23.051 22.915 22.766 h 
25.631 25.61 25.551 25.45 25.357 25.344 25.331 25.302 h 24.595 24.384 24.331 24.314 24.278 24.212 24.109 23.963 h 23.711 23.882 23.673 23.669 23.663 23.66 23.657 23.655 h 23.617 23.614 23.606 23.593 23.566 23.517 23.436 23.344 h 
