0 0 0 0 0 
0 0 1 0 0 
0 0 2 0 0 
0 0 2 0 0 
0 1 3 0 0 
0 1 5 0 0 
0 3 6 0 0 
0 4 6 0 0 
0 5 10 0 0 
0 7 10 0 0 
1 8 9 0 0 
1 8 9 0 0 
2 8 9 0 0 
2 8 9 0 0 
3 9 7 0 0 
3 8 9 0 0 
6 7 10 0 0 
7 8 8 0 0 
7 7 10 0 0 
6 8 10 1 0 
9 8 9 1 0 
9 11 9 1 0 
11 12 10 1 0 
11 14 10 2 0 
11 16 10 3 0 
12 15 9 4 0 
11 15 9 5 0 
13 12 5 4 0 
15 10 4 6 0 
16 8 5 6 0 
15 11 6 6 0 
16 13 8 5 0 
22 14 9 5 0 
23 15 9 5 0 
25 14 10 9 0 
24 15 11 10 0 
26 15 12 11 0 
22 19 11 11 0 
20 18 10 10 0 
19 18 9 11 0 
19 19 11 9 0 
20 18 10 9 0 
20 19 9 10 0 
20 17 9 9 0 
22 21 9 9 0 
23 23 11 9 0 
21 24 12 10 0 
22 27 12 10 0 
23 26 14 12 0 
25 28 14 13 0 
26 30 16 12 0 
25 27 15 10 0 
31 31 16 11 0 
28 32 17 13 0 
34 31 16 13 0 
32 36 16 17 0 
28 35 14 18 0 
26 39 17 15 0 
24 45 21 14 0 
21 47 24 13 2 
18 49 28 15 0 
17 46 28 16 0 
18 50 33 15 0 
21 48 31 17 0 
22 46 32 18 0 
20 52 31 19 0 
19 50 32 19 0 
19 54 31 16 0 
19 55 31 16 2 
22 59 38 11 0 
22 61 41 12 0 
20 67 42 13 0 
18 62 42 12 0 
20 62 44 14 0 
19 59 47 12 0 
18 66 52 12 0 
13 71 55 14 0 
14 74 60 16 0 
16 71 58 18 0 
14 74 55 21 0 
16 73 49 22 0 
14 76 60 21 0 
13 75 59 20 0 
11 77 59 21 0 
12 80 54 25 0 
15 84 50 27 2 
12 91 54 31 2 
12 90 58 31 2 
13 87 57 33 0 
13 87 58 35 0 
14 90 61 35 0 
15 86 64 34 0 
16 83 62 33 0 
14 80 65 37 0 
13 83 65 44 0 
16 75 67 52 0 
21 71 67 57 0 
21 67 72 62 0 
22 70 75 66 0 
23 66 79 67 0 
22 66 72 64 0 
20 65 74 60 0 
20 70 78 59 0 
20 70 81 61 0 
19 67 82 67 0 
16 69 83 71 0 
16 72 94 71 0 
17 74 93 65 0 
19 81 102 63 0 
19 85 111 62 0 
21 88 108 55 0 
22 89 118 63 0 
22 92 121 71 0 
19 90 123 74 0 
16 93 125 81 0 
15 94 133 86 3 
13 93 143 88 3 
14 96 140 94 3 
11 101 139 97 0 
12 103 141 107 0 
12 101 143 113 0 
14 109 141 117 0 
14 115 143 122 0 
14 117 150 123 0 
15 116 149 128 0 
16 110 140 131 0 
18 112 146 133 0 
19 110 156 133 0 
16 120 161 139 0 
16 125 162 141 0 
15 120 164 141 0 
14 121 166 139 0 
14 128 168 140 0 
14 119 171 145 0 
16 123 172 150 0 
15 124 184 148 0 
14 123 189 153 0 
16 126 184 153 0 
18 131 174 157 0 
19 122 177 159 0 
22 128 184 160 0 
25 133 188 161 0 
24 136 192 164 0 
23 132 198 164 0 
23 134 196 163 0 
24 134 202 168 0 
22 134 207 172 0 
22 131 210 171 0 
20 135 218 172 0 
21 141 231 170 3 
24 143 231 164 3 
24 150 238 171 3 
24 157 241 170 3 
23 151 249 171 3 
24 156 258 181 3 
22 158 259 175 3 
19 154 270 182 3 
20 153 276 181 3 
19 146 283 184 3 
23 140 292 181 3 
23 139 291 178 3 
22 137 300 181 3 
21 131 306 184 3 
19 134 329 191 3 
18 134 339 198 3 
18 139 340 195 3 
18 142 345 192 3 
20 141 359 185 3 
20 138 365 192 3 
22 136 367 201 3 
18 137 365 210 3 
18 136 369 205 3 
20 141 361 208 3 
19 139 384 208 3 
19 139 382 211 3 
21 140 390 214 3 
24 137 406 213 3 
26 146 411 216 3 
28 147 410 226 3 
30 148 409 217 3 
32 140 410 217 3 
32 142 426 209 3 
33 140 424 215 3 
34 137 432 219 3 
33 144 447 226 3 
29 143 456 226 3 
34 145 465 224 3 
34 144 476 219 3 
31 154 466 214 3 
31 156 446 211 3 
33 162 451 219 3 
33 158 463 224 3 
36 148 460 223 3 
32 160 468 223 3 
33 163 467 226 3 
36 160 463 230 3 
39 159 465 233 3 
38 163 475 229 3 
40 160 473 218 3 
40 159 484 212 3 
41 160 486 212 3 
41 169 494 219 3 
38 173 484 234 3 
38 180 496 239 3 
40 174 492 247 3 
39 173 496 251 3 
38 172 505 256 3 
41 166 509 252 3 
44 172 509 262 3 
48 167 512 266 3 
53 165 513 282 3 
57 161 522 273 3 
61 159 521 269 3 
65 164 517 279 3 
61 172 530 291 3 
58 179 536 289 3 
63 173 516 286 3 
62 177 527 283 3 
69 176 537 278 3 
72 175 539 273 3 
66 179 556 278 3 
64 180 567 284 3 
64 191 567 263 3 
63 192 555 267 3 
63 195 559 263 3 
68 195 561 257 3 
66 200 548 257 3 
66 198 551 263 3 
63 191 553 262 3 
54 182 565 263 3 
57 182 569 266 3 
55 181 559 258 3 
60 186 566 257 3 
58 176 566 274 3 
65 179 564 274 3 
60 189 554 288 3 
59 192 547 281 3 
61 187 553 277 3 
57 195 567 277 3 
59 196 580 286 3 
62 189 582 289 3 
61 188 597 299 3 
59 185 593 295 3 
63 172 588 297 3 
61 168 586 304 3 
60 172 604 323 3 
63 164 603 326 3 
66 161 598 339 3 
73 162 602 343 3 
72 165 607 353 3 
69 164 620 357 3 
71 159 621 374 3 
73 156 638 372 3 
68 161 638 381 3 
70 156 641 389 3 
68 162 667 391 3 
66 169 662 384 3 
65 176 649 386 3 
63 181 662 383 3 
60 181 653 388 3 
63 181 666 385 3 
63 176 670 382 3 
60 177 684 391 3 
60 177 697 392 3 
59 180 729 398 3 
63 178 746 404 3 
62 174 750 404 3 
64 174 737 411 3 
68 172 746 420 3 
66 167 749 421 3 
70 170 761 422 3 
69 160 771 420 3 
74 160 770 419 3 
73 155 775 422 3 
76 152 772 404 3 
77 146 757 400 3 
80 144 753 403 3 
70 131 743 397 3 
64 135 753 403 3 
65 134 738 410 3 
74 135 739 403 3 
73 143 724 414 3 
67 141 721 412 3 
69 137 728 406 3 
65 141 749 412 3 
69 137 747 405 3 
71 131 742 401 3 
71 127 748 412 3 
74 124 765 418 3 
77 130 761 422 3 
72 125 758 433 3 
73 130 753 432 3 
70 127 755 434 3 
73 127 771 446 3 
76 129 798 454 3 
77 138 791 468 3 
75 141 804 487 3 
72 139 786 490 3 
74 135 775 477 3 
78 135 779 483 3 
75 135 777 492 3 
73 131 793 485 3 
67 132 774 473 3 
66 132 785 459 3 
62 133 776 464 3 
64 128 796 464 3 
61 124 795 467 3 
62 130 806 460 3 
63 129 802 469 3 
56 129 797 471 3 
66 130 811 476 3 
67 134 804 475 3 
67 131 807 479 3 
66 135 813 476 3 
64 137 809 469 3 
67 134 811 471 3 
69 130 802 460 3 
68 122 797 457 3 
73 124 804 470 3 
76 127 790 485 3 
84 130 803 505 3 
82 125 801 501 3 
86 122 803 499 3 
85 121 812 479 3 
89 121 798 475 3 
93 117 826 474 3 
91 126 810 483 3 
92 133 803 468 3 
90 134 804 479 3 
90 124 799 492 3 
98 127 799 493 3 
100 123 794 492 3 
95 127 801 500 3 
105 128 808 512 3 
107 133 826 514 3 
105 127 826 518 3 
102 122 821 508 3 
109 126 807 496 3 
104 131 796 500 3 
96 133 812 489 3 
92 135 815 488 3 
103 134 810 492 3 
99 141 817 490 3 
102 137 806 495 3 
98 139 784 474 3 
97 141 780 482 3 
99 143 807 493 3 
97 150 815 502 3 
86 156 818 497 3 
86 151 813 495 3 
82 148 806 496 3 
88 149 801 504 3 
86 141 800 494 3 
87 142 799 493 3 
87 140 791 482 3 
82 141 796 480 3 
73 147 813 480 3 
66 150 815 474 3 
71 152 830 488 3 
71 149 834 499 3 
77 147 837 500 3 
82 147 839 492 3 
80 143 818 502 3 
80 142 811 509 3 
78 142 813 519 3 
82 147 814 508 3 
80 142 803 505 3 
76 141 806 513 3 
75 139 821 511 3 
76 134 808 508 3 
70 129 805 516 3 
75 141 811 492 3 
72 139 813 498 3 
74 141 818 503 3 
72 138 814 491 3 
76 135 819 492 3 
80 144 822 490 3 
79 140 837 484 3 
83 137 820 485 3 
77 136 809 483 3 
82 139 804 472 3 
80 138 797 476 3 
82 139 808 482 3 
76 144 834 495 3 
80 141 840 492 3 
82 140 840 485 3 
92 138 842 489 3 
94 135 857 483 3 
94 143 847 481 3 
95 141 844 485 3 
98 141 866 481 3 
100 135 859 474 3 
93 138 835 467 3 
90 134 838 477 3 
88 129 840 477 3 
87 131 843 486 3 
88 134 843 493 3 
83 138 835 511 3 
85 140 844 521 3 
92 135 832 514 3 
92 136 823 508 3 
91 130 804 507 3 
89 138 809 498 3 
91 145 791 501 3 
88 141 778 514 3 
90 136 778 513 3 
92 140 797 511 3 
91 141 796 521 3 
85 138 797 516 3 
86 133 795 514 3 
79 123 820 497 3 
85 129 839 506 3 
91 130 818 506 3 
100 136 794 498 3 
99 140 788 496 3 
96 144 801 486 3 
91 137 807 485 3 
91 138 815 491 3 
93 137 830 491 3 
98 138 825 489 3 
90 146 838 489 3 
90 139 833 499 3 
95 137 842 493 3 
89 137 824 504 3 
81 137 826 515 3 
88 138 814 504 3 
82 135 809 496 3 
84 133 802 486 3 
84 134 810 485 3 
77 138 810 475 3 
70 135 818 469 3 
70 137 800 469 3 
71 128 803 459 3 
79 127 793 463 3 
76 126 789 481 3 
74 124 784 481 3 
75 123 778 489 3 
75 130 793 478 3 
70 119 795 485 3 
71 128 808 503 3 
80 122 802 509 3 
72 123 781 512 3 
74 117 773 500 3 
78 119 776 510 3 
76 121 779 503 3 
80 118 785 499 3 
82 122 793 507 3 
87 118 799 502 3 
83 118 799 513 3 
82 115 798 514 3 
80 111 801 533 3 
79 109 793 524 3 
79 108 786 524 3 
80 107 815 540 3 
85 112 820 541 3 
87 111 826 543 3 
85 111 834 544 3 
89 119 821 544 3 
83 117 840 525 3 
81 121 839 540 3 
88 126 845 538 3 
84 123 859 550 3 
89 119 860 548 3 
88 109 850 523 3 
84 106 829 516 3 
87 105 823 499 3 
85 114 834 505 3 
86 113 827 498 3 
85 110 842 518 3 
86 116 824 505 3 
91 115 822 493 3 
93 113 806 493 3 
90 110 787 495 3 
84 114 813 498 3 
78 107 801 495 3 
81 100 803 481 3 
80 104 808 475 3 
81 97 786 469 3 
84 92 795 482 3 
81 98 814 488 3 
81 98 811 478 3 
83 94 820 489 3 
91 98 825 472 3 
94 102 861 475 3 
93 106 878 494 3 
87 108 857 501 3 
90 108 845 493 3 
86 108 844 495 3 
83 105 838 491 3 
80 100 836 497 3 
83 98 847 488 3 
81 98 830 492 3 
81 103 842 496 3 
82 102 850 485 3 
84 90 848 504 3 
90 97 850 498 3 
85 96 846 516 3 
80 98 844 507 3 
82 98 855 507 3 
84 96 846 508 3 
79 93 869 507 3 
83 93 869 498 3 
72 92 852 484 3 
71 92 863 494 3 
76 86 848 510 3 
68 87 853 524 3 
68 83 848 533 3 
72 79 850 539 3 
70 80 837 531 3 
69 81 840 527 3 
73 83 831 515 3 
72 82 837 491 3 
69 82 844 494 3 
70 81 845 507 3 
72 80 839 507 3 
72 78 815 501 3 
67 76 826 494 3 
69 81 831 490 3 
73 78 847 506 3 
77 78 863 509 3 
77 78 856 531 3 
83 80 857 552 3 
78 82 865 551 3 
75 81 856 543 3 
81 86 835 523 3 
90 90 843 528 3 
90 92 852 520 3 
91 98 851 521 3 
85 96 850 529 3 
85 94 853 526 3 
84 91 847 540 3 
84 91 844 530 3 
91 93 839 538 3 
93 90 831 530 3 
89 88 820 542 3 
90 83 818 527 3 
97 88 835 536 3 
96 89 829 517 3 
95 91 808 505 3 
99 93 827 521 3 
95 96 836 523 3 
96 96 835 509 3 
96 98 819 523 3 
89 94 824 523 3 
91 89 814 501 3 
86 94 835 492 3 
86 98 835 512 3 
84 96 811 512 3 
84 96 824 505 3 
84 94 821 510 3 
91 93 811 509 3 
90 87 814 528 3 
93 90 815 537 3 
91 87 813 536 3 
100 82 794 530 3 
98 84 794 547 3 
103 84 803 560 3 
104 85 816 564 3 
107 85 822 560 3 
110 88 826 548 3 
112 83 830 530 3 
115 77 823 525 3 
114 73 823 522 3 
110 73 818 532 3 
110 75 822 532 3 
116 71 822 529 3 
112 65 810 530 3 
105 63 804 539 3 
102 65 819 539 3 
108 71 817 545 3 
112 77 838 552 3 
116 82 841 558 3 
105 81 859 542 3 
108 83 871 546 3 
115 83 879 528 3 
109 86 892 525 3 
105 88 881 529 3 
101 87 924 527 3 
100 88 925 526 3 
101 92 939 523 3 
99 96 903 525 3 
95 92 894 531 3 
97 87 880 546 3 
101 80 880 526 3 
96 74 891 517 3 
99 77 909 505 3 
97 79 908 507 3 
98 75 908 508 3 
95 72 901 513 3 
102 67 913 525 3 
94 65 921 511 3 
94 68 906 523 3 
92 73 903 507 3 
90 70 900 521 3 
86 74 912 528 3 
84 71 897 529 3 
92 74 889 512 3 
95 75 910 521 3 
99 76 899 514 3 
94 75 901 531 3 
95 72 888 534 3 
88 65 895 529 3 
89 69 883 527 3 
92 70 897 534 3 
94 68 911 527 3 
84 71 907 539 3 
76 70 911 534 3 
70 67 896 530 3 
75 73 904 528 3 
77 66 913 534 3 
75 68 888 548 3 
75 72 885 549 3 
76 69 899 537 3 
77 71 883 534 3 
80 67 882 544 3 
84 64 889 543 3 
79 75 874 547 3 
80 70 880 543 3 
76 73 896 554 3 
79 69 893 553 3 
79 67 904 550 3 
74 67 913 553 3 
73 66 888 543 3 
78 68 900 556 3 
83 68 894 552 3 
91 68 882 545 3 
90 70 875 537 3 
82 75 890 542 3 
89 73 886 531 3 
101 68 867 526 3 
102 68 870 525 3 
99 68 853 514 3 
94 62 851 506 3 
100 58 842 515 3 
100 59 844 513 3 
107 57 865 512 3 
110 55 857 520 3 
111 56 872 522 3 
114 56 871 535 3 
115 55 884 529 3 
113 54 873 533 3 
115 54 887 521 3 
117 56 893 534 3 
114 56 885 538 3 
121 57 866 542 3 
116 57 851 544 3 
123 59 853 534 3 
129 58 845 524 3 
123 61 839 524 3 
119 57 827 508 3 
118 58 838 534 3 
120 56 832 529 3 
120 56 822 538 3 
117 56 849 563 3 
114 60 857 559 3 
111 62 896 565 3 
106 59 895 570 3 
105 62 891 557 3 
112 68 894 563 3 
112 67 863 569 3 
109 72 874 564 3 
105 67 873 578 3 
106 70 867 550 3 
110 71 857 558 3 
115 70 849 563 3 
112 77 879 571 3 
105 73 881 551 3 
96 70 888 558 3 
99 68 913 549 3 
99 70 903 536 3 
94 69 906 541 3 
99 67 922 536 3 
99 70 923 534 3 
92 71 906 539 3 
90 69 913 556 3 
92 66 889 547 3 
94 60 878 561 3 
91 59 872 576 3 
89 61 869 577 3 
84 60 868 571 3 
78 63 862 578 3 
77 63 842 570 3 
76 63 842 552 3 
76 65 845 557 3 
78 63 853 585 3 
79 62 832 605 3 
73 63 828 606 3 
85 65 838 599 3 
85 62 833 595 3 
81 63 808 612 3 
83 64 812 607 3 
82 61 807 608 3 
81 58 802 608 3 
86 60 830 602 3 
91 63 832 589 3 
90 73 827 610 3 
83 75 827 621 3 
82 82 819 627 3 
79 82 822 618 3 
83 80 822 603 3 
87 79 820 607 3 
88 73 816 630 3 
84 71 817 616 3 
82 70 817 618 3 
81 68 821 639 3 
84 68 829 621 3 
85 71 798 627 3 
89 77 795 627 3 
91 75 800 627 3 
96 68 805 632 3 
94 70 801 632 3 
92 67 805 640 3 
90 63 793 635 3 
97 65 782 599 3 
99 66 760 601 3 
98 67 749 599 3 
96 66 741 608 3 
93 66 750 604 3 
96 68 761 589 3 
97 67 766 579 3 
93 69 759 561 3 
95 70 766 536 3 
93 68 756 545 3 
92 66 746 563 3 
99 69 769 568 3 
97 64 755 569 3 
96 63 759 579 3 
87 55 751 579 3 
86 61 750 568 3 
87 62 752 578 3 
90 66 742 577 3 
81 68 772 596 3 
76 67 777 595 3 
75 65 755 608 3 
76 61 765 596 3 
69 69 747 582 3 
63 65 763 585 3 
63 67 744 595 3 
65 64 753 603 3 
74 64 770 605 3 
77 63 772 604 3 
81 67 787 611 3 
84 69 791 614 3 
89 70 801 606 3 
95 72 794 591 3 
100 78 785 594 3 
97 69 776 606 3 
96 72 763 605 3 
93 75 770 608 3 
99 78 766 590 3 
105 79 754 589 3 
104 80 746 601 3 
103 80 735 594 3 
100 81 746 597 3 
100 71 740 582 3 
94 74 756 574 3 
89 77 764 587 3 
89 77 740 588 3 
89 80 740 586 3 
84 80 744 586 3 
81 87 736 582 3 
81 89 756 579 3 
81 83 729 584 3 
79 84 752 584 3 
82 84 755 594 3 
86 83 767 598 3 
85 86 753 596 3 
82 78 753 581 3 
80 79 759 584 3 
79 81 772 578 3 
75 81 763 579 3 
77 84 765 598 3 
76 81 794 590 3 
79 77 784 604 3 
83 81 795 606 3 
92 87 809 602 3 
90 88 813 594 3 
88 74 802 592 3 
87 75 816 585 3 
87 72 799 582 3 
94 77 808 579 3 
90 79 827 563 3 
87 76 833 579 3 
80 77 849 577 3 
83 81 852 583 3 
84 80 844 587 3 
86 88 847 585 3 
84 89 841 593 3 
93 96 829 606 3 
90 95 840 601 3 
88 95 830 599 3 
86 99 839 607 3 
94 98 848 599 3 
98 106 848 597 3 
100 104 847 596 3 
99 108 842 580 3 
97 103 865 593 3 
89 98 848 583 3 
90 109 848 570 3 
92 113 853 575 3 
91 108 853 589 3 
93 113 862 593 3 
87 109 864 593 3 
83 111 857 596 3 
84 111 823 610 3 
82 115 809 600 3 
76 118 800 606 3 
79 117 801 612 3 
82 122 801 602 3 
77 130 799 588 3 
76 133 789 576 3 
75 132 776 583 3 
76 127 789 596 3 
74 122 778 589 3 
72 124 793 586 3 
77 113 786 582 3 
72 116 786 579 3 
71 115 807 560 3 
76 118 818 550 3 
74 122 821 567 3 
81 120 829 555 3 
83 117 828 559 3 
88 116 835 549 3 
86 115 819 544 3 
86 123 851 519 3 
84 131 848 513 3 
85 130 840 516 3 
87 138 841 527 3 
89 136 851 520 3 
90 138 866 511 3 
86 139 869 489 3 
89 140 854 497 3 
85 142 834 507 3 
85 140 853 507 3 
88 144 869 512 3 
90 144 886 512 3 
92 143 891 511 3 
99 137 899 506 3 
98 143 910 495 3 
99 142 884 493 3 
100 140 882 509 3 
104 136 873 511 3 
100 136 873 505 3 
102 129 869 497 3 
98 129 845 491 3 
104 130 831 507 3 
106 123 835 499 3 
107 119 821 491 3 
101 119 803 482 3 
102 120 806 487 3 
108 123 812 492 3 
98 121 826 497 3 
102 120 826 489 3 
107 117 840 483 3 
106 117 831 462 3 
107 113 847 470 3 
112 115 838 463 3 
115 111 842 459 3 
112 110 854 453 3 
111 113 838 471 3 
106 122 814 468 3 
101 113 825 460 3 
91 108 833 452 3 
91 108 819 458 3 
95 116 825 467 3 
90 121 827 466 3 
91 120 795 477 3 
85 117 825 476 3 
87 109 826 481 3 
92 104 825 495 3 
93 98 810 508 3 
103 91 823 517 3 
101 95 820 522 3 
103 99 800 504 3 
104 104 805 510 3 
95 102 806 496 3 
94 96 794 489 3 
104 99 794 492 3 
107 95 797 497 3 
112 94 789 512 3 
110 94 789 505 3 
108 92 793 496 3 
108 92 787 494 3 
106 89 783 503 3 
111 93 797 506 3 
114 87 778 525 3 
113 89 773 544 3 
112 90 779 537 3 
102 92 768 540 3 
100 98 750 554 3 
99 104 745 542 3 
92 101 740 531 3 
102 98 758 528 3 
98 98 778 540 3 
96 101 779 545 3 
97 101 800 534 3 
93 100 799 549 3 
91 103 794 554 3 
94 104 798 553 3 
93 105 813 556 3 
94 112 805 544 3 
95 121 802 543 3 
92 120 805 531 3 
85 115 805 533 3 
83 114 788 547 3 
91 111 787 547 3 
89 113 780 542 3 
81 113 761 545 3 
82 106 750 553 3 
76 104 753 560 3 
73 109 760 569 3 
82 107 734 554 3 
86 106 733 564 3 
87 110 746 569 3 
88 107 752 571 3 
89 103 773 568 3 
91 103 761 566 3 
82 98 753 568 3 
84 102 776 575 3 
93 101 754 589 3 
98 104 747 572 3 
104 107 740 587 3 
98 105 730 593 3 
97 109 718 591 3 
103 99 737 591 3 
103 85 742 599 3 
99 89 727 595 3 
100 94 729 601 3 
101 93 730 603 3 
96 93 745 608 3 
97 98 731 601 3 
94 91 738 598 3 
87 89 728 599 3 
90 93 741 595 3 
93 93 736 591 3 
90 96 733 603 3 
92 93 714 606 3 
88 88 728 588 3 
91 85 734 583 3 
90 83 745 587 3 
96 77 757 599 3 
95 76 755 599 3 
92 77 750 605 3 
88 75 738 610 3 
84 77 752 604 3 
89 77 753 615 3 
83 76 761 606 3 
82 77 765 617 3 
79 73 759 621 3 
79 71 757 630 3 
78 80 743 621 3 
79 79 725 600 3 
81 77 726 601 3 
84 71 713 589 3 
82 72 721 593 3 
87 74 718 594 3 
97 73 728 596 3 
106 66 719 609 3 
112 69 712 600 3 
113 65 709 599 3 
109 68 718 594 3 
106 69 713 572 3 
103 69 720 598 3 
108 70 737 575 3 
106 68 745 576 3 
104 72 759 573 3 
99 71 762 569 3 
104 72 776 567 3 
100 77 761 571 3 
94 74 765 579 3 
92 70 785 572 3 
90 71 770 578 3 
88 67 771 566 3 
88 63 737 570 3 
79 60 723 588 3 
71 64 716 585 3 
70 65 717 586 3 
75 66 728 593 3 
78 60 748 589 3 
79 60 751 575 3 
78 58 755 586 3 
80 57 759 582 3 
83 54 774 584 3 
83 57 762 585 3 
85 56 752 593 3 
89 56 745 588 3 
90 53 758 570 3 
86 51 776 585 3 
79 51 768 581 3 
78 49 787 583 3 
81 53 806 588 3 
81 52 794 576 3 
80 53 794 577 3 
85 53 802 572 3 
83 59 813 573 3 
83 59 783 574 3 
77 58 791 570 3 
83 62 782 565 3 
87 67 802 560 3 
88 65 813 557 3 
