1 0 0 0 0 
2 0 0 0 0 
3 1 0 0 0 
4 1 0 1 0 
4 1 0 1 0 
4 1 0 4 0 
4 1 1 4 0 
7 1 1 2 0 
7 1 0 1 0 
7 1 0 2 0 
8 2 0 2 0 
9 2 1 2 0 
9 1 2 2 0 
10 1 2 3 0 
11 1 3 5 0 
12 1 6 6 0 
14 1 7 7 0 
15 1 7 11 0 
12 2 8 12 0 
13 1 6 15 0 
14 1 7 15 0 
14 2 8 11 0 
15 2 7 9 0 
15 3 11 8 0 
15 3 10 9 0 
18 4 10 10 0 
19 3 11 13 0 
15 4 11 13 0 
16 3 11 12 0 
17 4 9 13 0 
19 4 10 16 0 
20 4 12 18 0 
18 3 12 19 0 
17 3 15 22 0 
15 4 15 18 0 
15 4 18 12 0 
13 5 22 13 0 
14 5 23 13 0 
15 7 23 13 0 
15 8 25 14 0 
19 9 23 14 0 
21 9 25 14 0 
21 8 26 16 0 
22 8 30 16 0 
20 7 31 19 0 
23 7 35 20 0 
24 6 33 19 0 
24 6 35 18 0 
29 6 38 22 0 
30 6 38 20 0 
29 6 40 24 0 
31 6 44 28 0 
27 6 43 29 0 
27 5 50 28 0 
29 6 49 33 0 
31 7 51 34 0 
34 8 52 32 0 
33 8 47 33 0 
30 7 46 40 0 
28 9 48 40 0 
25 8 50 42 0 
26 7 52 51 0 
26 6 52 54 0 
28 7 57 52 0 
29 7 63 54 0 
33 9 72 59 0 
35 9 74 58 0 
34 11 73 58 0 
34 13 71 59 0 
36 15 71 67 0 
34 15 76 75 0 
32 14 78 76 0 
34 14 77 73 0 
40 12 79 78 0 
44 11 89 81 0 
51 12 97 89 0 
46 9 96 84 0 
47 9 105 85 0 
46 10 113 81 0 
55 10 116 76 3 
55 8 119 74 3 
52 7 120 71 3 
53 8 125 71 3 
50 10 132 73 3 
52 10 134 74 3 
56 9 142 77 3 
56 9 139 77 3 
53 9 140 78 3 
57 10 135 78 3 
56 10 130 88 3 
57 12 129 79 3 
60 14 136 71 3 
65 17 136 75 3 
71 17 137 77 3 
71 18 141 83 3 
70 19 149 88 3 
71 24 151 91 3 
76 28 153 86 3 
72 30 154 81 3 
72 28 150 87 3 
72 30 161 87 3 
66 33 167 91 3 
64 32 177 100 3 
65 31 184 106 3 
65 33 189 110 3 
66 33 192 116 3 
68 35 189 117 3 
68 38 192 116 3 
70 40 194 109 3 
72 42 195 112 3 
71 40 191 109 3 
70 41 196 115 3 
67 32 204 121 3 
70 37 203 122 3 
66 45 201 124 3 
72 47 208 120 3 
74 48 212 136 3 
78 44 212 137 3 
74 45 209 139 3 
85 42 204 141 3 
82 43 205 144 3 
84 39 210 139 3 
91 41 211 146 3 
90 42 206 139 3 
82 44 211 140 3 
84 41 223 148 3 
90 42 220 152 3 
84 42 230 154 3 
84 39 224 160 3 
85 41 225 163 3 
81 40 229 176 3 
82 44 239 176 3 
77 47 254 178 3 
79 47 253 187 3 
75 43 253 186 3 
70 42 254 185 3 
68 42 254 181 3 
67 43 257 178 3 
75 44 258 180 3 
69 43 259 182 3 
67 48 271 180 3 
68 46 283 179 3 
70 50 289 178 3 
68 58 294 183 3 
70 65 299 182 3 
68 63 299 173 3 
67 65 310 164 3 
67 63 321 152 3 
65 65 313 160 3 
67 64 315 155 3 
66 66 310 169 3 
64 68 318 172 3 
69 67 312 182 3 
76 68 318 175 3 
85 75 310 169 3 
91 80 312 175 3 
86 84 314 187 3 
78 87 316 196 3 
77 80 325 188 3 
81 83 335 188 3 
84 81 346 199 3 
81 85 356 199 3 
86 86 360 210 3 
88 79 363 214 3 
94 81 357 208 3 
92 85 367 208 3 
91 81 387 211 3 
90 82 386 213 3 
94 83 399 209 3 
81 88 400 214 3 
80 87 404 224 3 
79 88 401 216 3 
77 87 403 202 3 
87 86 399 206 3 
94 87 400 213 3 
92 86 409 215 3 
94 88 413 217 3 
92 86 430 217 3 
93 85 431 208 3 
93 84 420 204 3 
93 87 438 208 3 
95 83 457 209 3 
94 82 458 209 3 
94 79 469 220 3 
87 84 471 219 3 
83 88 457 227 3 
87 85 444 243 3 
88 86 456 240 3 
86 78 477 243 3 
81 83 471 243 3 
83 89 483 244 3 
82 88 515 249 3 
83 90 511 251 3 
82 96 517 240 3 
89 98 544 241 3 
90 100 535 252 3 
92 99 530 251 3 
89 99 543 256 3 
85 104 568 262 3 
87 102 579 262 3 
92 97 599 251 3 
94 94 616 258 3 
92 94 611 253 3 
97 90 608 252 3 
100 88 610 273 3 
97 83 616 280 3 
99 81 627 271 3 
108 74 629 271 3 
114 76 639 282 3 
118 71 656 284 3 
119 72 643 268 3 
119 73 646 260 3 
124 83 663 275 3 
125 79 665 258 3 
120 79 649 253 3 
116 78 645 267 3 
126 76 630 270 3 
129 79 630 271 3 
123 83 658 279 3 
121 81 643 278 3 
123 83 667 274 3 
117 84 674 291 3 
115 80 698 298 3 
109 79 714 297 3 
98 77 702 309 3 
101 81 706 302 3 
101 80 707 298 3 
100 81 692 310 3 
96 81 713 309 3 
96 71 711 318 3 
94 71 714 324 3 
89 70 716 324 3 
93 71 696 333 3 
90 69 713 347 3 
95 66 714 359 3 
99 73 714 363 3 
101 68 721 356 3 
104 72 735 359 3 
99 73 731 369 3 
95 73 739 382 3 
95 74 726 387 3 
97 78 722 392 3 
95 77 708 404 3 
89 79 703 413 3 
91 79 705 425 3 
95 83 704 421 3 
98 85 712 430 3 
107 90 719 410 3 
104 83 718 409 3 
104 84 714 403 3 
102 80 741 409 3 
99 79 741 424 3 
101 81 762 434 3 
111 84 769 434 3 
110 76 776 436 3 
111 82 772 445 3 
102 85 781 445 3 
94 84 792 446 3 
89 78 803 447 3 
83 77 798 437 3 
82 78 813 442 3 
81 82 831 450 3 
80 86 819 454 3 
79 88 818 469 3 
89 92 808 483 3 
91 95 802 505 3 
94 103 823 497 3 
93 100 819 490 3 
97 90 823 477 3 
99 89 808 480 3 
93 83 794 489 3 
92 81 807 506 3 
98 85 800 507 3 
93 84 779 500 3 
97 79 801 493 3 
89 80 810 510 3 
83 79 801 516 3 
89 78 807 507 3 
91 80 804 520 3 
88 81 835 528 3 
91 80 822 526 3 
95 84 809 544 3 
91 85 838 547 3 
84 88 830 555 3 
78 85 837 540 3 
78 89 855 512 3 
83 84 848 523 3 
85 79 845 517 3 
88 80 854 534 3 
85 84 843 547 3 
90 86 872 553 3 
96 85 887 524 3 
91 88 881 515 3 
94 87 863 528 3 
95 86 856 517 3 
89 83 850 516 3 
82 81 858 509 3 
79 83 851 506 3 
75 79 843 518 3 
77 84 831 523 3 
79 87 829 535 3 
87 83 834 531 3 
79 80 837 542 3 
85 86 827 543 3 
89 90 827 554 3 
93 89 834 554 3 
90 90 831 553 3 
90 88 844 553 3 
88 87 844 566 3 
79 89 865 579 3 
76 80 833 580 3 
77 79 847 569 3 
76 75 842 564 3 
76 72 841 545 3 
77 67 861 549 3 
79 64 858 547 3 
85 63 885 558 3 
81 65 893 569 3 
84 71 886 574 3 
78 73 861 572 3 
83 72 876 560 3 
82 74 874 559 3 
82 78 869 564 3 
81 81 869 549 3 
81 78 863 546 3 
79 77 884 550 3 
81 84 880 562 3 
85 82 898 570 3 
82 81 883 585 3 
86 81 888 570 3 
86 75 877 569 3 
89 73 881 569 3 
78 71 891 573 3 
84 77 896 571 3 
83 74 898 582 3 
79 70 887 577 3 
84 70 906 579 3 
83 67 922 567 3 
81 69 919 559 3 
81 74 900 563 3 
76 69 885 565 3 
79 67 863 563 3 
81 69 856 551 3 
78 67 844 572 3 
80 64 842 584 3 
83 67 847 586 3 
81 70 855 577 3 
89 68 868 587 3 
95 66 880 590 3 
91 72 871 610 3 
95 78 894 599 3 
94 76 897 612 3 
94 76 893 617 3 
85 74 884 615 3 
84 79 876 600 3 
85 80 891 612 3 
77 77 895 611 3 
72 75 912 604 3 
70 78 905 596 3 
71 81 898 578 3 
69 77 872 573 3 
76 75 864 583 3 
72 77 844 564 3 
78 73 827 578 3 
76 73 825 575 3 
74 67 845 563 3 
69 72 846 547 3 
67 68 853 545 3 
67 62 865 556 3 
66 66 865 558 3 
67 67 868 559 3 
71 68 861 548 3 
69 69 872 561 3 
73 71 868 550 3 
71 77 866 553 3 
77 72 872 552 3 
76 69 875 554 3 
74 65 861 543 3 
77 64 846 545 3 
75 66 871 542 3 
82 64 863 539 3 
83 60 877 532 3 
91 60 893 538 3 
93 60 881 520 3 
92 63 884 516 3 
94 68 887 520 3 
91 61 890 524 3 
87 64 903 518 3 
87 68 884 525 3 
80 75 874 506 3 
80 72 884 502 3 
77 71 874 486 3 
73 75 870 501 3 
71 76 858 512 3 
74 80 866 509 3 
71 83 869 496 3 
73 83 882 485 3 
71 84 895 494 3 
72 82 901 484 3 
73 76 888 482 3 
72 84 888 474 3 
72 83 899 480 3 
71 76 909 490 3 
73 80 912 499 3 
76 86 928 496 3 
74 88 932 490 3 
73 89 929 479 3 
76 89 924 478 3 
70 90 934 476 3 
67 94 931 479 3 
68 95 943 491 3 
72 89 935 501 3 
76 91 940 495 3 
71 93 943 501 3 
73 98 955 500 3 
70 101 944 497 3 
69 97 932 494 3 
71 98 935 516 3 
69 97 910 524 3 
74 99 932 526 3 
73 90 914 533 3 
77 91 902 531 3 
73 94 909 540 3 
74 97 906 532 3 
67 96 898 535 3 
61 97 919 557 3 
60 105 936 560 3 
63 106 944 556 3 
67 103 960 547 3 
66 107 955 530 3 
64 97 954 517 3 
65 99 941 530 3 
63 97 909 532 3 
60 99 924 534 3 
65 97 948 524 3 
61 94 946 527 3 
62 94 946 519 3 
63 92 944 526 3 
65 91 951 507 3 
62 87 942 516 3 
58 88 944 503 3 
61 87 958 506 3 
64 86 960 496 3 
58 79 970 491 3 
56 75 992 482 3 
56 77 988 482 3 
54 77 1012 479 3 
57 79 984 479 3 
61 83 990 470 3 
64 81 1009 476 3 
60 82 994 456 3 
58 87 989 457 3 
60 81 1005 460 3 
58 84 983 459 3 
56 83 993 462 3 
58 84 987 461 3 
57 78 975 478 3 
57 77 962 474 3 
60 80 990 457 3 
59 76 988 467 3 
59 79 978 458 3 
67 75 981 444 3 
67 76 995 438 3 
69 80 1001 448 3 
67 80 1002 454 3 
66 85 992 456 3 
67 78 993 462 3 
67 71 1011 458 3 
67 75 1007 459 3 
71 71 1006 463 3 
72 72 1018 462 3 
67 73 1023 455 3 
73 73 1026 461 3 
71 77 1029 471 3 
64 85 1018 453 3 
62 84 997 471 3 
61 84 980 450 3 
54 89 974 441 3 
52 86 994 434 3 
51 88 985 425 3 
52 79 990 408 3 
46 80 971 405 3 
48 77 969 416 3 
50 80 963 416 3 
56 70 955 407 3 
54 70 951 405 3 
52 70 956 400 3 
47 70 957 399 3 
44 65 964 398 3 
48 64 977 392 3 
50 65 968 398 3 
50 56 976 396 3 
49 58 984 407 3 
52 60 987 409 3 
49 60 993 409 3 
50 62 1003 410 3 
56 64 1003 412 3 
55 63 1012 423 3 
52 59 1022 420 3 
56 57 1015 431 3 
56 58 1019 436 3 
59 56 1037 439 3 
58 57 1043 437 3 
61 61 1045 417 3 
63 59 1019 395 3 
60 58 1031 403 3 
59 54 1043 400 3 
65 57 1029 407 3 
66 55 1031 412 3 
64 55 1044 413 3 
63 57 1031 405 3 
63 54 1056 416 3 
63 57 1050 399 3 
61 59 1055 404 3 
63 59 1029 404 3 
67 56 1035 410 3 
71 54 1051 411 3 
69 49 1053 414 3 
66 52 1044 424 3 
65 48 1038 420 3 
62 51 1030 437 3 
65 55 1004 431 3 
67 55 1005 443 3 
64 57 1018 437 3 
67 56 1015 424 3 
66 54 998 418 3 
60 52 999 410 3 
60 53 988 422 3 
59 52 991 416 3 
56 51 1001 418 3 
53 53 995 422 3 
53 51 976 424 3 
54 52 995 412 3 
54 53 1005 412 3 
56 56 1009 416 3 
55 54 1009 424 3 
57 50 1015 418 3 
58 53 1023 428 3 
58 52 1023 429 3 
55 51 1036 434 3 
53 53 999 429 3 
51 54 1005 430 3 
50 47 1006 429 3 
55 50 987 419 3 
54 48 986 423 3 
50 46 997 405 3 
52 45 1017 406 3 
56 44 1028 402 3 
58 43 1032 409 3 
60 44 1032 417 3 
61 45 1019 415 3 
59 47 1014 407 3 
62 50 1003 396 3 
65 48 1012 409 3 
68 48 1020 418 3 
63 49 1020 412 3 
68 48 1033 413 3 
67 47 1018 416 3 
61 45 1005 423 3 
60 52 1006 436 3 
57 52 1021 439 3 
53 56 1037 430 3 
50 58 1030 424 3 
50 55 1021 427 3 
52 47 1000 418 3 
50 48 1004 419 3 
45 51 985 422 3 
44 50 986 433 3 
43 46 998 415 3 
44 46 1002 421 3 
41 44 1022 430 3 
47 44 1024 443 3 
46 45 1020 434 3 
46 47 1010 433 3 
49 41 1022 439 3 
51 40 1024 432 3 
49 42 1035 444 3 
50 41 1029 437 3 
47 42 1049 436 3 
54 40 1048 438 3 
51 39 1044 457 3 
53 41 1032 456 3 
48 41 1017 466 3 
47 45 1000 472 3 
46 49 1000 458 3 
47 45 998 473 3 
46 46 990 473 3 
47 46 1015 460 3 
53 45 1016 455 3 
62 48 1003 445 3 
63 51 1026 440 3 
63 48 1006 420 3 
63 50 994 424 3 
60 58 996 443 3 
63 58 986 447 3 
64 63 980 442 3 
68 65 962 448 3 
66 68 933 463 3 
73 68 932 470 3 
73 69 946 465 3 
73 62 945 461 3 
70 62 962 478 3 
71 61 960 484 3 
75 61 957 477 3 
79 60 976 467 3 
85 59 961 462 3 
82 63 963 458 3 
72 64 961 471 3 
72 62 955 482 3 
67 56 954 482 3 
73 64 960 477 3 
73 59 985 485 3 
76 64 970 478 3 
71 64 951 473 3 
73 69 939 478 3 
75 66 947 484 3 
72 69 961 479 3 
73 70 958 478 3 
75 74 960 461 3 
76 72 964 459 3 
82 75 969 463 3 
78 77 952 472 3 
81 73 957 471 3 
80 70 958 482 3 
77 78 965 486 3 
79 81 956 487 3 
84 78 971 501 3 
82 84 998 493 3 
84 83 1020 486 3 
84 84 1010 501 3 
82 83 1022 488 3 
80 81 994 491 3 
73 80 997 501 3 
73 77 981 507 3 
71 79 980 512 3 
77 77 967 510 3 
71 78 960 510 3 
73 79 992 492 3 
75 79 982 494 3 
75 71 992 472 3 
78 69 982 475 3 
81 67 985 483 3 
76 70 981 482 3 
82 67 982 493 3 
79 69 992 509 3 
78 63 1016 496 3 
73 68 999 478 3 
76 73 1005 478 3 
76 74 997 501 3 
75 75 979 500 3 
71 78 978 498 3 
62 82 982 496 3 
60 80 982 484 3 
62 83 959 488 3 
61 89 957 502 3 
55 85 958 522 3 
53 92 979 536 3 
50 91 981 528 3 
52 98 970 523 3 
54 101 947 504 3 
56 108 950 511 3 
54 103 955 508 3 
56 103 959 506 3 
54 99 952 492 3 
53 103 942 484 3 
51 101 958 482 3 
54 100 964 483 3 
52 102 963 487 3 
48 101 960 488 3 
49 103 974 486 3 
47 106 990 479 3 
47 106 984 479 3 
49 112 985 468 3 
50 109 985 466 3 
49 110 999 449 3 
50 121 1016 425 3 
49 120 1034 440 3 
52 108 1021 447 3 
52 105 1019 452 3 
51 104 993 446 3 
48 106 991 449 3 
45 110 976 442 3 
43 109 966 447 3 
46 111 969 441 3 
42 112 975 452 3 
42 111 981 437 3 
38 108 962 426 3 
41 107 979 431 3 
37 111 996 439 3 
35 115 989 431 3 
34 108 998 430 3 
37 101 1003 436 3 
35 106 1011 427 3 
39 108 1014 407 3 
35 106 1026 402 3 
39 107 1028 401 3 
46 111 1025 412 3 
47 106 1026 416 3 
44 100 1010 419 3 
44 96 1020 437 3 
47 97 1002 434 3 
48 99 991 440 3 
52 98 995 440 3 
61 95 981 447 3 
63 93 992 433 3 
65 88 1002 420 3 
65 91 1015 408 3 
64 87 1002 417 3 
64 82 1009 416 3 
64 80 1048 421 3 
63 76 1012 422 3 
61 81 1019 411 3 
60 81 1013 399 3 
65 73 1016 412 3 
64 73 1011 394 3 
69 71 1007 390 3 
66 71 1003 388 3 
65 69 991 397 3 
67 67 971 382 3 
68 67 966 376 3 
66 64 947 356 3 
67 63 951 372 3 
64 65 960 397 3 
66 58 971 409 3 
66 60 984 409 3 
69 54 980 413 3 
73 56 991 405 3 
65 59 966 416 3 
64 59 994 403 3 
66 60 973 405 3 
66 58 950 404 3 
64 53 968 411 3 
65 54 956 390 3 
70 56 964 380 3 
75 56 958 381 3 
74 62 985 370 3 
75 65 1000 369 3 
80 71 1000 369 3 
81 75 1001 369 3 
86 76 1012 381 3 
85 74 1005 373 3 
83 71 996 380 3 
87 71 994 389 3 
92 71 1008 396 3 
86 68 1023 385 3 
88 69 1015 385 3 
91 68 1016 387 3 
91 73 1006 392 3 
96 71 1016 392 3 
98 78 1014 387 3 
100 75 1017 392 3 
97 71 1009 391 3 
88 70 1000 388 3 
94 70 1005 398 3 
93 64 996 394 3 
81 62 1000 392 3 
87 61 995 367 3 
90 58 1000 357 3 
88 62 985 351 3 
90 63 978 344 3 
92 66 980 362 3 
93 69 1013 368 3 
95 68 1016 374 3 
97 70 1020 386 3 
100 70 1024 396 3 
100 68 1000 393 3 
94 67 998 381 3 
88 65 1012 369 3 
87 64 1014 373 3 
87 71 998 367 3 
92 76 1001 380 3 
87 66 1020 371 3 
80 62 1016 361 3 
86 69 1004 367 3 
88 69 995 358 3 
87 68 989 364 3 
85 73 991 381 3 
89 69 988 390 3 
90 77 986 394 3 
98 77 993 383 3 
95 78 989 373 3 
85 82 984 380 3 
80 78 978 379 3 
76 80 970 390 3 
80 84 958 392 3 
85 86 966 390 3 
81 86 947 392 3 
83 82 938 382 3 
79 82 955 392 3 
79 79 950 370 3 
84 82 954 382 3 
87 85 963 381 3 
82 78 969 398 3 
74 74 961 394 3 
75 72 960 383 3 
79 64 949 379 3 
81 62 945 393 3 
82 60 952 383 3 
88 58 955 379 3 
94 57 960 390 3 
94 57 958 395 3 
95 59 935 409 3 
92 58 912 420 3 
91 54 934 420 3 
93 52 939 415 3 
88 52 936 412 3 
95 52 940 419 3 
92 52 949 434 3 
96 51 954 444 3 
88 55 954 454 3 
86 59 958 450 3 
86 57 965 442 3 
91 55 959 434 3 
98 51 969 448 3 
103 54 976 442 3 
110 52 965 449 3 
108 52 973 442 3 
116 56 963 436 3 
126 61 951 437 3 
121 57 947 431 3 
117 57 929 424 3 
117 55 938 430 3 
118 57 949 441 3 
111 55 954 427 3 
109 57 959 424 3 
114 59 962 435 3 
109 58 959 446 3 
107 52 962 455 3 
112 49 972 450 3 
112 50 971 443 3 
121 51 962 450 3 
127 43 979 454 3 
116 43 959 468 3 
114 40 955 480 3 
114 39 935 478 3 
117 37 941 482 3 
121 37 942 489 3 
120 39 948 477 3 
117 42 944 500 3 
109 40 967 494 3 
108 42 987 492 3 
109 37 977 471 3 
109 34 957 472 3 
116 35 978 468 3 
114 40 974 481 3 
109 38 976 481 3 
103 35 971 481 3 
105 37 975 475 3 
104 36 985 485 3 
104 37 972 470 3 
107 38 996 473 3 
101 36 987 485 3 
104 37 1009 477 3 
105 43 991 480 3 
111 37 1001 478 3 
118 36 984 484 3 
121 38 995 474 3 
119 39 985 477 3 
120 40 1006 481 3 
115 40 980 484 3 
118 35 981 481 3 
112 32 966 489 3 
106 34 966 486 3 
106 33 989 502 3 
101 34 980 516 3 
97 35 972 523 3 
90 30 968 512 3 
85 28 992 510 3 
90 32 997 491 3 
97 32 989 486 3 
94 31 959 489 3 
96 32 962 482 3 
96 31 947 490 3 
92 31 958 473 3 
99 33 952 466 3 
103 32 943 473 3 
104 31 953 464 3 
101 28 938 473 3 
95 31 922 488 3 
94 32 917 483 3 
98 32 918 472 3 
94 37 923 493 3 
97 39 923 498 3 
92 40 919 498 3 
94 44 931 484 3 
97 47 916 503 3 
101 44 906 501 3 
99 42 891 503 3 
101 47 872 492 3 
104 45 899 492 3 
97 47 899 487 3 
102 46 903 500 3 
107 46 929 511 3 
107 43 932 516 3 
104 47 930 501 3 
101 50 915 498 3 
98 48 924 489 3 
95 46 937 485 3 
100 47 922 479 3 
102 52 901 468 3 
105 59 892 472 3 
112 60 887 475 3 
109 57 874 470 3 
116 56 862 477 3 
112 60 855 470 3 
111 63 872 486 3 
113 61 875 489 3 
116 64 874 480 3 
115 70 851 483 3 
110 68 840 481 3 
110 70 844 503 3 
112 68 857 499 3 
108 69 852 505 3 
115 66 841 498 3 
116 62 858 497 3 
112 63 873 510 3 
107 65 893 502 3 
108 65 920 486 3 
116 67 906 494 3 
109 65 929 503 3 
110 70 926 489 3 
110 72 919 485 3 
115 75 931 493 3 
124 77 918 497 3 
122 83 929 491 3 
125 84 927 489 3 
121 90 925 478 3 
120 83 914 462 3 
121 87 919 465 3 
123 83 925 483 3 
131 84 910 488 3 
127 84 909 486 3 
125 81 899 479 3 
128 80 876 489 3 
128 81 881 496 3 
130 73 885 488 3 
125 65 902 487 3 
130 69 905 506 3 
130 70 901 510 3 
118 73 884 522 3 
125 70 898 524 3 
133 70 890 504 3 
130 74 897 493 3 
137 76 878 486 3 
135 70 876 490 3 
141 67 888 487 3 
136 73 896 491 3 
134 78 895 480 3 
127 79 928 477 3 
134 78 939 473 3 
137 76 901 477 3 
142 76 904 486 3 
139 78 914 486 3 
134 76 908 475 3 
132 76 885 467 3 
136 75 878 463 3 
129 78 890 460 3 
131 73 883 472 3 
129 74 865 460 3 
120 69 861 454 3 
129 70 861 460 3 
130 72 870 462 3 
131 63 874 463 3 
134 65 859 464 3 
137 66 859 458 3 
136 65 870 469 3 
142 58 872 468 3 
144 55 875 460 3 
142 54 876 459 3 
137 52 878 463 3 
137 53 848 449 3 
133 52 839 444 3 
132 48 837 438 3 
130 49 804 438 3 
131 45 798 449 3 
128 43 796 445 3 
126 46 799 433 3 
127 46 806 440 3 
131 49 824 447 3 
136 51 812 464 3 
139 51 807 461 3 
141 56 828 472 3 
134 60 833 480 3 
133 60 849 478 3 
141 63 846 495 3 
142 62 838 499 3 
144 67 837 502 3 
144 68 815 494 3 
142 68 833 489 3 
149 68 844 475 3 
151 65 846 470 3 
146 65 846 468 3 
144 66 866 464 3 
147 72 838 450 3 
146 70 842 464 3 
145 72 851 442 3 
133 70 838 436 3 
135 69 833 445 3 
149 73 829 449 3 
143 70 826 448 3 
