1 0 0 0 0 
1 0 0 0 0 
1 0 0 1 0 
1 0 0 1 0 
1 1 0 1 0 
2 2 0 1 0 
2 2 0 2 0 
2 2 0 3 0 
2 4 0 2 0 
4 4 0 2 0 
4 4 2 3 0 
3 6 2 3 0 
5 7 2 2 0 
5 8 2 3 0 
5 7 2 3 0 
6 7 1 4 0 
6 6 2 4 0 
8 7 3 5 0 
7 8 4 6 0 
7 7 5 6 0 
6 6 4 7 0 
5 5 4 8 0 
3 7 4 11 0 
5 7 4 12 0 
3 8 3 13 0 
3 10 2 14 0 
3 10 1 15 0 
5 10 1 17 0 
5 10 1 16 0 
5 10 1 16 0 
5 9 2 16 0 
6 9 2 15 0 
6 10 2 18 0 
6 10 2 17 0 
6 11 2 18 0 
6 12 4 21 0 
7 11 4 21 0 
8 13 3 24 0 
9 12 4 21 0 
8 13 5 21 0 
10 13 6 19 0 
10 15 6 20 0 
11 17 7 21 0 
12 16 10 18 0 
11 15 8 17 0 
13 16 7 17 0 
13 17 8 18 0 
10 21 9 16 0 
10 23 11 15 0 
9 24 14 13 0 
8 25 16 13 0 
8 24 19 14 0 
11 25 17 14 0 
11 28 17 17 0 
12 30 21 17 0 
12 28 25 23 0 
13 28 28 22 0 
12 29 27 25 0 
10 32 31 25 0 
8 34 29 24 0 
8 34 33 21 0 
8 37 31 19 0 
8 32 32 17 0 
10 31 31 20 0 
9 28 34 23 0 
9 29 35 26 0 
9 32 39 27 0 
10 32 39 25 0 
9 32 40 29 0 
11 32 45 34 0 
13 30 52 36 0 
14 30 53 37 0 
13 37 54 39 0 
13 41 50 37 0 
13 39 52 38 0 
16 38 56 39 0 
17 37 65 45 0 
19 40 61 44 0 
19 42 59 39 0 
21 38 52 42 0 
21 36 54 44 0 
19 36 58 44 0 
19 33 58 45 0 
23 32 64 43 0 
22 32 60 50 0 
23 31 63 53 0 
19 30 65 59 0 
17 27 70 59 0 
15 27 71 61 0 
15 28 74 64 0 
15 29 73 60 0 
17 28 74 63 0 
16 25 83 62 0 
16 26 80 63 0 
17 27 89 63 0 
17 26 94 65 0 
17 29 90 62 0 
20 25 89 62 0 
20 26 94 69 0 
20 21 106 79 0 
18 22 108 79 0 
16 22 122 82 3 
15 22 131 81 3 
15 21 122 75 3 
16 25 123 75 3 
18 27 127 71 3 
21 26 125 75 3 
22 33 124 80 3 
21 36 126 85 3 
19 38 126 88 3 
18 40 135 96 0 
20 39 132 101 0 
18 37 152 104 3 
18 39 155 109 3 
19 40 166 111 3 
20 40 159 110 3 
21 39 170 112 3 
23 40 171 115 3 
22 40 165 116 3 
21 39 167 114 3 
27 43 179 111 3 
28 42 181 116 3 
25 43 183 117 3 
28 44 199 116 3 
30 40 200 110 3 
31 41 197 111 3 
32 41 200 112 3 
31 38 206 110 3 
29 41 198 116 3 
28 40 203 110 3 
30 41 205 116 3 
29 40 208 116 3 
27 42 197 118 3 
29 42 200 110 3 
31 43 205 109 3 
32 41 212 112 3 
33 42 216 116 3 
30 44 217 122 3 
34 45 214 121 3 
36 43 214 117 3 
35 44 210 120 3 
40 40 216 118 3 
41 41 222 124 3 
41 42 227 137 3 
44 48 226 141 3 
45 47 230 146 3 
46 50 236 142 3 
41 54 247 143 3 
41 63 252 149 3 
41 68 262 142 3 
42 64 254 137 3 
45 57 262 135 3 
42 57 261 138 3 
45 63 271 138 3 
45 69 271 137 3 
44 67 274 134 3 
42 63 269 138 3 
42 66 273 151 3 
41 60 273 162 3 
40 56 271 163 3 
39 55 265 161 3 
38 61 269 160 3 
39 57 269 164 3 
39 57 290 168 3 
36 57 303 167 3 
37 56 322 163 3 
40 59 326 164 3 
44 58 319 174 3 
46 57 335 179 3 
48 57 344 176 3 
45 58 356 170 3 
45 63 366 178 3 
45 64 382 181 3 
42 60 375 186 3 
42 58 398 188 3 
40 60 407 182 3 
39 60 399 182 3 
41 61 399 184 3 
44 59 417 192 3 
48 63 418 188 3 
52 65 423 183 3 
53 60 436 191 3 
53 58 440 198 3 
55 62 452 207 3 
55 61 448 199 3 
48 59 446 198 3 
50 58 437 208 3 
51 63 450 216 3 
48 69 449 217 3 
43 66 453 223 3 
44 70 451 219 3 
48 70 458 218 3 
52 73 478 220 3 
52 79 485 228 3 
52 82 490 225 3 
49 83 500 237 3 
50 87 514 253 3 
53 88 521 261 3 
52 89 534 265 3 
49 93 537 267 3 
54 93 524 276 3 
57 93 525 272 3 
55 92 523 291 3 
54 91 534 288 3 
57 90 545 299 3 
57 82 532 304 3 
57 88 526 302 3 
58 86 527 290 3 
56 88 522 303 3 
62 86 517 301 3 
69 80 530 309 3 
67 80 545 324 3 
68 84 535 309 3 
74 81 557 316 3 
78 82 555 319 3 
78 82 564 326 3 
82 85 576 324 3 
84 88 559 329 3 
81 91 556 325 3 
85 96 563 332 3 
82 95 554 333 3 
80 93 553 333 3 
74 91 567 333 3 
77 86 585 341 3 
76 82 583 336 3 
79 93 576 341 3 
84 90 592 349 3 
89 79 600 353 3 
90 80 604 348 3 
96 76 617 355 3 
97 77 616 359 3 
107 83 620 354 3 
102 84 617 351 3 
99 78 630 355 3 
105 79 647 358 3 
103 83 663 356 3 
100 83 657 364 3 
103 80 666 346 3 
95 83 666 344 3 
92 87 683 347 3 
94 86 686 351 3 
96 83 708 340 3 
94 83 724 335 3 
102 78 732 337 3 
102 80 701 336 3 
101 76 689 350 3 
106 74 705 344 3 
90 77 712 343 3 
95 75 715 349 3 
100 76 694 368 3 
100 81 700 372 3 
96 84 690 389 3 
93 84 697 393 3 
86 86 685 409 3 
79 93 678 392 3 
87 86 704 402 3 
85 84 718 401 3 
76 85 736 411 3 
80 82 731 400 3 
79 85 738 417 3 
83 90 759 422 3 
88 82 743 429 3 
83 82 748 425 3 
83 84 754 435 3 
87 86 750 426 3 
87 86 769 413 3 
83 87 745 423 3 
85 92 753 412 3 
83 87 771 425 3 
84 87 771 419 3 
79 84 778 429 3 
82 91 779 434 3 
89 95 786 435 3 
87 88 783 433 3 
88 92 788 433 3 
89 88 772 418 3 
93 96 760 420 3 
93 97 757 419 3 
91 100 759 426 3 
93 99 760 413 3 
93 94 754 394 3 
102 88 758 404 3 
93 86 756 400 3 
96 91 743 403 3 
100 94 751 402 3 
94 95 743 411 3 
89 94 741 416 3 
92 94 765 416 3 
90 100 779 400 3 
88 92 772 406 3 
93 82 766 398 3 
104 77 761 394 3 
99 78 761 402 3 
100 82 752 392 3 
98 84 759 398 3 
99 79 757 418 3 
94 80 752 414 3 
95 81 738 410 3 
93 85 729 400 3 
96 86 724 409 3 
103 83 736 415 3 
100 82 710 420 3 
117 87 727 424 3 
120 88 741 450 3 
123 94 736 444 3 
125 95 738 442 3 
127 96 742 449 3 
128 91 751 457 3 
125 97 742 473 3 
131 96 755 488 3 
133 101 758 476 3 
136 97 770 462 3 
129 98 767 471 3 
130 96 777 468 3 
132 97 774 484 3 
126 99 739 485 3 
124 92 735 490 3 
130 97 738 485 3 
129 95 741 496 3 
130 97 739 498 3 
138 95 716 505 3 
135 92 733 503 3 
141 95 751 501 3 
141 94 763 507 3 
142 96 754 496 3 
146 102 759 504 3 
147 107 750 505 3 
145 106 754 502 3 
144 102 754 495 3 
144 98 730 499 3 
147 94 739 496 3 
140 90 742 494 3 
139 89 749 494 3 
147 95 745 498 3 
151 91 760 500 3 
158 94 763 500 3 
157 94 761 509 3 
151 82 781 511 3 
149 82 766 520 3 
147 83 777 518 3 
146 85 768 532 3 
145 85 781 533 3 
146 87 788 542 3 
143 82 779 545 3 
141 84 775 552 3 
141 86 789 558 3 
142 88 797 547 3 
143 84 799 555 3 
139 85 811 552 3 
132 83 821 554 3 
127 81 831 546 3 
127 84 827 529 3 
129 83 797 531 3 
126 78 802 520 3 
131 74 810 521 3 
133 76 809 524 3 
133 76 839 520 3 
133 78 839 508 3 
132 78 834 522 3 
143 77 828 516 3 
147 71 835 524 3 
147 72 830 512 3 
148 68 823 516 3 
157 70 835 502 3 
152 72 857 524 3 
146 74 841 510 3 
148 73 844 522 3 
147 77 846 507 3 
147 76 841 513 3 
143 76 829 521 3 
149 74 847 520 3 
149 70 850 515 3 
154 77 829 510 3 
146 86 829 514 3 
150 88 821 531 3 
152 85 847 521 3 
142 90 856 503 3 
139 90 840 497 3 
135 87 850 494 3 
135 94 829 507 3 
139 93 825 505 3 
144 87 838 512 3 
136 84 840 505 3 
134 75 848 515 3 
137 76 848 507 3 
146 74 832 518 3 
144 67 828 520 3 
141 66 843 520 3 
146 63 845 513 3 
139 62 859 508 3 
147 57 876 522 3 
146 49 872 534 3 
157 48 884 534 3 
152 49 870 550 3 
149 49 885 538 3 
156 48 876 543 3 
156 54 873 554 3 
163 55 882 557 3 
165 52 880 549 3 
165 50 866 572 3 
161 46 836 574 3 
160 50 827 580 3 
150 46 820 567 3 
157 44 816 558 3 
160 44 828 549 3 
159 50 807 546 3 
160 46 805 535 3 
167 47 799 550 3 
159 47 802 550 3 
161 51 804 535 3 
158 55 813 541 3 
165 52 800 535 3 
162 54 807 537 3 
170 55 800 526 3 
168 54 811 530 3 
173 55 816 528 3 
165 55 801 524 3 
157 55 792 524 3 
160 59 786 518 3 
162 55 797 532 3 
166 54 804 526 3 
169 55 790 521 3 
166 55 780 523 3 
167 53 785 531 3 
174 48 792 533 3 
171 48 781 532 3 
171 50 788 531 3 
174 54 787 542 3 
176 57 776 545 3 
174 63 784 539 3 
166 61 763 534 3 
159 61 761 550 3 
157 60 765 556 3 
154 67 748 550 3 
158 63 757 552 3 
162 67 758 538 3 
158 66 771 542 3 
151 66 771 554 3 
157 65 772 541 3 
153 60 789 545 3 
157 58 797 541 3 
156 60 815 550 3 
153 59 805 552 3 
150 57 809 552 3 
156 59 799 553 3 
154 56 793 547 3 
154 56 806 558 3 
159 58 802 571 3 
163 51 786 576 3 
161 48 794 574 3 
167 45 782 568 3 
179 47 796 572 3 
175 45 792 567 3 
171 48 794 586 3 
172 48 798 579 3 
173 51 785 601 3 
163 56 778 612 3 
162 50 788 621 3 
157 51 793 620 3 
158 45 785 609 3 
154 43 773 616 3 
145 38 762 609 3 
149 31 763 605 3 
149 34 781 597 3 
146 31 780 592 3 
152 31 782 588 3 
148 34 795 594 3 
145 35 781 586 3 
151 33 768 584 3 
152 36 773 584 3 
151 43 783 564 3 
145 46 772 577 3 
134 46 767 587 3 
135 44 767 575 3 
130 47 759 588 3 
129 44 763 583 3 
129 41 772 560 3 
131 43 769 569 3 
133 44 771 551 3 
134 47 773 542 3 
134 48 767 572 3 
125 49 773 582 3 
128 47 782 578 3 
132 48 778 576 3 
133 46 788 574 3 
141 50 766 548 3 
149 49 773 566 3 
144 57 769 555 3 
135 57 771 555 3 
136 57 770 557 3 
137 54 765 560 3 
145 49 770 574 3 
147 44 761 561 3 
155 42 742 568 3 
153 45 746 589 3 
150 48 751 582 3 
161 50 741 566 3 
161 51 748 568 3 
159 54 740 561 3 
166 55 757 563 3 
173 56 765 567 3 
177 55 741 568 3 
175 50 767 586 3 
177 53 770 590 3 
182 51 743 591 3 
180 49 747 595 3 
188 51 743 592 3 
173 50 754 602 3 
177 48 765 591 3 
177 46 771 602 3 
174 49 758 592 3 
179 50 732 593 3 
187 49 726 590 3 
187 51 740 593 3 
189 55 750 579 3 
192 53 755 572 3 
185 52 762 569 3 
184 56 732 568 3 
178 53 734 565 3 
182 53 751 558 3 
192 57 734 558 3 
194 58 738 552 3 
189 64 729 564 3 
188 64 726 566 3 
189 65 742 579 3 
205 67 730 600 3 
195 65 746 601 3 
191 67 723 588 3 
187 69 736 579 3 
178 61 735 596 3 
180 60 735 598 3 
180 63 745 580 3 
186 64 745 588 3 
183 66 765 592 3 
179 65 746 597 3 
179 62 745 612 3 
178 59 732 599 3 
176 58 733 617 3 
181 60 734 600 3 
183 62 748 597 3 
180 64 745 601 3 
174 64 744 596 3 
182 63 742 596 3 
183 62 747 593 3 
178 60 735 604 3 
159 60 749 593 3 
157 57 762 587 3 
156 56 760 588 3 
156 58 762 592 3 
165 62 733 596 3 
166 62 719 610 3 
165 59 717 615 3 
160 60 720 612 3 
162 66 715 591 3 
169 67 716 604 3 
169 65 713 596 3 
159 67 718 596 3 
160 68 717 581 3 
159 65 703 567 3 
155 59 717 583 3 
148 59 718 582 3 
151 59 702 589 3 
147 65 704 578 3 
149 72 702 583 3 
147 67 724 587 3 
151 69 711 579 3 
155 66 704 577 3 
159 76 715 568 3 
152 72 731 545 3 
155 70 716 556 3 
154 70 724 558 3 
154 72 730 561 3 
158 73 726 571 3 
152 74 715 580 3 
149 75 720 573 3 
152 77 718 565 3 
149 76 701 570 3 
152 69 703 568 3 
156 72 704 558 3 
154 73 711 555 3 
143 66 723 554 3 
139 61 700 553 3 
134 63 720 543 3 
138 69 727 542 3 
140 71 731 533 3 
139 75 743 547 3 
139 76 735 527 3 
138 76 771 520 3 
136 80 781 531 3 
136 75 795 535 3 
137 75 773 547 3 
143 68 779 549 3 
143 68 787 552 3 
146 65 785 562 3 
154 64 780 562 3 
148 62 774 563 3 
145 61 767 584 3 
150 62 756 578 3 
147 65 738 581 3 
143 72 736 567 3 
143 76 724 551 3 
143 81 702 540 3 
142 78 701 534 3 
138 82 702 532 3 
145 80 722 550 3 
142 86 728 565 3 
140 82 747 579 3 
144 81 738 577 3 
144 86 750 591 3 
135 81 752 585 3 
131 84 740 567 3 
131 89 732 570 3 
126 92 751 563 3 
129 93 748 556 3 
135 91 756 550 3 
137 86 775 541 3 
132 79 793 538 3 
122 81 781 529 3 
121 81 794 531 3 
114 77 795 528 3 
114 81 796 526 3 
115 76 797 516 3 
117 79 802 537 3 
119 87 795 551 3 
128 84 805 544 3 
123 78 796 550 3 
122 78 786 546 3 
126 79 797 544 3 
127 79 805 530 3 
126 81 818 542 3 
132 83 801 546 3 
124 86 810 535 3 
125 79 805 537 3 
128 78 811 548 3 
122 71 799 558 3 
113 73 794 556 3 
111 72 798 564 3 
115 73 787 555 3 
115 72 772 540 3 
116 70 785 548 3 
114 67 787 561 3 
118 63 769 583 3 
113 66 771 589 3 
112 67 778 598 3 
120 71 779 593 3 
124 67 766 572 3 
121 68 786 592 3 
127 67 817 564 3 
119 63 832 551 3 
131 59 823 556 3 
122 58 818 553 3 
120 60 820 544 3 
122 62 833 565 3 
130 65 825 557 3 
135 61 821 550 3 
125 54 816 550 3 
123 53 817 544 3 
121 52 815 534 3 
123 49 836 535 3 
126 44 843 533 3 
133 50 835 536 3 
136 52 819 526 3 
133 59 819 539 3 
138 68 812 537 3 
136 74 815 543 3 
137 64 826 529 3 
131 59 817 545 3 
134 63 818 542 3 
137 56 811 521 3 
134 53 831 528 3 
135 57 824 518 3 
141 52 836 527 3 
135 47 814 528 3 
132 52 824 531 3 
123 55 835 517 3 
122 61 833 509 3 
120 58 825 500 3 
125 52 835 499 3 
117 52 830 507 3 
112 55 834 504 3 
110 52 824 492 3 
108 54 828 487 3 
112 55 802 501 3 
118 52 819 510 3 
108 53 822 509 3 
106 53 824 511 3 
104 53 837 508 3 
110 47 850 512 3 
118 46 854 517 3 
111 41 852 519 3 
111 44 854 511 3 
123 44 866 493 3 
129 40 864 476 3 
137 40 870 479 3 
142 38 867 486 3 
137 38 867 476 3 
136 40 869 492 3 
143 39 873 497 3 
141 39 873 488 3 
139 41 873 496 3 
138 42 876 494 3 
135 41 879 506 3 
128 42 891 501 3 
126 42 877 509 3 
128 46 872 500 3 
130 46 861 487 3 
129 45 859 485 3 
125 48 860 461 3 
126 50 857 465 3 
124 48 856 469 3 
126 48 854 460 3 
127 50 869 467 3 
127 51 866 463 3 
123 48 856 467 3 
126 51 843 464 3 
125 54 865 459 3 
121 59 830 472 3 
121 56 871 480 3 
124 57 877 481 3 
123 53 898 483 3 
121 53 894 483 3 
128 52 900 479 3 
126 48 877 482 3 
133 50 867 472 3 
136 49 873 482 3 
134 47 863 458 3 
140 49 861 462 3 
139 45 872 459 3 
140 45 877 445 3 
137 47 882 441 3 
130 49 882 451 3 
131 46 879 434 3 
134 46 881 437 3 
131 49 904 438 3 
128 51 916 452 3 
131 55 923 468 3 
131 59 942 477 3 
133 61 935 481 3 
135 57 926 497 3 
139 58 921 507 3 
143 59 918 503 3 
136 61 911 506 3 
133 60 905 510 3 
132 64 909 513 3 
129 64 915 521 3 
120 66 907 528 3 
132 63 907 512 3 
130 64 934 504 3 
135 60 943 490 3 
134 59 949 509 3 
131 55 953 497 3 
136 52 949 499 3 
139 51 913 497 3 
147 53 901 505 3 
139 49 907 513 3 
147 47 918 504 3 
148 41 917 501 3 
148 39 882 506 3 
146 39 880 512 3 
146 41 893 512 3 
147 43 904 507 3 
140 46 886 510 3 
141 46 879 505 3 
140 47 898 507 3 
139 48 900 522 3 
152 42 902 511 3 
157 41 877 507 3 
160 45 891 496 3 
164 45 883 494 3 
156 43 881 499 3 
146 47 886 517 3 
152 50 871 517 3 
153 51 891 508 3 
155 57 880 510 3 
161 61 882 503 3 
156 63 872 487 3 
154 62 848 481 3 
147 58 828 471 3 
148 59 841 472 3 
148 64 837 473 3 
149 53 834 473 3 
146 51 842 475 3 
147 52 838 495 3 
141 54 835 488 3 
144 54 833 491 3 
134 53 810 493 3 
134 55 802 500 3 
135 50 811 491 3 
133 53 836 494 3 
128 53 832 486 3 
125 52 841 489 3 
125 50 837 493 3 
123 50 855 478 3 
121 55 859 461 3 
119 56 849 472 3 
118 57 849 465 3 
111 57 868 465 3 
116 54 866 482 3 
114 55 869 505 3 
110 44 878 515 3 
109 47 900 502 3 
106 47 885 497 3 
112 45 904 500 3 
111 49 900 485 3 
109 50 904 492 3 
109 54 895 485 3 
105 57 892 489 3 
102 54 912 484 3 
99 55 910 481 3 
94 57 917 480 3 
91 56 889 462 3 
88 57 883 475 3 
85 57 873 486 3 
92 65 852 487 3 
89 63 859 482 3 
88 61 865 485 3 
93 58 856 481 3 
93 64 857 469 3 
89 64 850 483 3 
83 68 842 489 3 
86 70 853 484 3 
83 77 874 472 3 
84 73 880 466 3 
80 75 890 473 3 
78 75 868 491 3 
74 78 877 512 3 
74 76 874 524 3 
80 79 864 532 3 
78 78 842 524 3 
77 85 838 511 3 
74 89 857 502 3 
69 82 863 491 3 
72 82 858 492 3 
75 78 885 488 3 
72 80 897 494 3 
74 86 886 497 3 
69 83 893 506 3 
66 89 894 522 3 
64 95 892 512 3 
59 98 905 505 3 
59 103 919 501 3 
61 98 920 507 3 
61 97 895 503 3 
68 102 896 494 3 
68 103 880 492 3 
72 103 894 489 3 
69 100 876 488 3 
70 92 892 485 3 
64 97 863 483 3 
67 98 867 487 3 
68 99 890 496 3 
73 99 877 511 3 
78 94 874 526 3 
84 90 868 527 3 
77 93 869 521 3 
76 100 883 518 3 
71 102 890 505 3 
69 98 879 501 3 
64 101 894 503 3 
62 100 901 510 3 
63 96 899 514 3 
62 91 885 504 3 
61 92 882 510 3 
60 90 883 529 3 
57 91 863 528 3 
60 85 871 518 3 
53 80 877 515 3 
56 75 866 495 3 
54 75 880 507 3 
55 72 883 504 3 
58 69 880 511 3 
60 67 882 515 3 
61 68 858 506 3 
58 70 868 518 3 
67 69 879 504 3 
75 70 890 488 3 
79 68 897 495 3 
78 72 876 471 3 
74 70 884 490 3 
75 64 870 509 3 
76 64 828 507 3 
85 67 809 515 3 
81 65 835 514 3 
83 68 833 519 3 
84 67 856 522 3 
84 68 851 532 3 
83 66 840 543 3 
82 69 832 528 3 
92 65 819 532 3 
92 66 816 522 3 
83 68 809 529 3 
91 73 796 522 3 
90 71 798 512 3 
94 73 815 519 3 
96 76 813 536 3 
100 76 813 526 3 
99 69 807 530 3 
98 69 820 530 3 
96 74 822 528 3 
90 73 831 516 3 
90 72 815 517 3 
89 73 822 522 3 
93 74 839 519 3 
99 79 829 514 3 
101 83 836 517 3 
95 96 838 513 3 
102 91 827 495 3 
101 91 823 483 3 
96 90 836 475 3 
99 85 822 478 3 
96 87 846 486 3 
90 84 832 482 3 
98 88 831 486 3 
104 91 830 496 3 
99 94 816 507 3 
101 94 832 502 3 
98 96 830 491 3 
95 98 820 487 3 
96 101 808 480 3 
91 98 822 496 3 
94 97 819 475 3 
102 92 826 471 3 
103 84 824 471 3 
101 83 833 482 3 
97 84 830 489 3 
98 84 817 500 3 
102 85 802 516 3 
100 80 805 517 3 
88 80 808 521 3 
91 81 802 517 3 
96 85 798 507 3 
91 88 811 510 3 
88 85 791 497 3 
90 77 791 508 3 
99 70 793 499 3 
95 68 796 507 3 
100 71 810 503 3 
106 69 820 504 3 
105 71 834 496 3 
109 71 850 493 3 
110 64 836 503 3 
106 66 843 519 3 
107 69 836 514 3 
105 68 836 520 3 
110 71 849 523 3 
105 73 855 526 3 
107 67 864 531 3 
113 65 885 531 3 
106 65 892 541 3 
109 64 878 533 3 
104 64 868 531 3 
104 67 871 520 3 
102 65 863 513 3 
94 66 866 534 3 
91 65 872 533 3 
89 68 887 528 3 
87 69 876 523 3 
91 69 857 531 3 
96 73 850 528 3 
92 72 837 535 3 
85 71 845 559 3 
84 66 846 553 3 
81 68 837 563 3 
90 67 845 551 3 
89 69 821 556 3 
87 66 825 552 3 
90 72 806 542 3 
88 73 815 549 3 
83 78 828 547 3 
82 80 826 538 3 
77 77 842 539 3 
78 79 838 544 3 
72 82 833 549 3 
72 82 832 559 3 
71 81 824 562 3 
69 80 817 580 3 
68 83 839 582 3 
77 80 830 585 3 
76 84 827 571 3 
79 83 826 567 3 
69 82 817 565 3 
70 76 820 561 3 
71 78 828 562 3 
75 82 811 569 3 
80 83 814 574 3 
79 81 821 583 3 
80 81 821 569 3 
85 76 828 564 3 
89 75 820 556 3 
96 75 813 546 3 
91 74 839 544 3 
94 73 870 543 3 
87 78 875 541 3 
87 82 851 547 3 
87 81 856 545 3 
87 80 867 541 3 
95 84 886 542 3 
100 83 893 530 3 
102 78 881 524 3 
95 80 884 535 3 
