0 0 0 1 0 
1 0 0 1 0 
1 1 0 1 0 
2 1 0 1 0 
5 1 0 1 0 
7 1 0 1 0 
7 1 0 1 0 
7 2 0 1 0 
6 2 0 2 0 
7 2 0 2 0 
10 2 0 2 0 
10 1 0 2 0 
11 2 0 2 0 
10 2 0 3 0 
9 2 0 3 0 
8 3 0 3 0 
8 4 1 3 0 
9 4 2 3 0 
9 5 1 2 0 
10 6 1 3 0 
11 6 1 3 0 
8 6 2 3 0 
6 5 4 3 0 
7 4 6 3 0 
7 5 7 4 0 
5 5 8 5 0 
3 6 9 6 0 
3 5 10 9 0 
4 6 12 11 0 
5 6 14 12 0 
5 5 13 13 0 
5 5 11 11 0 
6 4 15 12 0 
6 6 18 12 0 
7 5 17 11 0 
8 5 19 10 0 
10 5 18 8 0 
13 5 19 11 0 
14 3 19 11 0 
16 3 22 11 0 
14 4 19 14 0 
15 4 19 12 0 
20 4 22 15 0 
20 3 22 16 0 
19 5 21 20 0 
18 6 21 26 0 
20 6 27 26 0 
19 4 28 27 0 
21 3 31 25 0 
22 3 38 24 0 
28 4 38 25 0 
27 3 40 26 0 
28 4 40 29 0 
30 4 37 32 0 
27 4 36 34 0 
27 5 40 36 0 
24 7 39 41 0 
24 7 40 39 0 
30 6 41 39 0 
30 8 42 44 0 
29 8 44 47 0 
29 8 53 47 0 
26 6 50 50 0 
30 6 51 55 0 
30 7 47 55 0 
32 6 49 55 0 
32 7 47 60 0 
35 8 51 57 0 
37 9 49 58 0 
39 9 56 63 0 
38 9 56 62 0 
36 9 59 64 0 
38 9 66 60 0 
40 7 64 62 0 
40 7 67 68 0 
39 7 68 67 0 
38 7 68 67 0 
40 7 73 66 0 
42 5 72 66 0 
43 7 77 73 0 
49 7 74 73 0 
50 5 79 79 0 
49 6 85 77 0 
49 6 89 75 0 
47 6 93 80 0 
47 6 97 82 0 
47 6 97 83 0 
47 6 99 88 0 
48 9 103 90 0 
48 10 103 92 0 
46 13 101 89 0 
42 14 112 92 0 
44 17 109 92 0 
46 17 107 94 0 
49 18 107 100 0 
47 19 117 108 0 
48 19 123 114 0 
46 18 133 118 0 
48 19 136 121 0 
49 20 132 126 0 
51 19 130 127 0 
50 19 128 118 0 
45 18 126 111 0 
44 20 129 114 0 
43 23 128 105 0 
45 25 135 99 0 
47 24 134 95 3 
48 25 142 100 3 
52 28 150 104 3 
51 32 162 108 3 
58 31 154 109 3 
58 30 160 100 3 
59 32 157 101 3 
60 33 155 105 3 
63 32 158 112 3 
67 28 157 115 0 
69 32 158 113 3 
68 34 164 113 3 
68 39 167 114 3 
74 44 178 120 3 
71 44 184 121 3 
67 46 185 130 3 
75 42 192 136 3 
77 44 197 135 3 
79 44 198 140 3 
80 41 197 145 3 
82 40 191 141 3 
90 46 207 149 3 
87 47 211 160 3 
87 54 216 157 3 
83 49 223 173 0 
80 48 223 170 3 
83 50 225 181 0 
84 52 238 181 3 
93 51 243 189 3 
88 54 239 184 3 
93 56 252 192 3 
102 57 252 200 0 
107 56 246 204 0 
109 54 249 206 0 
106 57 251 211 0 
104 54 253 216 0 
104 54 250 215 0 
100 56 259 220 0 
95 58 261 223 0 
96 55 267 230 0 
94 48 267 222 0 
90 51 268 219 0 
89 53 270 216 0 
87 49 272 220 0 
90 51 281 207 3 
89 50 290 206 3 
87 48 287 205 3 
91 49 288 211 3 
90 48 291 211 3 
97 46 312 215 3 
103 46 312 215 3 
102 42 296 204 3 
109 41 305 207 3 
120 42 310 207 3 
120 40 310 200 3 
131 43 307 202 3 
129 47 318 201 3 
130 46 311 191 3 
127 47 324 190 3 
131 47 324 199 3 
132 54 329 180 3 
141 65 337 183 3 
138 66 340 187 3 
132 69 346 189 3 
129 62 355 184 3 
131 63 353 191 3 
124 65 350 205 3 
127 59 355 198 3 
130 64 368 199 3 
123 67 371 197 3 
127 64 375 208 3 
122 61 382 212 3 
129 65 389 208 3 
134 62 405 212 3 
142 62 417 215 3 
144 56 403 218 3 
145 58 405 210 3 
152 57 406 209 3 
164 61 399 204 3 
168 60 401 193 3 
158 63 402 194 3 
171 64 416 191 3 
166 60 409 204 3 
160 56 422 193 3 
162 56 435 197 3 
165 60 426 211 3 
165 59 424 205 3 
156 62 421 212 3 
153 61 419 209 3 
152 59 433 214 3 
153 56 447 216 3 
158 63 451 213 3 
163 60 453 209 3 
170 60 461 216 3 
172 63 461 211 3 
168 60 473 217 3 
170 66 478 217 3 
167 67 497 209 3 
164 69 500 205 3 
167 68 518 217 3 
158 72 518 227 3 
158 73 525 227 3 
161 74 518 224 3 
162 77 529 226 3 
171 73 558 224 3 
170 71 565 236 3 
167 71 569 228 3 
164 68 570 241 3 
161 72 589 232 3 
161 70 567 239 3 
172 79 581 239 3 
178 82 594 258 3 
178 82 592 258 3 
177 84 609 263 3 
188 81 603 277 3 
188 81 595 277 3 
183 75 606 279 3 
167 75 610 283 3 
173 74 609 280 3 
176 71 609 283 3 
177 77 618 276 3 
183 76 626 278 3 
189 78 615 276 3 
187 76 614 292 3 
180 76 614 289 3 
186 74 611 286 3 
186 75 604 291 3 
194 81 621 297 3 
188 78 629 300 3 
193 79 640 304 3 
200 86 649 308 3 
196 81 638 312 3 
204 81 638 303 3 
212 79 655 303 3 
214 88 659 309 3 
224 81 636 309 3 
226 76 629 319 3 
224 77 625 319 3 
231 78 637 322 3 
220 82 631 324 3 
222 85 643 332 3 
226 93 653 319 3 
212 96 654 325 3 
220 96 644 327 3 
220 102 643 348 3 
208 99 658 334 3 
218 96 656 331 3 
217 95 650 323 3 
212 95 646 338 3 
208 94 647 329 3 
201 90 624 328 3 
195 93 639 325 3 
191 90 655 335 3 
191 92 670 345 3 
184 94 673 342 3 
190 98 713 336 3 
197 93 724 345 3 
201 93 718 356 3 
188 93 712 375 3 
188 91 708 376 3 
192 87 713 373 3 
194 85 715 374 3 
193 82 717 363 3 
181 77 717 378 3 
179 77 728 375 3 
175 75 711 374 3 
167 68 709 380 3 
173 76 729 380 3 
183 79 743 380 3 
177 75 718 379 3 
181 76 707 369 3 
184 78 728 376 3 
169 83 718 387 3 
173 75 713 386 3 
176 73 710 393 3 
175 70 709 392 3 
170 76 724 395 3 
162 75 726 385 3 
162 70 719 396 3 
160 72 744 402 3 
158 65 736 404 3 
145 63 755 411 3 
137 63 772 421 3 
143 62 769 431 3 
145 57 767 423 3 
137 62 773 410 3 
134 66 772 415 3 
140 66 766 410 3 
132 67 784 406 3 
140 62 798 400 3 
129 61 792 400 3 
133 67 781 408 3 
132 66 773 416 3 
135 69 777 426 3 
132 66 781 426 3 
134 65 789 413 3 
132 71 781 438 3 
133 77 788 438 3 
131 75 800 427 3 
128 77 806 416 3 
131 80 795 421 3 
132 78 801 416 3 
138 73 814 413 3 
135 72 822 408 3 
140 65 830 403 3 
144 69 823 384 3 
149 61 815 390 3 
151 63 816 381 3 
154 55 844 401 3 
154 54 840 408 3 
150 63 837 409 3 
143 59 820 408 3 
142 60 815 407 3 
132 62 815 402 3 
136 62 821 390 3 
135 66 841 391 3 
133 68 845 406 3 
141 67 849 415 3 
142 69 843 410 3 
145 62 851 412 3 
149 61 852 404 3 
149 62 817 394 3 
146 62 793 393 3 
145 60 791 403 3 
149 64 793 409 3 
154 70 807 424 3 
149 70 784 391 3 
155 78 787 386 3 
155 85 795 385 3 
164 88 812 391 3 
170 89 809 394 3 
160 86 821 403 3 
155 80 823 409 3 
153 78 823 406 3 
158 76 814 410 3 
163 73 799 414 3 
163 77 802 429 3 
157 78 800 415 3 
154 83 798 408 3 
154 86 808 416 3 
160 84 833 433 3 
156 84 826 444 3 
153 87 839 448 3 
144 79 847 455 3 
145 75 825 457 3 
141 78 817 455 3 
142 81 824 456 3 
151 81 813 450 3 
148 75 789 452 3 
153 78 801 462 3 
156 73 791 465 3 
162 74 801 460 3 
153 72 802 455 3 
156 73 765 447 3 
168 75 776 462 3 
172 75 760 464 3 
171 76 777 465 3 
169 70 779 472 3 
168 69 759 469 3 
169 72 760 465 3 
158 72 757 458 3 
152 66 740 438 3 
155 73 743 448 3 
153 72 742 450 3 
152 75 757 461 3 
149 73 726 484 3 
142 75 740 484 3 
153 73 759 483 3 
152 70 756 474 3 
149 69 768 480 3 
138 69 779 469 3 
133 68 777 469 3 
135 67 787 474 3 
130 68 793 460 3 
127 73 783 467 3 
125 76 796 469 3 
128 78 811 476 3 
128 81 814 475 3 
123 82 803 459 3 
122 86 798 457 3 
119 87 802 441 3 
128 77 802 440 3 
120 76 831 446 3 
123 70 829 446 3 
120 70 834 418 3 
112 67 830 415 3 
105 64 836 430 3 
105 61 832 448 3 
107 62 828 452 3 
105 58 829 460 3 
111 61 840 472 3 
112 64 819 466 3 
114 65 821 475 3 
112 67 829 481 3 
112 66 814 468 3 
106 62 835 482 3 
101 61 820 487 3 
100 70 828 484 3 
99 63 807 476 3 
103 63 815 490 3 
106 62 816 471 3 
104 57 804 476 3 
97 56 792 478 3 
94 55 778 490 3 
98 57 790 490 3 
101 58 802 483 3 
103 56 795 476 3 
100 58 793 472 3 
94 57 811 480 3 
102 56 807 478 3 
105 59 821 486 3 
110 60 818 488 3 
107 62 810 485 3 
109 66 801 476 3 
117 65 785 462 3 
117 62 791 462 3 
118 66 798 457 3 
111 68 800 475 3 
107 70 790 474 3 
107 69 783 480 3 
114 69 779 478 3 
114 68 764 480 3 
115 67 775 482 3 
109 68 776 475 3 
107 70 798 474 3 
110 74 805 461 3 
109 72 831 489 3 
103 71 832 469 3 
106 70 830 468 3 
102 69 824 472 3 
97 68 833 465 3 
100 62 817 474 3 
98 61 829 474 3 
94 63 818 471 3 
94 65 806 470 3 
97 69 814 474 3 
98 70 811 466 3 
95 78 797 465 3 
94 81 803 460 3 
102 85 802 448 3 
99 85 796 451 3 
100 82 784 441 3 
94 80 797 447 3 
90 76 811 419 3 
93 78 814 425 3 
95 72 822 433 3 
94 73 841 431 3 
94 73 829 436 3 
96 74 834 436 3 
103 74 848 436 3 
112 69 858 437 3 
116 67 862 443 3 
107 71 860 446 3 
107 70 860 446 3 
107 68 852 460 3 
102 66 858 458 3 
95 67 847 463 3 
100 67 840 460 3 
98 65 841 467 3 
103 68 834 463 3 
102 69 836 460 3 
103 77 819 452 3 
108 78 841 458 3 
106 80 851 465 3 
108 72 874 440 3 
117 69 876 465 3 
104 60 883 466 3 
107 61 884 463 3 
106 64 857 455 3 
109 62 873 450 3 
113 67 888 478 3 
116 60 884 480 3 
121 54 892 460 3 
119 62 882 460 3 
118 60 885 481 3 
117 62 910 480 3 
121 61 877 484 3 
124 56 900 481 3 
130 53 907 490 3 
123 58 910 484 3 
125 54 936 494 3 
124 56 933 506 3 
125 49 930 521 3 
127 53 924 508 3 
130 54 905 518 3 
133 52 915 511 3 
138 56 891 519 3 
145 58 900 514 3 
150 59 916 504 3 
152 59 909 516 3 
163 57 910 505 3 
156 57 894 501 3 
152 64 890 512 3 
147 58 891 517 3 
153 58 884 519 3 
157 57 879 515 3 
163 56 877 514 3 
158 59 871 510 3 
155 57 862 499 3 
154 65 841 486 3 
148 67 827 488 3 
145 70 836 479 3 
138 70 832 482 3 
142 70 832 482 3 
139 70 841 481 3 
136 72 844 478 3 
133 72 848 477 3 
141 69 843 494 3 
146 70 846 491 3 
137 70 847 489 3 
135 69 848 487 3 
132 69 846 498 3 
123 72 848 502 3 
115 70 832 498 3 
113 64 815 498 3 
122 64 818 489 3 
118 64 827 499 3 
119 62 802 477 3 
123 61 813 480 3 
124 62 803 475 3 
130 65 813 492 3 
120 63 831 499 3 
119 70 844 502 3 
118 67 847 521 3 
110 71 863 520 3 
106 76 865 522 3 
102 74 869 523 3 
97 73 860 533 3 
101 71 839 527 3 
108 75 843 533 3 
114 75 851 535 3 
122 79 850 543 3 
117 79 842 527 3 
110 75 820 526 3 
112 74 832 538 3 
108 85 840 538 3 
111 83 852 539 3 
119 77 846 537 3 
119 80 875 531 3 
114 82 868 520 3 
117 81 843 509 3 
123 88 848 512 3 
116 88 847 495 3 
115 86 849 482 3 
114 84 838 481 3 
121 82 834 488 3 
123 84 810 505 3 
128 83 818 506 3 
126 85 811 503 3 
121 83 817 487 3 
123 87 834 493 3 
120 83 828 500 3 
120 90 850 490 3 
118 94 854 485 3 
127 83 867 498 3 
136 83 872 482 3 
144 81 872 475 3 
147 79 853 475 3 
147 87 847 479 3 
147 92 866 477 3 
140 94 877 474 3 
128 91 894 473 3 
129 93 908 474 3 
128 90 904 462 3 
132 93 907 455 3 
131 93 895 457 3 
129 94 903 467 3 
118 94 882 472 3 
118 88 863 471 3 
119 91 872 464 3 
115 85 891 454 3 
118 86 903 471 3 
124 88 911 447 3 
126 87 916 450 3 
125 86 918 440 3 
128 86 895 427 3 
122 84 904 431 3 
125 83 905 421 3 
126 81 911 430 3 
123 76 933 449 3 
113 78 933 438 3 
109 78 945 447 3 
103 72 944 451 3 
103 75 957 446 3 
100 82 948 443 3 
98 80 921 456 3 
95 79 937 439 3 
99 80 936 447 3 
104 83 954 449 3 
108 83 943 449 3 
114 89 933 447 3 
112 89 952 449 3 
116 92 969 461 3 
109 94 959 450 3 
112 96 951 454 3 
112 95 963 454 3 
114 86 947 454 3 
115 88 946 444 3 
112 89 925 450 3 
111 85 907 461 3 
109 83 885 468 3 
115 85 886 467 3 
118 92 876 461 3 
119 92 880 459 3 
115 90 867 466 3 
116 91 864 459 3 
117 93 879 450 3 
122 92 890 447 3 
117 93 886 438 3 
119 92 887 431 3 
121 97 879 420 3 
124 97 861 423 3 
124 93 876 427 3 
123 95 889 431 3 
123 93 903 450 3 
124 93 893 445 3 
123 90 911 450 3 
120 95 916 457 3 
127 94 901 467 3 
128 94 868 443 3 
128 87 881 439 3 
125 88 888 436 3 
123 92 909 429 3 
123 93 889 427 3 
122 97 908 420 3 
114 96 918 412 3 
124 92 915 405 3 
121 91 924 400 3 
119 88 945 405 3 
127 91 934 406 3 
136 86 926 393 3 
139 84 944 386 3 
150 78 937 401 3 
140 79 931 407 3 
139 76 931 412 3 
137 82 917 401 3 
141 79 930 411 3 
150 81 938 428 3 
151 82 923 428 3 
144 87 906 404 3 
139 91 901 395 3 
149 91 891 389 3 
145 93 899 383 3 
162 93 893 381 3 
173 89 867 375 3 
170 84 882 387 3 
160 84 892 382 3 
168 82 886 383 3 
163 88 896 380 3 
157 87 916 390 3 
144 97 916 396 3 
150 95 919 393 3 
155 102 916 397 3 
151 92 921 395 3 
150 92 946 405 3 
153 88 949 414 3 
151 84 941 423 3 
152 80 921 426 3 
146 84 909 421 3 
144 79 894 430 3 
140 82 913 425 3 
133 81 924 417 3 
132 79 912 430 3 
124 79 932 432 3 
121 80 946 432 3 
122 86 946 429 3 
125 88 953 430 3 
117 91 925 429 3 
117 84 924 427 3 
123 74 912 437 3 
127 74 889 442 3 
134 79 888 438 3 
136 77 883 447 3 
124 80 883 448 3 
128 71 904 450 3 
137 71 901 464 3 
133 72 898 454 3 
131 77 911 462 3 
123 86 931 462 3 
123 83 945 474 3 
118 83 925 475 3 
112 84 934 461 3 
114 85 931 464 3 
114 85 931 461 3 
118 77 937 467 3 
114 81 916 460 3 
117 79 925 455 3 
111 78 916 459 3 
114 85 907 466 3 
104 79 944 463 3 
101 74 922 467 3 
103 77 909 477 3 
107 76 942 482 3 
112 72 945 506 3 
121 76 954 508 3 
116 74 940 518 3 
112 74 940 512 3 
108 70 949 524 3 
106 67 961 502 3 
111 70 948 503 3 
115 70 936 500 3 
109 73 933 501 3 
120 73 913 491 3 
125 70 907 483 3 
129 69 906 476 3 
118 64 894 476 3 
117 60 902 474 3 
121 55 906 475 3 
121 53 915 477 3 
112 52 911 490 3 
115 51 919 480 3 
119 50 918 472 3 
121 52 926 484 3 
124 53 927 477 3 
124 56 909 477 3 
126 60 917 464 3 
123 56 910 463 3 
125 58 912 468 3 
124 64 917 478 3 
123 62 902 474 3 
121 64 897 476 3 
123 59 898 478 3 
118 60 889 482 3 
115 60 887 473 3 
117 57 884 467 3 
119 58 894 462 3 
123 59 890 460 3 
127 61 897 457 3 
132 60 883 474 3 
128 58 873 495 3 
120 60 859 489 3 
116 63 880 488 3 
118 61 869 493 3 
115 61 863 487 3 
104 59 874 502 3 
113 59 895 488 3 
121 62 901 482 3 
114 66 897 466 3 
120 64 931 470 3 
120 64 940 463 3 
123 67 919 459 3 
125 70 917 470 3 
122 71 923 456 3 
124 72 921 466 3 
130 68 917 478 3 
124 69 911 476 3 
127 66 915 475 3 
129 66 926 477 3 
135 62 941 471 3 
138 61 935 468 3 
138 66 925 461 3 
141 66 942 470 3 
140 68 927 464 3 
137 67 936 472 3 
138 68 928 466 3 
143 69 923 467 3 
139 70 921 477 3 
133 77 899 480 3 
134 76 905 482 3 
135 76 882 480 3 
131 77 879 478 3 
132 75 879 473 3 
132 73 883 455 3 
124 74 891 459 3 
123 73 933 452 3 
125 71 911 446 3 
124 70 898 458 3 
129 73 892 455 3 
123 72 873 450 3 
119 76 883 445 3 
119 75 879 440 3 
121 72 895 431 3 
117 79 881 420 3 
123 86 890 424 3 
123 82 904 415 3 
128 86 893 412 3 
129 76 887 417 3 
117 76 890 402 3 
120 77 896 388 3 
114 80 884 388 3 
116 78 899 393 3 
108 74 912 401 3 
109 72 910 405 3 
111 79 932 391 3 
115 74 938 397 3 
115 77 945 383 3 
114 78 942 381 3 
108 79 949 374 3 
109 81 944 385 3 
112 82 962 390 3 
105 80 967 376 3 
103 75 976 373 3 
101 72 976 372 3 
103 70 972 376 3 
104 67 970 391 3 
99 63 991 399 3 
95 61 1001 397 3 
94 59 977 393 3 
97 53 990 390 3 
96 53 986 389 3 
94 55 1023 400 3 
91 52 1049 399 3 
89 48 1050 376 3 
89 51 1046 365 3 
88 57 1052 351 3 
89 54 1053 352 3 
91 56 1034 364 3 
89 58 1036 363 3 
90 64 1024 353 3 
95 63 992 352 3 
102 64 960 349 3 
106 66 982 356 3 
109 64 1011 349 3 
106 59 991 342 3 
106 56 979 337 3 
106 55 997 336 3 
107 52 993 343 3 
107 63 974 346 3 
114 58 974 345 3 
117 58 972 340 3 
115 63 979 349 3 
109 57 969 351 3 
103 56 978 360 3 
101 59 977 363 3 
108 51 973 370 3 
107 52 985 373 3 
112 54 1000 389 3 
112 52 999 384 3 
115 55 1030 386 3 
110 54 1031 380 3 
104 59 1016 392 3 
108 56 1033 378 3 
103 59 1035 370 3 
101 64 1042 363 3 
104 62 1030 352 3 
109 64 1016 358 3 
108 58 1029 367 3 
104 58 1052 360 3 
104 56 1055 361 3 
104 55 1040 366 3 
103 56 1003 363 3 
104 52 1022 366 3 
99 59 1036 373 3 
95 64 1042 375 3 
94 68 1001 377 3 
99 72 1003 381 3 
90 73 986 375 3 
90 71 1006 386 3 
93 71 1021 380 3 
90 70 1032 366 3 
94 69 1029 362 3 
88 69 1015 359 3 
91 70 1028 350 3 
88 64 1036 364 3 
89 66 1003 363 3 
91 71 1013 369 3 
97 71 1015 373 3 
100 72 1000 374 3 
102 68 1012 373 3 
100 71 1029 374 3 
105 70 1042 373 3 
95 66 1028 371 3 
95 73 1026 364 3 
98 68 1008 360 3 
104 63 1018 365 3 
103 64 1011 362 3 
102 57 1021 373 3 
104 52 1035 378 3 
102 53 1045 381 3 
104 52 1043 386 3 
98 53 1047 374 3 
94 52 1049 372 3 
95 55 1058 379 3 
96 57 1047 384 3 
95 62 1050 389 3 
90 66 1030 400 3 
88 65 1035 398 3 
96 63 1029 401 3 
98 67 1040 404 3 
95 70 1049 403 3 
88 71 1038 406 3 
89 68 1033 402 3 
90 67 1023 416 3 
93 65 1015 407 3 
90 60 992 418 3 
92 60 999 421 3 
89 67 997 418 3 
92 66 995 432 3 
88 66 979 436 3 
88 66 979 434 3 
88 57 985 435 3 
90 62 967 421 3 
95 60 970 427 3 
91 66 983 447 3 
94 63 999 446 3 
100 64 992 432 3 
100 65 978 417 3 
100 65 979 423 3 
98 62 965 427 3 
93 64 961 406 3 
93 64 967 418 3 
89 60 978 420 3 
89 61 984 403 3 
87 60 987 413 3 
94 55 990 415 3 
86 54 967 416 3 
90 59 945 407 3 
88 62 966 410 3 
83 57 954 414 3 
85 55 976 408 3 
78 55 999 405 3 
85 54 1015 401 3 
89 55 999 398 3 
90 47 1019 408 3 
93 48 1058 391 3 
98 50 1075 392 3 
92 50 1080 390 3 
94 46 1043 400 3 
88 48 1018 387 3 
86 46 1035 399 3 
90 43 1038 415 3 
94 42 1061 405 3 
88 46 1058 416 3 
90 46 1081 409 3 
85 44 1064 391 3 
86 49 1044 392 3 
90 48 1049 392 3 
81 49 1054 381 3 
80 45 1053 389 3 
89 48 1052 388 3 
82 45 1044 388 3 
84 46 1044 384 3 
85 44 1044 386 3 
92 46 1036 381 3 
90 49 1034 394 3 
89 50 1054 406 3 
90 52 1019 410 3 
90 53 996 392 3 
96 54 985 390 3 
93 54 982 393 3 
92 52 1015 384 3 
94 48 1007 401 3 
92 51 1004 395 3 
98 51 1019 398 3 
101 45 1026 388 3 
105 46 1025 390 3 
96 45 1010 386 3 
97 48 1013 391 3 
103 41 996 408 3 
103 41 1003 409 3 
107 43 991 416 3 
103 41 998 424 3 
100 37 994 429 3 
100 38 974 423 3 
100 41 989 426 3 
98 42 1001 420 3 
105 46 996 433 3 
108 48 986 425 3 
108 44 998 424 3 
107 44 1005 424 3 
104 45 984 415 3 
107 45 968 408 3 
111 52 974 401 3 
110 51 957 398 3 
110 58 961 409 3 
109 62 959 400 3 
113 62 968 400 3 
118 58 982 398 3 
118 59 989 400 3 
113 58 1002 386 3 
113 58 996 392 3 
110 63 993 383 3 
106 59 984 387 3 
112 63 989 386 3 
106 67 1007 383 3 
106 71 988 388 3 
104 69 1002 402 3 
107 71 966 399 3 
106 67 957 385 3 
110 69 963 381 3 
108 79 972 383 3 
106 79 949 388 3 
107 78 951 386 3 
113 76 958 392 3 
111 72 967 381 3 
117 78 985 370 3 
122 77 970 365 3 
121 80 966 365 3 
125 77 976 370 3 
122 77 952 363 3 
117 82 966 355 3 
121 79 959 359 3 
124 82 957 365 3 
129 87 960 347 3 
