0 0 1 0 0 
0 0 1 1 0 
0 0 1 2 0 
0 0 2 2 0 
1 0 3 2 0 
0 0 4 2 0 
0 0 2 3 0 
0 1 2 3 0 
0 1 4 4 0 
1 1 4 2 0 
2 1 6 2 0 
3 1 7 3 0 
2 1 7 3 0 
2 1 10 3 0 
4 1 8 4 0 
4 1 9 7 0 
4 2 10 8 0 
4 3 11 7 0 
4 5 10 6 0 
3 5 12 7 0 
4 6 12 10 0 
5 6 12 12 0 
5 7 8 11 0 
4 5 8 12 0 
4 4 10 13 0 
5 3 11 14 0 
5 3 11 10 0 
6 2 10 12 0 
8 2 10 14 0 
8 3 9 13 0 
8 4 8 15 0 
9 4 9 14 0 
11 5 11 15 0 
9 8 10 15 0 
9 9 11 18 0 
9 10 14 19 0 
7 11 15 20 0 
7 9 17 19 0 
8 9 15 17 0 
7 9 16 17 0 
6 9 16 16 0 
4 8 20 17 0 
4 7 19 16 0 
3 8 18 17 0 
3 7 20 21 0 
4 7 20 18 0 
7 7 22 18 0 
5 5 25 20 0 
6 6 24 23 0 
4 6 24 24 0 
5 7 21 24 0 
5 8 19 25 0 
7 7 18 23 0 
7 8 17 23 0 
9 8 14 27 0 
10 8 12 25 0 
12 9 14 28 0 
12 9 19 34 0 
11 9 20 31 0 
13 6 25 30 0 
13 7 27 28 0 
15 7 28 33 0 
16 8 30 34 0 
16 8 27 32 0 
16 8 28 30 0 
18 10 30 30 0 
17 12 33 31 0 
15 10 34 32 0 
18 9 38 36 0 
17 8 41 37 0 
17 9 44 38 0 
16 11 45 37 0 
20 10 46 40 0 
22 14 48 39 0 
20 14 47 35 0 
16 11 46 38 0 
16 12 44 38 0 
18 11 40 37 0 
16 9 42 40 0 
17 8 39 35 0 
20 10 39 37 0 
19 11 41 35 0 
20 11 48 34 0 
18 12 47 37 0 
16 15 46 45 0 
16 16 42 41 0 
16 19 45 42 0 
16 16 41 47 0 
16 16 41 44 0 
14 18 47 44 0 
13 19 54 45 0 
10 17 58 44 0 
11 18 58 42 0 
11 15 56 39 0 
9 14 56 46 0 
10 15 58 49 0 
9 14 62 49 0 
11 13 66 49 0 
10 10 68 53 0 
11 12 70 52 0 
12 11 71 52 0 
13 11 76 56 0 
17 10 80 61 0 
15 11 79 60 0 
17 14 81 61 0 
18 13 78 68 0 
14 12 81 63 0 
14 13 89 67 0 
14 15 88 69 0 
15 16 85 67 0 
14 14 84 70 0 
18 12 95 70 0 
12 10 100 81 0 
16 11 99 83 0 
15 7 98 85 0 
16 8 91 89 0 
14 7 98 90 0 
15 6 100 91 0 
14 4 99 87 0 
14 4 94 87 0 
12 3 93 88 0 
11 3 95 96 0 
12 4 101 101 0 
14 3 103 107 0 
12 3 101 111 0 
12 3 116 117 0 
16 1 110 121 0 
17 2 115 116 0 
19 3 124 109 0 
17 2 128 114 0 
16 4 132 111 0 
19 4 140 112 0 
20 4 147 104 3 
18 4 151 112 0 
15 3 153 115 0 
15 5 157 124 0 
14 7 163 115 3 
14 9 168 119 3 
14 10 174 122 3 
14 12 172 131 0 
15 14 171 129 0 
18 12 168 127 0 
14 12 181 126 3 
14 12 184 129 3 
13 12 187 133 3 
12 13 197 134 3 
14 13 196 136 3 
14 15 203 129 3 
16 17 212 129 3 
15 19 212 130 3 
17 18 223 137 3 
16 19 228 142 3 
16 20 239 147 3 
15 21 244 160 3 
14 20 249 157 3 
14 19 254 155 3 
16 16 260 158 3 
19 18 267 160 3 
21 18 291 159 3 
19 18 295 164 3 
22 19 291 160 3 
22 17 293 164 3 
22 16 303 171 3 
26 19 293 165 3 
25 18 288 166 3 
27 19 282 169 3 
23 18 300 178 3 
25 16 303 185 3 
27 15 297 176 3 
29 14 302 183 3 
30 13 313 176 3 
31 12 311 169 3 
28 14 312 178 3 
31 16 315 186 3 
27 15 332 179 3 
27 15 338 178 3 
30 13 346 185 3 
29 16 356 190 3 
28 15 366 200 3 
25 14 382 189 3 
29 16 391 202 3 
30 15 392 196 3 
31 15 395 202 3 
29 15 401 198 3 
32 13 406 205 3 
39 13 417 210 3 
40 11 425 205 3 
41 8 438 211 3 
43 8 446 211 3 
40 10 448 215 3 
39 11 457 208 3 
41 12 442 215 3 
43 13 459 217 3 
44 14 452 216 3 
42 15 453 224 3 
43 18 470 231 3 
43 19 467 241 3 
40 20 468 246 3 
43 19 466 251 3 
46 18 481 244 3 
51 17 487 246 3 
52 17 476 245 3 
49 17 502 246 3 
52 18 509 238 3 
53 19 518 244 3 
50 18 525 252 3 
49 18 539 256 3 
47 20 541 255 3 
46 20 554 256 3 
49 23 568 265 3 
48 24 575 261 3 
47 21 594 262 3 
52 19 627 278 3 
48 20 622 269 3 
49 23 627 271 3 
51 23 627 276 3 
52 26 626 280 3 
56 26 627 283 3 
61 24 641 279 3 
60 23 659 271 3 
58 22 669 280 3 
63 25 664 285 3 
65 24 652 290 3 
71 26 646 291 3 
71 30 649 297 3 
71 31 654 297 3 
71 29 656 296 3 
74 29 659 294 3 
66 29 657 298 3 
70 31 669 313 3 
69 35 681 331 3 
71 32 692 321 3 
68 34 694 335 3 
68 37 686 344 3 
72 36 709 359 3 
69 35 702 357 3 
66 39 704 360 3 
66 43 714 353 3 
62 46 703 367 3 
62 43 703 353 3 
63 44 706 349 3 
65 44 703 345 3 
67 46 712 348 3 
66 43 700 352 3 
67 47 706 353 3 
67 50 715 346 3 
72 46 728 337 3 
71 43 717 343 3 
66 41 716 348 3 
69 42 719 342 3 
61 41 737 342 3 
62 37 739 357 3 
57 42 746 348 3 
61 44 775 345 3 
62 50 762 365 3 
61 46 768 362 3 
64 46 778 369 3 
59 42 775 372 3 
59 43 780 397 3 
57 46 792 404 3 
55 42 807 408 3 
54 45 787 418 3 
60 45 798 423 3 
58 43 803 428 3 
57 41 789 424 3 
58 42 783 434 3 
57 41 798 428 3 
60 42 798 443 3 
56 37 779 441 3 
54 38 795 443 3 
57 37 784 454 3 
58 38 788 450 3 
58 39 779 443 3 
56 39 784 453 3 
55 41 788 471 3 
54 44 804 477 3 
58 45 830 473 3 
58 44 847 480 3 
59 47 832 471 3 
55 49 826 481 3 
54 50 818 470 3 
54 49 818 482 3 
56 47 831 482 3 
51 45 831 463 3 
55 47 830 461 3 
51 52 820 459 3 
56 52 812 469 3 
51 55 820 483 3 
50 50 803 479 3 
47 54 815 468 3 
49 63 835 483 3 
48 63 831 477 3 
52 61 838 497 3 
53 65 853 498 3 
61 66 846 484 3 
65 69 811 473 3 
63 66 804 483 3 
60 69 807 484 3 
61 72 814 501 3 
56 76 834 489 3 
54 68 846 486 3 
58 64 829 498 3 
61 63 821 506 3 
57 61 841 507 3 
61 69 843 523 3 
59 71 837 521 3 
55 71 846 518 3 
58 77 829 508 3 
59 78 847 516 3 
56 72 816 525 3 
56 68 801 539 3 
57 70 799 542 3 
56 70 808 526 3 
53 72 823 529 3 
56 77 832 533 3 
55 77 827 541 3 
54 80 845 537 3 
58 81 859 540 3 
58 77 855 549 3 
59 80 862 536 3 
54 79 861 523 3 
56 81 868 529 3 
56 77 886 527 3 
55 77 881 514 3 
61 77 889 520 3 
61 73 871 518 3 
63 70 848 518 3 
67 75 841 521 3 
63 78 825 503 3 
64 78 828 505 3 
58 76 845 507 3 
55 81 847 483 3 
55 78 861 496 3 
53 82 877 496 3 
50 80 895 493 3 
48 82 889 512 3 
51 83 901 529 3 
50 86 905 525 3 
44 82 886 522 3 
41 87 901 507 3 
42 88 881 501 3 
43 85 891 499 3 
45 85 903 513 3 
47 83 893 509 3 
46 82 902 513 3 
49 82 909 514 3 
49 84 902 515 3 
53 80 898 503 3 
50 85 899 505 3 
45 83 888 494 3 
38 83 901 509 3 
36 86 913 509 3 
37 88 893 504 3 
39 87 878 505 3 
40 94 884 504 3 
37 84 883 512 3 
40 79 898 514 3 
41 80 903 529 3 
39 83 902 541 3 
35 81 905 546 3 
36 77 908 551 3 
38 71 916 559 3 
42 72 925 567 3 
43 63 925 570 3 
43 62 927 564 3 
43 63 953 571 3 
45 60 946 574 3 
46 60 937 560 3 
45 55 935 570 3 
43 51 945 556 3 
45 49 947 580 3 
48 49 947 573 3 
44 51 918 577 3 
44 53 898 564 3 
44 53 895 593 3 
44 52 894 591 3 
41 50 892 599 3 
45 55 883 598 3 
46 60 896 596 3 
47 57 894 598 3 
45 60 891 606 3 
47 60 899 591 3 
48 62 888 590 3 
48 59 895 582 3 
48 64 901 574 3 
49 69 915 569 3 
51 70 909 570 3 
54 69 886 587 3 
48 61 867 575 3 
49 67 875 572 3 
47 65 875 569 3 
47 64 891 573 3 
46 62 885 573 3 
49 63 875 574 3 
50 63 877 582 3 
47 62 880 583 3 
53 62 884 581 3 
51 63 893 580 3 
53 73 892 572 3 
59 72 885 585 3 
57 71 877 591 3 
59 74 886 584 3 
55 74 899 580 3 
56 70 899 569 3 
50 73 901 584 3 
49 70 904 566 3 
48 67 895 553 3 
47 62 899 550 3 
50 61 903 565 3 
49 61 902 572 3 
49 63 901 584 3 
50 56 895 579 3 
45 59 895 595 3 
40 56 904 578 3 
43 60 921 562 3 
45 56 920 567 3 
44 55 912 579 3 
46 53 890 577 3 
43 52 897 569 3 
43 51 902 589 3 
46 46 892 577 3 
45 43 889 579 3 
45 44 892 564 3 
46 47 907 568 3 
51 46 907 561 3 
55 48 883 555 3 
56 47 881 552 3 
65 47 887 546 3 
64 48 890 552 3 
60 44 871 566 3 
65 43 862 553 3 
66 47 851 566 3 
63 49 859 581 3 
71 44 872 593 3 
74 42 868 572 3 
74 42 858 564 3 
74 42 864 560 3 
77 41 872 570 3 
74 43 864 557 3 
74 41 841 562 3 
77 43 843 573 3 
74 45 824 549 3 
76 42 825 540 3 
73 41 829 550 3 
73 39 820 556 3 
76 37 825 551 3 
73 36 833 545 3 
74 34 826 546 3 
79 34 835 543 3 
83 36 825 532 3 
81 38 844 534 3 
79 40 835 539 3 
75 42 815 532 3 
80 40 841 534 3 
77 41 841 535 3 
81 42 844 544 3 
84 42 834 535 3 
91 43 837 539 3 
93 37 825 547 3 
96 38 839 556 3 
98 39 861 553 3 
105 39 843 553 3 
101 43 841 557 3 
95 40 843 562 3 
99 41 831 555 3 
95 43 823 550 3 
88 44 821 550 3 
83 39 823 558 3 
81 38 851 564 3 
80 41 826 572 3 
82 39 803 585 3 
81 46 817 595 3 
82 44 808 591 3 
72 41 807 596 3 
72 49 792 597 3 
75 45 807 604 3 
77 45 815 593 3 
76 48 830 596 3 
71 48 811 593 3 
66 50 822 594 3 
64 49 808 595 3 
59 49 780 616 3 
59 48 806 617 3 
62 42 800 629 3 
61 38 816 617 3 
60 39 813 624 3 
65 35 796 629 3 
62 42 804 643 3 
62 44 821 645 3 
67 43 851 627 3 
67 40 818 630 3 
67 37 819 617 3 
66 32 818 615 3 
69 32 821 611 3 
64 33 834 614 3 
70 33 831 617 3 
77 29 829 605 3 
73 26 845 615 3 
75 27 855 632 3 
72 25 843 617 3 
68 23 861 620 3 
66 20 853 624 3 
63 23 848 608 3 
68 25 857 611 3 
71 30 855 634 3 
69 29 860 629 3 
72 31 858 624 3 
74 32 847 626 3 
79 34 842 630 3 
80 35 849 626 3 
77 39 853 621 3 
79 44 865 626 3 
81 39 876 626 3 
86 42 893 625 3 
91 44 876 617 3 
91 45 870 591 3 
97 45 869 608 3 
95 49 883 596 3 
101 47 872 593 3 
98 46 851 597 3 
101 48 867 601 3 
99 55 859 599 3 
101 55 851 602 3 
101 53 852 601 3 
96 53 847 608 3 
104 52 851 607 3 
102 55 854 606 3 
102 52 829 591 3 
105 58 827 599 3 
101 56 813 603 3 
100 53 778 605 3 
101 56 781 587 3 
106 63 788 585 3 
100 66 782 610 3 
97 68 804 595 3 
96 73 797 594 3 
101 71 794 595 3 
98 66 778 611 3 
91 64 798 608 3 
95 62 773 616 3 
87 62 773 620 3 
86 67 784 620 3 
86 63 782 612 3 
91 61 780 613 3 
92 66 764 627 3 
102 62 781 622 3 
106 62 782 617 3 
106 63 788 623 3 
99 62 772 623 3 
101 60 779 627 3 
102 55 790 616 3 
111 53 786 611 3 
114 57 807 617 3 
111 57 820 627 3 
106 54 834 628 3 
110 51 847 636 3 
112 46 852 640 3 
108 51 852 648 3 
109 49 846 636 3 
107 50 852 636 3 
109 47 866 632 3 
108 46 854 625 3 
103 43 860 619 3 
102 44 829 620 3 
103 45 832 624 3 
102 47 825 637 3 
100 47 836 625 3 
99 46 851 627 3 
101 50 859 619 3 
104 50 876 631 3 
101 51 877 616 3 
93 54 875 606 3 
96 56 884 588 3 
101 53 869 588 3 
104 59 874 599 3 
105 63 880 577 3 
104 69 883 573 3 
99 68 857 573 3 
98 68 857 556 3 
94 69 849 569 3 
94 70 857 554 3 
93 75 845 560 3 
94 85 850 545 3 
95 87 833 549 3 
91 86 850 550 3 
91 85 837 565 3 
94 87 848 566 3 
91 86 868 564 3 
96 83 865 579 3 
89 83 859 592 3 
90 83 853 597 3 
94 84 871 583 3 
93 82 871 576 3 
93 86 871 576 3 
90 87 864 570 3 
94 90 841 566 3 
93 83 828 557 3 
87 89 812 561 3 
92 92 818 579 3 
94 91 816 574 3 
93 85 818 550 3 
96 83 813 552 3 
98 80 815 552 3 
97 82 823 564 3 
90 85 830 567 3 
88 88 835 578 3 
89 91 817 576 3 
89 92 808 571 3 
89 84 794 580 3 
94 81 792 583 3 
97 81 809 582 3 
99 69 808 608 3 
94 66 805 593 3 
100 63 815 596 3 
100 64 822 606 3 
95 65 806 590 3 
95 65 821 590 3 
93 65 841 590 3 
94 59 851 608 3 
91 56 852 597 3 
91 56 871 606 3 
91 54 864 608 3 
90 55 868 622 3 
92 57 854 605 3 
87 54 876 596 3 
81 54 876 601 3 
86 48 888 607 3 
78 51 885 609 3 
79 52 877 599 3 
77 53 874 598 3 
76 55 867 595 3 
85 56 877 587 3 
93 60 890 595 3 
90 57 904 565 3 
89 59 910 570 3 
91 63 895 559 3 
95 61 906 549 3 
97 59 914 549 3 
102 57 919 531 3 
101 62 916 542 3 
106 61 890 537 3 
114 61 885 539 3 
116 56 881 517 3 
114 57 884 534 3 
116 57 868 536 3 
106 54 852 551 3 
110 52 846 542 3 
113 48 863 538 3 
113 43 857 537 3 
119 43 854 539 3 
118 45 852 551 3 
120 41 867 553 3 
119 45 873 550 3 
118 47 829 549 3 
120 43 809 554 3 
125 41 848 568 3 
129 41 849 575 3 
127 42 841 580 3 
123 45 841 585 3 
121 44 849 576 3 
119 47 828 587 3 
114 51 805 575 3 
107 52 811 577 3 
109 52 789 579 3 
113 51 792 574 3 
115 54 814 572 3 
115 50 813 574 3 
117 46 821 573 3 
114 47 831 584 3 
107 54 807 581 3 
106 56 803 592 3 
107 57 802 603 3 
105 53 807 598 3 
108 49 820 614 3 
109 53 824 602 3 
106 52 825 611 3 
103 52 815 575 3 
104 57 809 560 3 
103 58 816 571 3 
110 51 819 568 3 
108 56 831 569 3 
108 58 843 566 3 
106 58 858 546 3 
111 62 860 547 3 
102 63 855 546 3 
102 65 850 538 3 
108 66 844 560 3 
110 69 819 564 3 
115 70 805 560 3 
116 67 795 557 3 
114 71 783 566 3 
110 73 780 562 3 
109 75 787 551 3 
104 76 780 535 3 
107 69 781 538 3 
104 63 788 524 3 
99 65 784 517 3 
101 61 768 532 3 
95 56 776 545 3 
95 60 751 568 3 
100 58 747 578 3 
107 64 755 576 3 
100 63 774 582 3 
103 69 765 576 3 
102 69 764 577 3 
98 73 763 571 3 
103 76 760 578 3 
102 74 751 589 3 
96 70 762 579 3 
103 74 779 583 3 
105 73 784 579 3 
106 70 770 582 3 
102 75 772 581 3 
103 74 762 595 3 
101 75 755 585 3 
97 76 768 576 3 
99 74 775 570 3 
94 75 802 568 3 
87 81 813 566 3 
89 79 797 569 3 
90 77 773 563 3 
91 79 768 555 3 
98 85 763 539 3 
96 76 749 523 3 
95 79 760 525 3 
95 81 762 528 3 
98 81 759 519 3 
103 83 767 532 3 
101 84 761 533 3 
109 85 745 521 3 
100 78 752 531 3 
102 73 774 527 3 
99 72 765 543 3 
103 66 754 540 3 
106 68 756 546 3 
114 63 767 537 3 
112 60 763 542 3 
117 63 751 534 3 
121 60 764 534 3 
126 60 764 532 3 
131 61 779 548 3 
126 60 763 554 3 
122 52 766 568 3 
119 56 774 574 3 
116 56 772 579 3 
120 53 758 568 3 
121 53 765 568 3 
122 50 763 595 3 
117 46 792 589 3 
117 52 793 592 3 
105 50 815 581 3 
103 47 819 559 3 
103 54 820 564 3 
102 53 788 541 3 
107 49 797 547 3 
108 54 796 546 3 
109 53 793 531 3 
104 57 807 533 3 
100 61 799 522 3 
105 58 809 515 3 
104 58 798 526 3 
108 64 813 531 3 
102 61 800 524 3 
104 60 807 532 3 
103 62 827 517 3 
105 63 827 522 3 
100 65 836 540 3 
102 69 840 517 3 
102 63 841 513 3 
102 64 852 505 3 
101 67 849 497 3 
103 61 839 486 3 
97 62 835 498 3 
105 62 834 500 3 
111 60 863 492 3 
110 57 834 484 3 
110 67 856 483 3 
109 67 858 492 3 
103 70 854 495 3 
105 72 844 485 3 
105 70 844 468 3 
113 71 852 443 3 
116 76 873 443 3 
122 73 843 433 3 
117 75 831 437 3 
118 71 842 435 3 
121 68 845 446 3 
127 69 864 456 3 
129 69 865 475 3 
128 76 868 477 3 
134 79 868 488 3 
134 82 870 485 3 
131 85 869 483 3 
128 87 859 477 3 
127 90 848 479 3 
130 88 857 472 3 
129 92 862 465 3 
134 93 879 458 3 
129 101 880 451 3 
126 105 884 444 3 
128 101 883 430 3 
124 108 893 433 3 
127 103 909 426 3 
129 103 886 428 3 
130 107 897 430 3 
133 109 893 438 3 
135 107 897 442 3 
130 107 892 427 3 
137 105 871 426 3 
142 104 886 426 3 
146 92 870 438 3 
147 97 856 443 3 
141 92 864 457 3 
141 90 872 445 3 
144 89 866 459 3 
149 86 868 455 3 
157 84 859 459 3 
164 89 868 462 3 
164 87 862 468 3 
160 85 855 462 3 
153 85 843 475 3 
159 80 840 483 3 
154 79 851 494 3 
154 78 841 495 3 
154 85 845 462 3 
149 82 871 474 3 
142 84 862 475 3 
144 84 901 484 3 
138 78 881 475 3 
129 79 897 470 3 
135 80 927 467 3 
130 82 945 467 3 
128 87 952 469 3 
124 87 938 470 3 
130 87 968 464 3 
131 93 946 452 3 
131 91 922 449 3 
133 89 909 450 3 
134 88 922 446 3 
136 91 893 446 3 
135 85 910 459 3 
140 86 908 467 3 
142 90 897 483 3 
126 88 897 496 3 
134 86 909 482 3 
136 77 915 471 3 
128 74 922 462 3 
130 66 905 469 3 
132 69 894 477 3 
130 71 883 471 3 
128 76 871 469 3 
132 75 874 466 3 
136 77 864 467 3 
140 74 887 476 3 
139 75 904 466 3 
137 71 895 472 3 
138 70 885 475 3 
141 73 885 482 3 
136 69 883 479 3 
136 66 873 478 3 
133 64 904 469 3 
127 67 893 479 3 
126 70 896 491 3 
131 63 881 491 3 
127 61 876 483 3 
140 61 851 476 3 
134 64 872 484 3 
138 62 860 494 3 
140 63 871 502 3 
139 64 837 499 3 
143 67 844 515 3 
139 64 837 510 3 
142 63 848 509 3 
137 70 853 506 3 
143 72 836 498 3 
137 76 820 490 3 
126 77 828 486 3 
128 77 827 482 3 
133 76 801 496 3 
123 75 792 507 3 
119 75 786 485 3 
118 73 804 475 3 
113 78 813 478 3 
113 73 794 486 3 
117 72 791 484 3 
120 72 791 476 3 
120 68 789 465 3 
113 66 814 470 3 
116 66 821 467 3 
116 69 837 448 3 
116 70 837 452 3 
118 67 844 459 3 
117 62 839 454 3 
114 60 835 470 3 
114 64 815 468 3 
113 64 798 465 3 
112 67 798 455 3 
113 68 799 461 3 
113 63 809 474 3 
115 65 812 492 3 
121 68 824 488 3 
120 65 818 500 3 
128 71 807 511 3 
120 71 821 489 3 
115 68 811 485 3 
114 72 811 483 3 
123 67 807 502 3 
123 60 804 501 3 
131 65 813 521 3 
140 61 828 530 3 
143 60 810 524 3 
136 58 801 530 3 
135 57 807 543 3 
132 62 806 555 3 
133 62 809 544 3 
131 64 836 541 3 
142 67 846 538 3 
138 65 868 537 3 
137 67 842 530 3 
136 68 833 526 3 
133 73 832 523 3 
133 75 812 528 3 
137 78 811 525 3 
140 80 829 532 3 
142 85 794 523 3 
142 78 795 525 3 
139 76 811 532 3 
146 75 819 527 3 
144 76 818 531 3 
143 75 821 533 3 
140 71 822 528 3 
139 65 827 533 3 
134 63 823 548 3 
139 68 819 545 3 
133 65 801 544 3 
141 67 788 521 3 
130 68 807 531 3 
125 69 813 527 3 
133 69 797 531 3 
134 68 799 528 3 
131 64 796 533 3 
132 65 802 537 3 
129 64 793 532 3 
129 61 792 538 3 
135 69 771 552 3 
143 73 753 555 3 
143 72 769 541 3 
137 68 775 545 3 
142 66 762 533 3 
145 66 780 530 3 
146 72 790 530 3 
150 72 780 528 3 
142 70 777 517 3 
139 72 773 525 3 
138 71 785 539 3 
144 78 795 551 3 
150 80 785 540 3 
153 83 780 533 3 
145 83 774 520 3 
147 83 766 531 3 
136 81 763 537 3 
137 83 779 540 3 
132 83 775 556 3 
132 81 763 560 3 
134 84 759 559 3 
134 89 725 563 3 
142 87 738 571 3 
140 84 740 557 3 
138 86 732 554 3 
135 85 738 546 3 
130 87 748 567 3 
130 85 750 569 3 
134 84 757 573 3 
131 82 759 579 3 
133 79 770 579 3 
130 77 790 585 3 
134 80 791 580 3 
128 81 774 566 3 
137 81 767 553 3 
125 83 724 529 3 
117 82 725 525 3 
112 78 738 521 3 
111 74 759 529 3 
112 72 767 556 3 
114 68 753 557 3 
120 68 760 562 3 
122 66 766 552 3 
118 68 753 551 3 
124 66 756 542 3 
124 69 757 542 3 
123 72 772 540 3 
126 69 770 542 3 
129 69 772 568 3 
122 71 767 544 3 
121 70 792 553 3 
122 68 795 540 3 
120 70 816 550 3 
127 67 816 571 3 
129 75 811 574 3 
132 71 816 571 3 
