0 0 0 1 0 
1 0 0 1 0 
1 0 0 2 0 
1 2 0 2 0 
1 2 1 2 0 
2 2 2 2 0 
2 2 1 3 0 
2 2 1 2 0 
2 2 1 3 0 
3 3 1 4 0 
5 4 0 4 0 
5 4 0 3 0 
5 7 0 4 0 
6 6 0 5 0 
6 7 0 4 0 
7 8 1 5 0 
7 9 1 4 0 
6 8 1 4 0 
6 9 1 3 0 
8 9 2 3 0 
6 9 2 3 0 
6 10 1 4 0 
7 10 1 4 0 
8 11 1 3 0 
9 13 0 3 0 
10 15 0 3 0 
12 14 1 4 0 
15 15 1 5 0 
16 13 0 7 0 
18 13 0 7 0 
18 11 0 9 0 
19 13 0 10 0 
21 11 0 9 0 
22 11 0 12 0 
23 10 0 11 0 
25 13 0 12 0 
26 15 0 13 0 
23 16 0 14 0 
25 20 0 15 0 
27 20 0 15 0 
29 20 0 15 0 
31 20 1 16 0 
35 22 1 16 0 
36 22 2 15 0 
36 20 2 14 0 
34 23 2 14 0 
35 27 2 14 0 
35 32 3 15 0 
34 29 5 14 0 
33 28 4 18 0 
33 25 6 18 0 
34 21 8 17 0 
33 20 10 18 0 
33 19 9 20 0 
32 21 9 21 0 
33 22 11 22 0 
34 26 13 24 0 
37 25 14 24 0 
36 29 12 25 0 
32 27 12 29 0 
31 25 14 28 0 
31 23 15 27 0 
32 22 16 32 0 
31 22 20 28 0 
34 19 16 29 0 
30 19 15 29 0 
30 16 19 35 0 
27 15 17 35 0 
27 15 18 35 0 
26 15 18 33 0 
26 17 16 31 0 
23 17 20 29 0 
21 20 19 28 0 
23 20 23 30 0 
24 22 24 29 0 
25 21 27 28 0 
27 19 27 26 0 
26 23 30 24 0 
26 22 33 23 0 
25 22 35 23 0 
30 20 33 24 0 
32 23 35 25 0 
38 21 34 26 0 
35 22 31 24 0 
35 24 33 23 0 
33 29 34 23 0 
34 27 36 23 0 
33 27 37 20 0 
32 27 39 21 0 
33 25 42 20 0 
34 24 42 22 0 
30 25 43 24 0 
35 27 50 26 0 
33 27 52 25 0 
32 28 54 30 0 
31 28 58 36 0 
32 24 54 39 0 
29 25 52 39 0 
29 24 58 35 0 
31 24 59 41 0 
28 25 61 40 0 
28 24 58 44 0 
26 22 66 46 0 
30 22 68 47 0 
30 21 68 48 0 
31 17 75 55 0 
35 13 76 58 0 
36 14 77 61 0 
38 15 82 64 0 
40 15 77 66 0 
42 16 77 66 0 
42 16 79 66 0 
39 16 79 70 0 
39 15 79 72 0 
41 15 80 74 0 
42 16 90 73 0 
38 16 93 76 0 
38 18 96 77 0 
41 18 94 81 0 
42 18 99 86 0 
45 19 94 91 0 
44 21 95 90 0 
47 21 97 89 0 
41 23 104 96 0 
43 22 107 95 0 
42 20 110 91 0 
40 20 111 91 0 
36 17 118 95 0 
40 15 124 91 0 
41 17 125 99 0 
41 17 119 100 0 
40 15 108 114 0 
37 15 113 115 0 
40 14 119 125 0 
41 15 122 123 0 
37 17 118 123 0 
38 19 122 120 0 
37 18 121 126 0 
35 17 127 124 0 
38 18 134 127 0 
39 16 135 128 0 
38 15 139 137 0 
41 16 142 145 0 
40 12 141 148 0 
41 13 143 155 0 
45 13 154 157 0 
43 12 166 154 0 
44 15 169 156 0 
47 11 167 163 0 
46 13 178 166 0 
47 12 176 169 0 
46 12 183 186 0 
47 12 196 182 0 
49 12 201 187 0 
51 10 208 189 0 
51 10 209 193 0 
56 10 220 203 0 
54 13 218 211 0 
55 12 215 206 0 
56 12 225 206 0 
57 12 219 207 0 
55 12 232 206 0 
53 14 236 207 0 
51 17 245 222 0 
51 19 260 211 0 
47 19 258 204 0 
45 22 265 202 3 
47 26 275 218 0 
48 25 260 224 0 
48 24 272 233 0 
47 24 290 225 3 
50 29 294 225 3 
52 27 284 234 0 
54 28 286 237 0 
53 29 288 245 0 
51 31 287 256 0 
54 29 302 262 0 
55 28 312 270 0 
55 35 320 271 0 
52 32 326 270 0 
54 37 320 255 3 
61 35 331 268 0 
61 34 339 268 3 
63 36 343 266 3 
61 40 344 280 0 
65 40 349 283 3 
67 45 362 285 3 
71 44 367 295 3 
72 50 366 291 3 
77 52 385 299 3 
76 58 387 303 3 
73 54 390 306 3 
71 56 403 309 3 
77 53 402 309 3 
83 53 403 310 3 
81 53 409 323 3 
78 53 414 328 3 
81 51 400 328 3 
80 50 415 325 3 
72 51 431 324 3 
72 52 437 324 3 
69 52 437 325 3 
73 56 447 324 3 
70 58 467 323 3 
68 58 461 325 3 
63 54 458 326 3 
66 51 464 324 3 
64 49 471 329 3 
65 50 476 346 3 
61 50 492 342 3 
69 48 497 348 3 
70 48 496 354 3 
70 46 509 364 3 
67 45 518 368 3 
64 46 508 367 3 
74 50 527 384 3 
71 52 534 384 3 
74 53 533 378 3 
79 53 550 386 3 
77 54 550 385 3 
81 57 568 393 3 
82 64 584 391 3 
85 63 584 402 3 
83 67 587 395 3 
84 59 564 393 3 
79 68 567 388 3 
77 69 559 405 3 
80 65 562 409 3 
82 65 563 403 3 
81 65 567 396 3 
76 66 586 402 3 
70 64 594 404 3 
68 68 587 410 3 
63 68 592 409 3 
62 67 594 414 3 
63 66 620 423 3 
63 68 632 403 3 
64 72 636 417 3 
63 76 637 416 3 
64 77 632 429 3 
68 82 657 439 3 
67 81 668 428 3 
62 76 665 431 3 
60 78 669 442 3 
57 76 683 433 3 
63 80 690 441 3 
66 79 697 452 3 
67 74 707 462 3 
68 74 710 463 3 
62 80 713 462 3 
60 86 723 454 3 
59 95 705 463 3 
57 90 686 468 3 
56 87 713 449 3 
54 87 720 446 3 
52 92 731 453 3 
49 88 746 443 3 
50 89 761 443 3 
50 87 775 435 3 
51 84 774 427 3 
49 82 766 421 3 
54 85 771 429 3 
53 86 780 422 3 
52 82 802 422 3 
55 83 784 435 3 
59 89 781 439 3 
61 86 771 434 3 
62 88 775 439 3 
63 91 768 433 3 
67 86 755 427 3 
72 84 751 431 3 
75 83 747 427 3 
78 81 732 431 3 
79 83 718 436 3 
79 81 739 436 3 
73 84 769 440 3 
76 88 781 438 3 
74 94 776 441 3 
73 89 779 440 3 
70 94 778 456 3 
68 90 775 461 3 
66 91 788 458 3 
69 87 794 457 3 
74 89 799 460 3 
76 85 805 466 3 
76 94 819 468 3 
81 96 800 472 3 
88 94 806 464 3 
86 89 823 478 3 
85 86 823 472 3 
84 90 810 488 3 
87 87 800 479 3 
86 90 804 501 3 
87 86 826 498 3 
86 92 838 498 3 
92 92 842 515 3 
90 91 850 504 3 
90 88 843 503 3 
86 93 853 508 3 
90 95 846 502 3 
83 95 857 495 3 
90 99 854 499 3 
83 99 838 489 3 
84 98 815 498 3 
80 101 820 496 3 
83 106 843 477 3 
82 107 830 484 3 
81 99 821 475 3 
83 97 811 468 3 
89 96 800 474 3 
91 104 817 473 3 
89 106 822 473 3 
91 102 799 491 3 
91 93 798 483 3 
96 93 805 479 3 
96 96 825 461 3 
98 96 812 469 3 
99 94 819 461 3 
102 96 807 465 3 
101 94 795 488 3 
105 89 813 492 3 
105 88 799 488 3 
100 84 802 486 3 
97 84 804 470 3 
100 87 820 471 3 
102 93 835 465 3 
106 91 813 459 3 
99 89 813 466 3 
97 89 817 461 3 
97 88 811 452 3 
100 89 794 449 3 
107 91 786 451 3 
103 87 807 455 3 
101 87 812 445 3 
101 89 811 448 3 
106 88 832 456 3 
105 88 841 443 3 
107 94 843 440 3 
101 92 840 439 3 
101 93 839 443 3 
98 85 822 431 3 
91 83 822 440 3 
98 79 826 452 3 
100 83 820 463 3 
107 85 809 477 3 
103 80 812 475 3 
101 77 808 493 3 
94 77 817 487 3 
91 84 813 482 3 
92 81 820 479 3 
95 82 834 473 3 
96 86 854 469 3 
101 81 861 465 3 
98 81 860 477 3 
97 82 863 475 3 
94 82 868 481 3 
92 83 876 472 3 
93 79 888 477 3 
92 75 900 510 3 
87 68 883 501 3 
87 70 872 506 3 
88 70 870 501 3 
86 71 888 512 3 
81 67 888 518 3 
81 67 856 525 3 
84 70 862 527 3 
87 66 846 518 3 
90 69 842 511 3 
94 74 830 510 3 
94 77 839 503 3 
92 71 832 523 3 
89 68 832 523 3 
90 66 836 499 3 
86 65 826 508 3 
89 70 826 512 3 
83 75 835 515 3 
81 78 825 526 3 
86 71 791 509 3 
83 68 786 518 3 
85 68 795 520 3 
87 68 822 523 3 
89 71 830 538 3 
96 69 826 537 3 
93 72 854 534 3 
89 68 835 533 3 
93 69 835 527 3 
94 70 853 522 3 
92 71 839 522 3 
93 76 860 518 3 
94 77 862 523 3 
88 78 882 524 3 
93 78 888 523 3 
96 82 889 534 3 
98 86 866 536 3 
95 92 872 531 3 
97 90 872 536 3 
92 94 868 529 3 
92 93 874 533 3 
90 91 885 545 3 
93 94 893 545 3 
90 93 901 541 3 
92 85 895 537 3 
96 82 874 546 3 
96 86 868 551 3 
91 80 871 555 3 
92 81 878 574 3 
95 83 889 558 3 
88 81 869 548 3 
87 79 863 556 3 
92 77 847 553 3 
90 78 846 539 3 
95 75 858 539 3 
94 68 854 537 3 
96 64 854 528 3 
102 61 847 532 3 
101 67 846 537 3 
103 70 838 545 3 
104 75 830 556 3 
101 78 842 555 3 
102 77 842 558 3 
100 74 839 563 3 
98 78 859 558 3 
100 78 851 566 3 
96 76 853 559 3 
101 78 869 535 3 
102 74 857 535 3 
107 73 842 524 3 
97 68 851 524 3 
94 77 840 531 3 
91 76 831 545 3 
94 72 821 528 3 
98 77 810 525 3 
93 79 836 516 3 
90 76 834 527 3 
85 78 823 521 3 
85 78 811 528 3 
80 88 815 521 3 
77 89 793 528 3 
84 92 762 517 3 
83 83 787 513 3 
84 81 782 514 3 
86 90 797 516 3 
84 90 805 520 3 
76 95 802 521 3 
76 94 817 518 3 
80 94 842 521 3 
84 90 857 528 3 
87 90 869 520 3 
82 89 864 525 3 
78 88 862 522 3 
81 94 863 530 3 
79 88 852 513 3 
85 96 872 520 3 
84 98 871 517 3 
86 100 867 532 3 
84 102 874 525 3 
79 108 868 511 3 
79 106 852 502 3 
73 110 856 503 3 
81 117 881 505 3 
79 110 885 495 3 
83 104 889 505 3 
90 100 876 507 3 
87 105 879 501 3 
88 104 892 497 3 
89 101 884 503 3 
92 93 890 523 3 
94 91 873 508 3 
95 89 872 507 3 
94 81 864 537 3 
98 79 869 531 3 
99 77 885 517 3 
98 71 897 518 3 
91 77 901 519 3 
92 75 902 515 3 
100 73 911 530 3 
94 67 897 520 3 
89 71 878 534 3 
89 74 876 529 3 
94 70 903 529 3 
99 75 892 511 3 
100 75 900 528 3 
97 78 917 526 3 
94 69 905 519 3 
95 66 900 531 3 
93 65 899 526 3 
103 66 894 526 3 
102 57 914 537 3 
103 58 910 542 3 
100 59 910 538 3 
94 59 924 541 3 
94 60 923 555 3 
98 62 921 549 3 
104 63 923 544 3 
105 65 922 537 3 
108 68 901 531 3 
112 73 890 513 3 
103 77 886 525 3 
99 79 891 532 3 
100 85 877 519 3 
101 86 893 519 3 
108 92 894 500 3 
105 93 889 503 3 
104 100 893 495 3 
108 101 897 497 3 
111 101 890 506 3 
111 97 888 504 3 
108 97 870 505 3 
104 94 858 503 3 
103 93 853 499 3 
99 89 840 490 3 
97 82 843 489 3 
88 79 838 496 3 
81 85 837 488 3 
79 79 836 491 3 
77 78 831 483 3 
79 80 820 485 3 
77 79 816 489 3 
76 85 822 468 3 
75 85 821 472 3 
69 89 813 451 3 
67 93 817 452 3 
67 92 829 464 3 
65 98 840 454 3 
65 96 866 471 3 
59 96 854 473 3 
58 95 878 467 3 
60 103 875 461 3 
63 108 867 467 3 
65 101 860 478 3 
69 95 879 471 3 
64 98 866 473 3 
60 99 862 465 3 
64 97 868 463 3 
63 98 867 439 3 
58 94 863 426 3 
62 92 868 442 3 
63 87 869 443 3 
65 91 869 444 3 
66 97 864 436 3 
69 101 884 437 3 
65 95 886 439 3 
67 96 872 450 3 
66 96 863 434 3 
70 104 863 441 3 
68 113 860 450 3 
68 109 839 445 3 
69 102 839 438 3 
75 105 834 444 3 
72 107 825 447 3 
76 103 828 435 3 
76 98 850 439 3 
85 98 842 442 3 
91 94 842 448 3 
91 95 826 464 3 
87 97 831 465 3 
89 97 839 466 3 
92 101 846 485 3 
93 101 872 486 3 
93 101 879 498 3 
97 93 882 487 3 
96 92 884 491 3 
96 90 873 488 3 
97 89 854 487 3 
102 93 857 481 3 
104 93 853 484 3 
101 95 859 479 3 
104 93 858 456 3 
109 93 845 457 3 
106 91 852 466 3 
113 89 869 471 3 
114 82 867 459 3 
115 81 865 464 3 
115 83 844 477 3 
113 81 865 472 3 
117 78 856 475 3 
119 75 825 473 3 
118 75 837 482 3 
114 71 840 477 3 
118 70 838 480 3 
109 61 859 483 3 
110 60 849 472 3 
117 61 867 472 3 
104 60 873 472 3 
103 57 884 480 3 
101 53 884 497 3 
104 48 900 503 3 
105 49 888 520 3 
107 52 876 527 3 
105 51 894 530 3 
100 55 893 534 3 
98 53 869 524 3 
99 55 886 521 3 
103 50 882 521 3 
104 51 877 538 3 
101 54 877 532 3 
98 54 890 519 3 
99 49 886 528 3 
107 48 892 543 3 
102 49 896 519 3 
106 53 901 536 3 
108 53 905 529 3 
99 52 901 510 3 
103 57 919 524 3 
103 59 925 525 3 
108 57 916 522 3 
104 52 919 514 3 
100 45 927 524 3 
95 46 968 522 3 
97 45 976 514 3 
97 47 955 512 3 
93 45 947 505 3 
95 42 961 515 3 
99 40 948 523 3 
96 46 944 512 3 
92 47 930 531 3 
98 48 908 534 3 
99 44 927 533 3 
101 41 936 531 3 
112 40 913 527 3 
116 41 902 519 3 
109 43 890 510 3 
109 40 880 501 3 
107 40 873 489 3 
115 40 859 485 3 
124 36 872 483 3 
125 35 883 490 3 
123 34 907 486 3 
132 32 903 491 3 
139 31 883 500 3 
136 32 884 497 3 
133 32 883 517 3 
127 35 878 502 3 
124 35 873 505 3 
121 34 858 521 3 
126 34 867 529 3 
124 33 870 526 3 
129 34 878 521 3 
133 37 888 524 3 
133 38 865 524 3 
137 41 890 535 3 
140 37 872 521 3 
138 39 873 523 3 
143 37 871 512 3 
146 36 878 518 3 
149 43 860 521 3 
146 38 875 523 3 
141 35 849 519 3 
139 34 847 517 3 
134 38 844 515 3 
133 41 843 521 3 
138 40 848 514 3 
141 38 875 528 3 
143 41 889 508 3 
142 42 898 509 3 
145 40 886 515 3 
133 41 895 504 3 
127 42 891 500 3 
123 40 914 487 3 
115 42 919 485 3 
115 41 928 472 3 
120 42 932 468 3 
121 43 930 454 3 
123 49 937 455 3 
128 51 943 466 3 
136 51 944 452 3 
137 46 942 453 3 
131 44 957 448 3 
128 46 967 440 3 
129 46 947 454 3 
128 47 950 448 3 
133 45 948 439 3 
130 52 925 424 3 
128 50 914 424 3 
121 47 920 427 3 
124 48 943 419 3 
119 46 924 411 3 
121 49 929 412 3 
116 46 939 426 3 
117 47 943 426 3 
113 44 933 419 3 
112 46 918 426 3 
109 49 925 433 3 
110 48 925 434 3 
104 51 918 432 3 
111 49 929 433 3 
105 49 938 418 3 
109 49 946 419 3 
111 44 946 423 3 
105 38 941 415 3 
108 40 937 419 3 
113 39 943 422 3 
107 42 945 424 3 
109 44 938 418 3 
105 44 949 418 3 
106 51 945 427 3 
105 54 936 420 3 
104 54 955 426 3 
104 56 932 425 3 
100 54 932 427 3 
99 54 955 425 3 
101 59 949 414 3 
104 60 947 417 3 
111 64 934 410 3 
108 67 930 402 3 
109 71 933 418 3 
110 65 936 406 3 
101 67 935 407 3 
107 65 951 390 3 
110 69 968 392 3 
112 68 980 403 3 
110 72 999 416 3 
111 72 995 410 3 
107 74 959 421 3 
110 70 946 425 3 
103 71 940 419 3 
99 77 946 415 3 
102 79 941 414 3 
100 82 936 413 3 
97 77 931 415 3 
90 75 935 416 3 
88 73 946 432 3 
93 72 933 428 3 
94 66 949 424 3 
90 64 934 418 3 
92 65 952 407 3 
93 69 975 400 3 
95 70 993 397 3 
97 66 993 408 3 
102 69 1001 418 3 
106 67 999 428 3 
102 62 981 439 3 
106 59 979 430 3 
104 66 976 432 3 
102 62 971 426 3 
99 66 994 426 3 
94 67 971 419 3 
93 56 962 430 3 
93 58 968 433 3 
96 59 981 424 3 
101 60 971 438 3 
101 54 976 432 3 
99 55 958 438 3 
96 59 977 454 3 
104 60 973 452 3 
108 58 982 428 3 
106 63 980 432 3 
107 67 960 434 3 
108 64 980 437 3 
102 62 966 422 3 
99 59 974 412 3 
102 59 970 412 3 
106 62 960 408 3 
111 64 958 414 3 
109 61 942 415 3 
105 60 949 408 3 
111 60 964 405 3 
118 58 965 388 3 
115 53 981 378 3 
117 56 1002 382 3 
113 59 1000 388 3 
113 62 976 383 3 
111 65 975 400 3 
113 63 970 407 3 
123 63 944 412 3 
118 59 969 410 3 
109 60 954 427 3 
113 67 954 415 3 
106 69 954 408 3 
108 75 920 404 3 
111 77 942 417 3 
110 72 946 433 3 
115 74 971 442 3 
120 75 956 441 3 
120 75 947 426 3 
113 80 943 441 3 
117 76 945 442 3 
116 73 934 449 3 
127 78 932 450 3 
123 78 910 442 3 
127 83 919 435 3 
122 81 913 437 3 
118 83 924 448 3 
119 86 939 449 3 
124 90 954 457 3 
128 90 938 452 3 
130 91 939 443 3 
130 89 941 444 3 
126 94 928 437 3 
122 95 937 425 3 
123 96 958 412 3 
128 97 959 418 3 
126 99 943 402 3 
130 100 942 399 3 
126 93 940 393 3 
134 92 945 393 3 
135 89 958 389 3 
130 93 968 374 3 
113 101 937 378 3 
108 104 952 391 3 
112 101 952 389 3 
111 91 960 396 3 
121 92 966 405 3 
113 94 978 399 3 
121 88 992 384 3 
117 84 997 376 3 
120 83 1012 387 3 
118 87 1022 383 3 
111 87 1007 383 3 
110 81 998 373 3 
111 78 999 377 3 
119 75 999 378 3 
119 75 1015 373 3 
120 80 1016 369 3 
112 79 1011 372 3 
116 74 1008 370 3 
127 73 988 373 3 
123 78 998 372 3 
123 84 996 370 3 
123 86 989 369 3 
123 81 966 371 3 
126 74 983 358 3 
131 79 999 347 3 
137 75 980 352 3 
139 78 977 345 3 
134 79 960 364 3 
129 79 945 366 3 
126 83 948 375 3 
126 80 941 367 3 
129 79 959 363 3 
124 79 964 368 3 
129 71 962 364 3 
125 70 966 346 3 
130 58 969 331 3 
126 62 971 329 3 
129 65 990 339 3 
135 65 972 322 3 
134 69 958 316 3 
124 70 960 313 3 
120 73 966 313 3 
130 75 966 315 3 
129 73 961 310 3 
124 73 989 302 3 
129 77 1008 296 3 
132 75 1003 303 3 
123 71 1024 290 3 
122 71 1039 280 3 
114 70 1039 288 3 
106 73 1040 287 3 
116 79 1022 293 3 
118 81 1025 308 3 
116 88 1043 306 3 
116 83 1046 307 3 
119 81 1027 309 3 
116 74 1039 311 3 
117 76 1038 328 3 
116 71 1017 331 3 
121 75 1011 343 3 
117 81 992 354 3 
119 73 986 354 3 
118 70 988 373 3 
121 74 980 371 3 
118 65 990 366 3 
121 62 981 357 3 
124 67 987 351 3 
123 67 1012 347 3 
127 65 1019 348 3 
121 64 1030 348 3 
121 66 1045 352 3 
125 67 1050 352 3 
122 71 1041 350 3 
122 74 1043 350 3 
118 73 1054 348 3 
120 77 1046 358 3 
123 72 1035 352 3 
119 81 1020 344 3 
120 78 1001 347 3 
132 79 1012 338 3 
138 81 1001 338 3 
134 81 998 344 3 
124 84 1013 336 3 
111 82 997 331 3 
111 81 1003 320 3 
113 86 1000 323 3 
120 94 999 321 3 
126 88 996 320 3 
131 85 991 322 3 
133 83 965 328 3 
128 79 941 336 3 
136 77 957 337 3 
142 76 973 338 3 
149 80 957 343 3 
137 88 957 344 3 
138 95 963 338 3 
141 87 947 334 3 
140 87 956 327 3 
146 85 972 335 3 
146 83 962 351 3 
147 83 946 344 3 
141 84 955 339 3 
144 86 960 340 3 
146 88 963 352 3 
153 88 961 346 3 
146 90 962 352 3 
140 88 956 348 3 
146 91 950 352 3 
150 97 951 351 3 
138 95 955 350 3 
130 97 947 353 3 
135 101 937 349 3 
126 100 934 336 3 
125 98 934 333 3 
130 100 936 323 3 
130 94 935 328 3 
125 97 920 349 3 
128 103 917 359 3 
132 105 908 350 3 
128 102 913 346 3 
130 102 922 343 3 
137 100 950 347 3 
141 99 946 359 3 
145 101 949 368 3 
145 98 925 374 3 
142 104 938 384 3 
152 100 936 388 3 
141 97 927 389 3 
139 95 920 391 3 
146 97 919 397 3 
146 96 922 404 3 
142 96 911 386 3 
140 98 910 379 3 
137 93 923 382 3 
141 88 931 384 3 
145 86 958 376 3 
152 84 948 377 3 
141 82 955 374 3 
139 82 976 372 3 
139 79 963 374 3 
147 81 966 392 3 
149 82 986 387 3 
154 74 981 391 3 
147 76 987 387 3 
149 82 965 391 3 
144 82 969 394 3 
148 86 953 387 3 
146 79 962 388 3 
145 77 961 388 3 
144 80 955 385 3 
136 80 957 385 3 
138 86 955 390 3 
133 91 958 378 3 
134 91 957 381 3 
132 89 923 376 3 
139 86 927 376 3 
135 88 921 382 3 
136 83 906 390 3 
130 90 919 387 3 
131 87 908 391 3 
137 89 905 401 3 
135 89 922 408 3 
136 86 948 414 3 
139 87 939 398 3 
140 88 936 398 3 
140 91 936 396 3 
137 79 919 385 3 
141 74 921 384 3 
139 78 910 394 3 
137 74 910 384 3 
132 74 907 379 3 
136 68 907 373 3 
132 67 909 379 3 
125 67 907 392 3 
127 74 911 394 3 
128 72 902 382 3 
132 73 903 386 3 
135 75 928 387 3 
132 77 922 389 3 
123 75 938 396 3 
129 79 922 411 3 
123 77 927 409 3 
117 70 912 399 3 
121 71 916 403 3 
125 77 901 401 3 
119 78 909 397 3 
112 83 881 396 3 
104 82 892 396 3 
108 74 904 406 3 
111 76 909 386 3 
108 74 928 401 3 
114 77 920 395 3 
112 84 922 400 3 
122 86 931 394 3 
121 84 935 389 3 
122 84 932 390 3 
122 79 910 383 3 
130 74 922 393 3 
128 75 921 384 3 
127 68 935 373 3 
131 72 940 382 3 
123 69 941 396 3 
