0 0 2 0 0 
0 0 4 0 0 
0 0 3 1 0 
0 0 5 1 0 
0 1 6 1 0 
0 1 6 2 0 
0 1 7 2 0 
1 1 6 2 0 
1 1 6 2 0 
1 3 6 2 0 
1 3 5 2 0 
1 3 6 2 0 
1 3 7 2 0 
2 2 6 3 0 
4 2 5 3 0 
5 1 6 2 0 
5 2 8 3 0 
6 2 10 4 0 
7 2 10 4 0 
7 2 11 4 0 
6 2 12 5 0 
4 2 12 6 0 
4 3 13 7 0 
5 3 12 8 0 
7 3 12 9 0 
6 2 14 12 0 
7 3 12 13 0 
7 3 13 17 0 
7 3 14 15 0 
8 3 13 14 0 
8 4 12 14 0 
8 5 14 14 0 
8 6 19 16 0 
8 7 22 18 0 
9 7 25 19 0 
10 7 23 24 0 
9 6 24 26 0 
8 6 21 28 0 
7 6 21 32 0 
8 6 25 31 0 
8 7 24 33 0 
8 8 28 33 0 
8 9 27 33 0 
9 10 31 33 0 
11 13 35 30 0 
12 13 37 33 0 
13 14 37 37 0 
12 15 43 36 0 
13 14 46 40 0 
14 16 48 40 0 
16 15 53 41 0 
16 13 53 39 0 
18 15 57 41 0 
18 14 62 41 0 
18 13 62 43 0 
24 16 60 42 0 
23 15 64 39 0 
21 17 72 40 3 
20 16 72 42 3 
20 14 69 43 0 
22 16 71 41 3 
25 16 70 42 3 
24 16 73 42 3 
22 16 78 41 3 
22 20 77 43 3 
26 20 83 44 3 
32 20 79 44 3 
35 24 75 50 0 
34 21 81 46 3 
34 21 88 47 3 
32 24 92 40 3 
29 29 95 41 3 
31 29 95 42 3 
31 29 92 44 3 
30 29 95 42 3 
29 30 97 40 3 
29 31 100 42 3 
30 34 105 40 3 
30 30 110 43 3 
30 30 111 45 3 
28 37 110 43 3 
26 33 120 42 3 
25 33 117 41 3 
24 30 114 45 3 
24 32 118 49 3 
22 34 119 49 3 
22 34 123 51 3 
24 28 129 57 3 
23 26 138 57 3 
22 26 147 54 3 
25 24 149 50 3 
27 23 159 57 3 
26 22 161 55 3 
33 26 168 58 3 
37 29 176 59 3 
35 29 173 57 3 
37 30 185 57 3 
36 28 180 56 3 
35 30 181 58 3 
34 29 187 56 3 
35 31 185 57 3 
35 33 194 60 3 
35 32 184 57 3 
36 31 188 53 3 
32 32 196 57 3 
35 33 201 61 3 
32 37 214 70 3 
29 41 223 75 3 
32 43 224 74 3 
35 39 232 76 3 
33 42 229 80 3 
31 44 222 86 3 
33 44 229 94 3 
30 43 241 106 3 
29 47 249 108 3 
27 48 260 108 3 
29 48 257 105 3 
31 44 256 100 3 
26 44 254 99 3 
29 44 254 101 3 
28 42 254 105 3 
29 47 261 107 3 
27 50 269 110 3 
24 46 284 119 3 
23 46 295 115 3 
24 47 300 115 3 
28 46 313 116 3 
29 51 320 121 3 
31 52 317 122 3 
38 59 305 133 3 
36 64 314 135 3 
37 61 307 131 3 
40 54 335 128 3 
40 56 346 127 3 
42 59 342 127 3 
38 61 333 132 3 
38 56 325 139 3 
40 55 321 132 3 
44 53 331 141 3 
44 50 335 146 3 
49 51 339 145 3 
50 49 349 145 3 
47 43 362 149 3 
46 43 370 150 3 
47 44 379 155 3 
49 44 381 161 3 
54 49 375 162 3 
55 51 372 157 3 
53 49 370 147 3 
49 47 365 145 3 
50 46 380 146 3 
52 48 375 153 3 
58 47 377 160 3 
57 45 381 169 3 
55 42 374 170 3 
56 40 375 168 3 
57 44 372 167 3 
60 40 376 175 3 
59 41 393 182 3 
67 39 386 193 3 
67 38 390 202 3 
68 36 400 210 3 
73 38 403 229 3 
74 39 395 223 3 
72 39 409 215 3 
72 42 415 229 3 
71 45 419 221 3 
77 46 430 218 3 
79 47 435 217 3 
81 46 459 235 3 
86 43 448 236 3 
85 45 446 248 3 
88 47 458 254 3 
85 53 458 250 3 
87 50 459 254 3 
88 48 449 248 3 
87 43 471 250 3 
87 45 468 261 3 
84 46 470 271 3 
81 47 466 266 3 
86 46 473 270 3 
80 52 474 275 3 
71 48 490 287 3 
76 49 491 287 3 
84 50 500 282 3 
84 48 514 279 3 
83 51 498 270 3 
78 52 506 282 3 
74 51 519 286 3 
68 55 529 269 3 
63 59 527 272 3 
64 57 539 267 3 
71 55 553 272 3 
69 58 555 273 3 
72 57 556 268 3 
66 60 568 256 3 
63 58 590 267 3 
58 55 592 258 3 
61 52 596 262 3 
64 53 577 269 3 
55 53 602 289 3 
55 50 612 304 3 
56 51 633 301 3 
60 53 645 301 3 
57 53 657 295 3 
58 53 668 306 3 
63 51 673 318 3 
61 54 671 316 3 
67 53 662 322 3 
75 55 672 328 3 
68 53 681 340 3 
67 55 695 337 3 
67 61 686 338 3 
63 68 689 346 3 
69 61 712 355 3 
64 63 717 351 3 
64 61 723 367 3 
61 58 733 361 3 
66 57 739 372 3 
68 55 745 371 3 
69 59 771 375 3 
69 53 770 377 3 
69 53 782 371 3 
73 52 765 366 3 
69 49 763 363 3 
67 52 763 374 3 
68 56 743 377 3 
67 53 733 385 3 
67 58 748 402 3 
67 56 746 403 3 
67 57 756 385 3 
70 60 758 388 3 
70 66 761 388 3 
70 62 785 383 3 
73 59 800 371 3 
75 62 808 373 3 
78 56 814 373 3 
79 60 817 376 3 
77 60 822 373 3 
79 66 822 371 3 
75 65 848 357 3 
79 65 861 364 3 
79 65 846 363 3 
77 55 844 363 3 
75 54 857 363 3 
80 55 865 376 3 
84 55 856 378 3 
90 60 876 378 3 
86 68 900 383 3 
82 67 872 379 3 
71 70 873 387 3 
76 70 862 387 3 
79 69 871 380 3 
77 64 886 378 3 
72 63 899 388 3 
75 60 897 391 3 
80 61 897 398 3 
76 63 899 406 3 
78 62 897 417 3 
71 64 899 422 3 
71 66 887 420 3 
74 64 890 421 3 
67 67 885 404 3 
67 63 908 396 3 
68 62 907 383 3 
68 63 903 382 3 
72 65 905 380 3 
73 63 902 382 3 
78 56 914 369 3 
83 58 909 376 3 
80 59 898 384 3 
82 54 891 406 3 
83 49 903 402 3 
86 51 906 412 3 
84 52 925 417 3 
86 54 936 405 3 
85 55 937 405 3 
88 55 944 399 3 
91 57 933 404 3 
99 54 954 402 3 
94 61 963 408 3 
92 58 950 401 3 
91 59 935 393 3 
94 62 940 398 3 
90 64 943 395 3 
85 57 948 391 3 
80 53 981 393 3 
82 58 971 398 3 
85 60 975 390 3 
80 60 968 377 3 
75 62 980 377 3 
76 54 987 373 3 
78 57 945 376 3 
83 61 953 375 3 
87 68 964 361 3 
87 69 928 356 3 
88 75 960 355 3 
89 75 975 350 3 
87 72 959 350 3 
93 72 950 342 3 
91 70 922 345 3 
100 74 930 341 3 
106 75 913 342 3 
107 73 913 346 3 
99 73 924 348 3 
100 74 902 356 3 
100 69 903 363 3 
104 72 921 362 3 
110 75 918 347 3 
109 76 897 331 3 
106 82 883 327 3 
111 92 874 341 3 
108 93 878 338 3 
115 87 893 343 3 
112 89 900 347 3 
109 85 900 344 3 
106 87 905 345 3 
109 83 927 337 3 
113 81 924 344 3 
103 83 933 339 3 
110 82 913 338 3 
108 81 905 344 3 
106 82 920 351 3 
109 87 927 353 3 
105 82 920 347 3 
111 84 930 344 3 
114 80 934 342 3 
113 75 927 332 3 
108 74 930 327 3 
105 76 922 332 3 
102 71 935 331 3 
96 65 919 337 3 
100 61 925 347 3 
100 67 946 360 3 
102 71 941 364 3 
99 68 944 355 3 
106 66 945 342 3 
104 64 952 340 3 
101 62 966 349 3 
111 64 970 349 3 
120 62 974 364 3 
120 61 979 369 3 
124 61 991 358 3 
126 54 992 371 3 
119 55 996 364 3 
121 54 997 365 3 
119 50 1002 367 3 
109 49 1017 386 3 
113 52 1007 388 3 
111 54 985 396 3 
112 56 945 386 3 
117 53 956 408 3 
115 51 953 400 3 
105 56 945 413 3 
97 58 940 423 3 
95 56 942 429 3 
91 61 938 434 3 
93 62 929 433 3 
98 58 920 446 3 
97 57 912 449 3 
95 50 898 434 3 
95 50 914 446 3 
96 49 941 440 3 
94 52 927 444 3 
96 46 927 454 3 
98 45 921 458 3 
91 51 911 444 3 
95 50 889 449 3 
105 51 907 455 3 
103 52 899 455 3 
116 53 896 455 3 
114 46 882 458 3 
110 45 869 456 3 
110 45 870 460 3 
98 43 851 461 3 
94 44 834 457 3 
97 47 832 466 3 
99 46 844 451 3 
93 47 839 465 3 
94 44 842 468 3 
92 40 839 450 3 
92 42 845 445 3 
83 40 844 450 3 
82 41 870 448 3 
83 42 893 452 3 
79 46 898 440 3 
80 45 902 438 3 
72 47 909 444 3 
81 45 907 447 3 
83 44 908 449 3 
80 45 884 440 3 
80 45 886 442 3 
85 45 884 450 3 
91 47 899 457 3 
88 49 895 457 3 
91 52 905 462 3 
87 52 896 466 3 
92 54 896 471 3 
97 52 917 460 3 
102 53 913 449 3 
102 56 959 458 3 
92 57 967 460 3 
92 59 947 446 3 
89 58 946 458 3 
86 54 957 466 3 
93 49 948 465 3 
95 44 972 467 3 
90 42 963 487 3 
94 39 957 476 3 
89 46 928 459 3 
96 46 947 463 3 
91 47 946 472 3 
95 51 962 474 3 
94 56 959 456 3 
91 60 955 446 3 
89 60 930 450 3 
95 60 944 463 3 
93 56 967 448 3 
95 54 982 438 3 
98 59 967 441 3 
100 62 966 441 3 
109 66 974 440 3 
108 61 984 444 3 
103 57 970 434 3 
99 58 1004 444 3 
101 61 980 433 3 
101 66 983 414 3 
97 53 983 419 3 
97 53 968 420 3 
96 52 982 423 3 
98 50 992 441 3 
92 47 987 440 3 
94 52 987 432 3 
100 51 981 426 3 
101 51 978 415 3 
106 51 974 408 3 
110 54 988 389 3 
111 52 966 389 3 
112 59 972 393 3 
103 60 965 402 3 
106 59 968 402 3 
108 64 972 395 3 
109 67 989 397 3 
109 64 962 396 3 
109 68 972 403 3 
106 61 952 396 3 
112 61 964 408 3 
113 58 961 403 3 
122 66 949 406 3 
122 65 957 415 3 
126 65 957 418 3 
121 63 941 409 3 
123 63 936 400 3 
120 67 956 410 3 
106 65 951 408 3 
102 64 948 413 3 
102 64 943 407 3 
97 63 935 409 3 
98 61 946 401 3 
101 64 935 399 3 
103 67 934 406 3 
102 75 930 400 3 
104 75 949 417 3 
105 81 952 414 3 
104 87 960 417 3 
109 81 963 414 3 
102 80 967 409 3 
106 75 962 407 3 
107 76 975 410 3 
105 78 962 427 3 
108 77 956 420 3 
99 76 964 431 3 
91 71 959 430 3 
96 73 975 431 3 
99 75 966 416 3 
99 70 984 433 3 
103 72 985 437 3 
101 67 1010 428 3 
95 69 1013 435 3 
89 70 1013 426 3 
84 62 1006 422 3 
93 64 991 407 3 
89 61 1004 389 3 
87 62 992 391 3 
89 62 1011 394 3 
84 58 1001 377 3 
80 60 991 372 3 
78 66 1003 360 3 
82 63 1027 361 3 
80 67 1026 366 3 
78 62 1021 365 3 
77 61 1039 367 3 
80 60 1068 377 3 
84 60 1070 374 3 
90 56 1061 370 3 
84 52 1031 376 3 
83 54 1031 375 3 
82 51 1030 372 3 
87 47 1028 371 3 
88 47 1024 369 3 
89 48 994 378 3 
87 54 970 381 3 
93 52 1002 384 3 
94 55 994 372 3 
91 53 1007 361 3 
86 56 997 382 3 
82 60 996 370 3 
74 53 1011 374 3 
68 53 999 357 3 
67 59 1019 359 3 
69 56 986 361 3 
69 56 973 362 3 
68 57 986 362 3 
64 54 996 378 3 
61 55 1006 372 3 
64 53 1010 381 3 
67 55 998 391 3 
64 57 1008 380 3 
66 58 1017 373 3 
64 58 1031 366 3 
68 58 1059 366 3 
66 61 1078 363 3 
59 63 1075 346 3 
54 56 1082 346 3 
54 51 1070 347 3 
55 52 1080 347 3 
52 54 1082 344 3 
53 61 1060 345 3 
57 59 1042 355 3 
52 59 1025 353 3 
47 56 1033 355 3 
50 56 1012 360 3 
43 55 1014 362 3 
46 59 996 347 3 
44 59 998 354 3 
51 61 1016 358 3 
51 60 994 357 3 
51 61 997 353 3 
49 64 988 352 3 
48 59 1000 354 3 
50 54 985 371 3 
46 52 973 348 3 
44 55 999 354 3 
49 57 997 359 3 
50 60 1038 366 3 
48 59 1039 348 3 
45 64 1047 353 3 
49 62 1057 349 3 
46 60 1045 357 3 
45 58 1066 357 3 
45 50 1066 356 3 
45 53 1052 358 3 
45 57 1062 357 3 
44 59 1073 339 3 
41 57 1060 332 3 
41 55 1072 344 3 
45 53 1076 353 3 
49 44 1069 355 3 
48 44 1049 350 3 
50 49 1030 364 3 
47 51 1035 368 3 
41 52 1064 365 3 
47 55 1059 361 3 
46 54 1076 347 3 
43 53 1089 353 3 
42 51 1125 356 3 
43 53 1097 359 3 
47 53 1107 353 3 
48 51 1080 362 3 
51 56 1093 362 3 
52 53 1085 359 3 
56 51 1091 358 3 
52 52 1117 362 3 
53 51 1112 360 3 
62 50 1100 365 3 
68 54 1103 358 3 
66 47 1110 359 3 
65 49 1120 358 3 
65 51 1118 350 3 
68 53 1124 352 3 
68 56 1111 353 3 
71 57 1098 361 3 
69 61 1125 359 3 
69 62 1086 358 3 
67 60 1106 367 3 
65 65 1113 354 3 
67 68 1099 348 3 
68 67 1110 347 3 
67 67 1110 342 3 
65 66 1089 340 3 
63 67 1083 319 3 
60 68 1093 329 3 
58 68 1113 330 3 
53 69 1112 342 3 
50 71 1089 351 3 
52 66 1107 349 3 
50 64 1109 355 3 
53 61 1109 365 3 
56 61 1101 351 3 
53 65 1093 344 3 
58 61 1100 350 3 
62 63 1115 349 3 
71 65 1116 353 3 
74 58 1106 343 3 
77 57 1123 351 3 
78 58 1119 355 3 
82 56 1115 353 3 
84 53 1130 357 3 
82 56 1134 359 3 
83 50 1132 361 3 
92 49 1131 363 3 
94 55 1116 362 3 
97 57 1108 352 3 
102 60 1119 353 3 
103 59 1103 350 3 
106 55 1103 346 3 
96 56 1139 351 3 
106 51 1140 346 3 
108 50 1132 347 3 
99 46 1109 345 3 
98 46 1116 336 3 
96 47 1102 322 3 
102 40 1092 315 3 
102 48 1111 323 3 
103 52 1095 330 3 
100 53 1117 330 3 
97 52 1100 345 3 
98 52 1119 343 3 
100 53 1121 350 3 
98 51 1100 352 3 
92 54 1092 348 3 
98 58 1082 339 3 
99 55 1071 348 3 
96 57 1075 341 3 
96 56 1089 328 3 
96 59 1088 333 3 
100 57 1083 344 3 
99 63 1089 339 3 
101 57 1079 349 3 
101 55 1084 330 3 
108 54 1085 337 3 
107 55 1081 338 3 
104 58 1083 321 3 
103 56 1105 319 3 
104 55 1091 316 3 
108 50 1090 316 3 
108 47 1076 304 3 
107 48 1094 307 3 
116 48 1084 309 3 
118 49 1074 295 3 
119 47 1062 291 3 
117 48 1055 290 3 
112 48 1053 294 3 
114 50 1058 293 3 
114 51 1048 298 3 
109 54 1028 292 3 
119 59 1050 302 3 
120 57 1069 298 3 
117 54 1073 293 3 
113 48 1060 294 3 
116 51 1081 306 3 
120 48 1081 294 3 
124 48 1058 306 3 
115 48 1066 310 3 
117 48 1085 313 3 
118 46 1097 306 3 
121 43 1083 310 3 
112 47 1087 306 3 
113 47 1083 308 3 
107 45 1111 306 3 
109 44 1098 300 3 
115 45 1097 301 3 
110 48 1091 299 3 
107 50 1110 314 3 
110 48 1129 314 3 
110 49 1118 312 3 
109 48 1121 320 3 
114 49 1112 327 3 
112 48 1108 322 3 
109 46 1090 315 3 
107 44 1091 311 3 
109 48 1098 307 3 
115 52 1075 315 3 
119 51 1058 309 3 
115 54 1058 314 3 
117 50 1065 309 3 
121 47 1068 316 3 
125 47 1062 321 3 
131 52 1082 310 3 
141 51 1077 309 3 
147 47 1051 296 3 
135 47 1045 294 3 
118 47 1043 298 3 
117 43 1047 286 3 
115 42 1057 287 3 
119 47 1054 275 3 
114 48 1073 268 3 
111 46 1077 269 3 
103 43 1086 266 3 
100 43 1102 271 3 
96 48 1072 273 3 
101 45 1097 290 3 
106 44 1083 295 3 
108 43 1083 308 3 
108 43 1079 311 3 
113 41 1104 314 3 
111 41 1119 325 3 
117 42 1110 328 3 
112 41 1125 337 3 
113 42 1115 343 3 
113 43 1124 344 3 
108 47 1097 350 3 
103 46 1084 357 3 
102 43 1102 350 3 
103 40 1078 343 3 
96 45 1070 313 3 
98 43 1061 318 3 
101 43 1061 325 3 
99 40 1098 328 3 
103 38 1095 322 3 
106 42 1097 333 3 
110 37 1084 346 3 
109 33 1091 331 3 
114 35 1103 333 3 
106 34 1111 338 3 
108 34 1096 325 3 
107 34 1095 325 3 
107 37 1113 323 3 
105 39 1114 323 3 
106 38 1114 325 3 
104 42 1082 320 3 
102 50 1068 328 3 
105 49 1083 326 3 
102 50 1078 325 3 
103 50 1069 307 3 
104 54 1027 312 3 
105 50 1032 322 3 
104 54 1020 321 3 
103 49 1021 337 3 
110 56 1048 328 3 
114 54 1043 325 3 
109 53 1073 337 3 
106 53 1087 327 3 
110 59 1118 334 3 
113 58 1099 338 3 
108 55 1105 327 3 
103 54 1089 339 3 
107 55 1067 336 3 
111 59 1034 336 3 
117 60 1014 334 3 
111 61 1028 338 3 
109 58 1019 336 3 
100 55 1026 359 3 
93 58 1026 367 3 
84 59 1052 359 3 
84 60 1045 359 3 
85 62 1023 353 3 
86 69 1048 346 3 
84 64 1047 345 3 
86 63 1036 332 3 
82 57 1035 334 3 
84 57 1030 336 3 
84 59 1037 342 3 
89 57 1049 352 3 
91 55 1058 338 3 
86 46 1050 341 3 
80 50 1042 348 3 
79 51 1028 344 3 
75 49 1001 338 3 
73 52 985 356 3 
75 55 977 361 3 
78 58 1003 353 3 
78 61 1005 356 3 
85 62 988 351 3 
89 63 1009 354 3 
88 64 1005 346 3 
87 65 1021 340 3 
86 62 1007 360 3 
82 59 1029 367 3 
83 63 1013 380 3 
85 62 1009 379 3 
90 63 1005 369 3 
93 65 1000 364 3 
93 62 1002 362 3 
92 59 1012 362 3 
89 60 1020 372 3 
83 57 1004 374 3 
86 58 1006 377 3 
87 61 1018 382 3 
93 61 1012 382 3 
93 69 1011 378 3 
99 68 1009 368 3 
96 68 998 354 3 
98 67 1010 363 3 
97 65 1011 363 3 
97 64 1004 381 3 
101 66 1034 368 3 
100 68 1025 375 3 
102 77 1021 374 3 
106 81 1034 367 3 
103 74 1046 367 3 
106 80 1030 366 3 
103 79 1046 371 3 
101 79 1045 371 3 
94 77 1061 380 3 
90 74 1061 377 3 
92 70 1049 370 3 
86 67 1063 370 3 
89 70 1071 371 3 
90 67 1060 380 3 
96 67 1042 365 3 
94 68 1051 358 3 
93 64 1068 368 3 
90 65 1053 379 3 
90 66 1049 370 3 
90 64 1033 370 3 
92 55 1047 368 3 
99 55 1064 379 3 
90 50 1060 382 3 
88 51 1041 391 3 
88 54 1007 382 3 
91 48 1006 375 3 
89 44 1019 373 3 
87 49 1014 364 3 
85 54 996 377 3 
87 50 1026 362 3 
90 48 1045 368 3 
87 49 1047 370 3 
85 51 1037 384 3 
90 49 1047 373 3 
94 55 1044 373 3 
82 59 1058 368 3 
83 63 1073 377 3 
92 68 1100 382 3 
95 65 1099 391 3 
92 69 1088 386 3 
87 67 1075 381 3 
85 69 1053 374 3 
84 64 1061 365 3 
80 62 1057 371 3 
84 63 1033 365 3 
83 67 1064 370 3 
83 68 1064 377 3 
83 68 1054 373 3 
85 67 1044 364 3 
87 72 1035 359 3 
88 76 1024 353 3 
88 77 1020 347 3 
93 79 1011 338 3 
90 75 1035 342 3 
90 77 1015 340 3 
98 76 1008 337 3 
91 80 1017 346 3 
100 86 1020 339 3 
98 88 1023 324 3 
93 89 1023 343 3 
89 91 1034 327 3 
92 91 1046 320 3 
94 93 1042 326 3 
92 97 1050 330 3 
92 96 1026 334 3 
90 94 1021 349 3 
81 92 1018 341 3 
87 89 1007 336 3 
84 87 990 332 3 
87 89 980 343 3 
89 86 967 351 3 
85 88 966 345 3 
84 87 975 356 3 
76 89 991 360 3 
75 87 1013 370 3 
73 90 1014 395 3 
78 91 1012 381 3 
78 88 986 376 3 
84 86 985 367 3 
76 90 985 352 3 
80 97 981 357 3 
83 93 975 353 3 
77 86 969 344 3 
76 82 970 341 3 
77 87 960 349 3 
76 92 964 353 3 
76 96 992 352 3 
80 86 1002 341 3 
76 86 1025 339 3 
76 80 1026 339 3 
75 86 1016 340 3 
76 81 1042 339 3 
82 78 1034 339 3 
85 75 1014 341 3 
87 76 981 358 3 
89 73 964 375 3 
89 72 952 374 3 
86 71 937 366 3 
85 65 933 356 3 
83 68 920 358 3 
80 68 907 354 3 
83 70 930 352 3 
81 70 939 364 3 
85 68 940 357 3 
83 71 941 358 3 
83 70 962 354 3 
82 73 951 355 3 
84 69 961 358 3 
84 68 963 366 3 
90 69 974 343 3 
94 73 964 335 3 
98 73 963 348 3 
99 72 955 346 3 
92 69 974 350 3 
90 71 985 354 3 
88 72 970 358 3 
98 70 998 352 3 
100 74 1002 352 3 
102 71 1011 343 3 
111 65 989 338 3 
108 66 985 340 3 
106 61 965 341 3 
107 57 976 349 3 
98 56 994 350 3 
92 53 995 352 3 
96 52 998 348 3 
98 49 998 345 3 
94 54 992 351 3 
108 57 995 373 3 
112 60 988 366 3 
112 62 984 367 3 
115 62 957 381 3 
115 59 983 388 3 
122 58 984 380 3 
116 55 996 394 3 
111 61 969 381 3 
111 67 980 388 3 
110 64 994 393 3 
111 64 1008 387 3 
110 61 1013 383 3 
119 63 1031 382 3 
118 64 1015 377 3 
117 65 1031 369 3 
114 65 1034 363 3 
111 66 1028 368 3 
113 69 1041 364 3 
116 65 1084 373 3 
117 67 1069 370 3 
110 66 1064 362 3 
106 67 1073 363 3 
111 64 1057 363 3 
114 59 1060 354 3 
106 59 1041 349 3 
107 63 1031 347 3 
108 60 1030 351 3 
105 62 1047 353 3 
102 62 1051 342 3 
102 61 1028 336 3 
105 57 1036 347 3 
99 58 1014 340 3 
95 58 1007 352 3 
100 62 1007 353 3 
98 60 1043 359 3 
98 57 1049 358 3 
97 56 1047 357 3 
95 56 1043 361 3 
97 61 1028 365 3 
93 60 1032 367 3 
87 62 1031 358 3 
93 66 1023 353 3 
89 66 1024 354 3 
96 64 1015 374 3 
91 66 1011 379 3 
84 64 1008 382 3 
81 65 1003 382 3 
79 65 1014 394 3 
77 66 1016 401 3 
77 65 1028 410 3 
80 62 1035 410 3 
86 61 1052 409 3 
87 61 1047 406 3 
79 63 1055 415 3 
80 56 1063 409 3 
81 52 1054 412 3 
83 52 1050 416 3 
81 54 1075 420 3 
79 57 1061 423 3 
81 58 1050 407 3 
84 53 1050 402 3 
83 50 1046 413 3 
87 55 1079 419 3 
85 55 1073 422 3 
86 60 1079 419 3 
83 58 1078 423 3 
83 57 1075 430 3 
82 63 1090 429 3 
84 59 1070 434 3 
80 50 1062 444 3 
86 51 1063 442 3 
90 47 1060 435 3 
92 50 1062 438 3 
93 48 1054 445 3 
97 51 1058 439 3 
96 53 1072 451 3 
