2 0 0 0 0 
2 0 0 0 0 
3 0 0 0 0 
3 2 0 0 0 
3 2 1 0 0 
4 2 1 0 0 
3 2 1 1 0 
2 3 1 1 0 
4 3 1 1 0 
3 3 2 2 0 
1 4 2 2 0 
2 5 3 2 0 
2 6 2 2 0 
2 7 4 2 0 
2 8 4 2 0 
2 7 5 3 0 
1 5 6 3 0 
1 5 6 3 0 
1 5 7 3 0 
1 7 6 3 0 
2 9 6 4 0 
3 10 6 4 0 
3 10 8 6 0 
3 10 7 6 0 
3 11 7 7 0 
4 10 6 7 0 
6 9 6 6 0 
6 7 7 7 0 
6 7 7 6 0 
6 7 7 7 0 
6 7 6 10 0 
5 7 7 9 0 
5 5 9 10 0 
5 4 11 12 0 
5 5 9 11 0 
5 5 8 11 0 
5 4 10 14 0 
5 5 9 18 0 
6 6 10 21 0 
6 6 9 22 0 
5 7 9 24 4 
5 6 10 24 0 
5 7 11 25 0 
5 6 16 25 0 
5 7 15 24 0 
5 6 19 28 0 
8 6 21 30 0 
9 9 24 32 0 
9 9 25 33 0 
11 9 25 32 0 
13 10 19 38 0 
14 10 25 37 0 
12 6 25 41 0 
10 6 30 45 0 
8 5 31 46 0 
7 6 29 45 0 
5 11 29 47 0 
8 14 32 44 0 
7 14 35 39 0 
8 15 34 36 0 
8 16 39 35 0 
8 16 45 38 0 
8 14 45 38 0 
9 15 49 38 0 
10 15 46 37 0 
10 16 56 39 0 
10 16 59 39 0 
12 15 61 41 0 
13 15 61 42 0 
13 20 63 37 3 
15 17 65 40 0 
13 13 69 40 3 
13 16 66 39 3 
13 16 69 39 3 
11 17 70 36 3 
15 16 70 34 3 
15 12 72 34 3 
14 13 77 35 3 
17 14 69 36 3 
18 16 77 35 3 
19 17 76 39 3 
19 16 77 38 3 
19 18 75 33 3 
19 16 78 31 3 
18 17 74 28 3 
17 14 75 28 3 
17 12 74 29 3 
19 11 74 32 3 
21 14 80 36 3 
20 13 83 36 3 
23 14 89 37 3 
22 15 89 36 3 
23 16 93 40 3 
23 17 89 36 3 
23 17 85 33 3 
26 19 85 32 3 
25 19 90 29 3 
27 22 101 29 3 
31 19 106 29 3 
30 18 114 31 3 
34 18 130 31 3 
35 18 137 30 3 
38 21 134 32 3 
36 20 128 36 3 
42 17 125 37 3 
40 20 127 42 3 
41 21 129 46 3 
44 20 127 46 3 
44 22 127 45 3 
46 22 122 47 3 
45 20 129 46 3 
44 21 133 54 3 
45 23 124 58 3 
44 28 122 55 3 
46 25 122 68 3 
48 27 132 68 3 
49 29 129 70 3 
56 30 134 66 3 
56 36 140 62 3 
55 34 139 64 3 
56 35 140 66 3 
56 37 140 67 3 
57 38 142 71 3 
58 43 139 76 3 
58 47 142 77 3 
57 49 143 77 3 
58 45 149 81 3 
56 43 157 87 3 
56 41 150 90 3 
56 42 148 94 3 
59 45 153 101 3 
60 44 155 107 3 
66 47 157 103 3 
65 51 158 99 3 
67 58 157 100 3 
69 65 151 102 3 
67 56 151 110 0 
67 60 154 109 3 
69 55 157 110 3 
71 58 155 123 0 
68 58 148 130 0 
72 55 147 129 0 
76 57 150 133 0 
76 57 162 140 0 
82 60 162 140 0 
78 59 160 140 0 
80 62 172 150 0 
81 66 180 145 0 
77 65 182 146 0 
75 68 187 147 0 
74 69 195 154 0 
70 70 186 146 0 
71 70 192 153 0 
72 64 194 154 0 
71 65 199 157 0 
68 67 202 162 0 
74 70 205 171 0 
69 69 209 171 0 
68 74 211 166 0 
73 71 223 177 0 
76 75 237 187 0 
72 71 238 194 0 
70 71 233 194 0 
64 67 239 195 0 
61 66 233 199 0 
63 66 232 209 0 
62 68 234 209 0 
64 68 232 219 0 
64 69 228 222 0 
56 67 245 217 0 
59 63 243 225 0 
68 63 237 221 0 
71 62 238 229 0 
73 57 237 226 0 
75 54 239 225 0 
79 58 247 226 0 
80 58 257 238 0 
86 55 269 242 0 
86 58 282 242 0 
85 60 288 236 0 
89 57 303 238 3 
89 61 293 243 0 
87 59 298 239 0 
86 57 304 242 3 
84 55 304 258 0 
86 57 311 266 0 
85 62 311 269 0 
85 65 316 260 0 
87 67 311 275 0 
89 71 321 266 0 
86 71 322 268 0 
86 72 321 272 0 
91 72 322 274 0 
95 71 332 278 0 
100 72 330 278 0 
98 71 343 288 0 
95 79 362 288 3 
103 81 376 290 3 
105 79 382 294 3 
114 79 374 297 3 
111 83 361 304 0 
113 84 359 326 0 
121 81 373 341 0 
125 77 380 326 0 
128 79 379 326 0 
132 85 393 331 0 
127 87 390 345 0 
136 89 387 339 0 
128 91 390 344 0 
122 98 397 352 0 
121 102 416 347 0 
121 105 410 351 0 
127 105 403 354 0 
129 106 413 350 0 
133 105 424 350 3 
133 105 430 351 3 
128 102 437 363 3 
129 102 451 370 3 
123 104 462 359 3 
124 105 478 368 3 
113 104 487 367 3 
109 101 486 376 3 
110 107 467 372 3 
118 100 472 376 3 
121 102 473 385 3 
120 110 478 395 3 
123 108 490 407 3 
116 109 498 414 3 
121 114 497 403 3 
120 112 488 407 3 
122 116 486 423 0 
125 117 489 418 0 
133 121 504 431 0 
133 113 497 451 0 
122 115 496 452 0 
118 119 503 458 0 
115 112 503 447 0 
108 119 503 436 0 
111 113 519 436 3 
120 115 506 451 0 
114 114 508 448 0 
113 113 513 448 0 
110 113 513 449 0 
114 118 530 462 0 
113 118 526 478 0 
110 120 527 476 0 
105 111 551 464 3 
105 109 550 476 0 
109 107 564 479 3 
111 106 555 490 0 
115 106 566 469 3 
118 98 577 488 3 
112 101 558 490 0 
113 106 569 504 0 
108 107 586 491 3 
106 109 603 500 3 
99 99 606 503 3 
104 91 588 509 0 
98 97 606 501 3 
101 93 622 505 3 
102 86 638 505 3 
105 78 651 498 3 
104 74 654 496 3 
112 75 658 487 3 
119 71 659 472 3 
118 72 653 473 3 
114 64 653 489 3 
121 64 662 490 3 
123 71 654 502 3 
124 70 657 526 3 
127 70 664 508 3 
131 61 652 515 3 
133 64 664 515 3 
136 67 678 526 3 
134 66 664 534 3 
136 59 667 532 3 
142 59 690 530 3 
146 60 681 527 3 
150 61 685 522 3 
144 67 699 526 3 
138 64 700 528 3 
128 70 692 527 3 
121 67 702 545 3 
117 67 691 551 3 
124 67 694 535 3 
127 62 685 528 3 
126 63 669 527 3 
129 60 668 533 3 
126 60 673 556 3 
128 65 684 547 3 
136 70 699 536 3 
133 69 719 534 3 
136 69 697 544 3 
145 64 717 541 3 
139 61 737 540 3 
131 61 745 532 3 
127 62 728 541 3 
121 62 709 537 3 
115 65 698 561 3 
118 63 699 564 3 
110 68 687 554 3 
111 66 704 563 3 
105 60 699 576 3 
106 65 703 559 3 
109 63 706 557 3 
106 58 702 569 3 
108 59 703 570 3 
101 60 713 574 3 
101 65 720 561 3 
105 65 728 559 3 
99 66 750 557 3 
94 63 750 561 3 
99 66 736 555 3 
100 67 738 549 3 
101 72 772 558 3 
95 71 762 547 3 
93 69 754 557 3 
88 72 744 568 3 
93 69 749 557 3 
89 73 742 571 3 
87 77 732 562 3 
88 80 740 560 3 
90 69 736 561 3 
86 68 760 555 3 
87 65 780 565 3 
81 72 760 564 3 
82 75 781 567 3 
80 75 765 579 3 
84 70 765 573 3 
81 69 778 566 3 
86 69 776 580 3 
90 73 791 585 3 
97 73 802 576 3 
101 73 783 571 3 
105 66 798 573 3 
107 65 801 589 3 
106 71 802 609 3 
100 70 800 614 3 
103 79 808 595 3 
100 79 814 596 3 
95 76 815 586 3 
97 74 808 592 3 
93 71 819 585 3 
87 71 821 605 3 
88 75 827 603 3 
88 78 842 594 3 
75 79 840 586 3 
70 85 829 591 3 
69 88 815 593 3 
69 87 804 599 3 
67 88 805 592 3 
64 87 812 595 3 
65 82 807 594 3 
64 82 835 578 3 
53 83 828 573 3 
52 87 836 582 3 
49 88 821 576 3 
50 87 807 568 3 
47 81 796 556 3 
44 91 792 553 3 
45 95 794 542 3 
51 92 782 547 3 
52 91 780 559 3 
55 86 782 571 3 
52 93 780 582 3 
53 91 771 580 3 
47 93 764 587 3 
48 83 789 598 3 
47 82 801 586 3 
47 77 781 588 3 
42 79 789 599 3 
47 77 810 591 3 
49 72 812 606 3 
50 69 816 613 3 
48 65 840 617 3 
51 68 849 629 3 
54 66 842 624 3 
49 65 845 606 3 
51 63 841 610 3 
53 68 833 614 3 
53 70 849 620 3 
52 65 870 628 3 
50 65 861 612 3 
49 69 859 621 3 
48 69 879 615 3 
49 70 876 606 3 
51 72 889 618 3 
52 77 904 611 3 
55 77 904 628 3 
53 77 895 617 3 
55 78 887 615 3 
56 78 899 607 3 
51 70 890 595 3 
51 68 892 610 3 
52 70 894 606 3 
52 67 894 597 3 
52 62 892 602 3 
50 67 899 613 3 
49 77 891 623 3 
48 80 874 624 3 
48 77 886 622 3 
51 78 892 626 3 
53 78 870 632 3 
51 79 873 644 3 
53 76 854 646 3 
57 68 847 642 3 
55 61 846 617 3 
56 59 847 604 3 
58 64 850 614 3 
53 66 855 613 3 
54 63 841 632 3 
51 64 845 634 3 
50 66 836 633 3 
55 68 834 623 3 
52 71 836 620 3 
50 69 854 603 3 
49 65 862 615 3 
47 63 878 609 3 
48 61 889 602 3 
52 59 896 612 3 
53 61 906 617 3 
50 54 884 606 3 
48 59 875 605 3 
47 61 848 607 3 
45 66 836 594 3 
48 67 837 603 3 
44 72 842 609 3 
47 73 842 620 3 
49 71 837 627 3 
47 71 841 637 3 
52 75 827 628 3 
52 76 815 629 3 
50 74 845 636 3 
52 73 840 645 3 
53 69 833 650 3 
56 69 852 645 3 
58 72 837 641 3 
62 71 826 633 3 
64 75 820 648 3 
62 74 827 650 3 
64 73 810 643 3 
65 61 828 647 3 
60 58 861 642 3 
62 66 877 614 3 
63 64 879 611 3 
61 71 894 600 3 
61 66 887 601 3 
70 69 889 613 3 
64 64 907 610 3 
64 67 909 601 3 
64 66 881 605 3 
66 66 874 600 3 
68 62 863 589 3 
78 61 875 585 3 
75 59 888 597 3 
75 60 867 592 3 
73 62 878 604 3 
70 64 853 608 3 
78 71 845 615 3 
77 68 841 623 3 
75 72 839 619 3 
75 66 838 616 3 
69 71 856 621 3 
71 77 844 611 3 
75 76 868 628 3 
81 77 889 623 3 
74 75 874 620 3 
74 72 867 627 3 
68 77 857 641 3 
69 78 844 651 3 
72 79 864 658 3 
76 74 858 657 3 
77 74 857 642 3 
77 67 847 654 3 
82 72 841 660 3 
82 79 851 647 3 
83 80 849 646 3 
79 73 843 632 3 
76 69 835 634 3 
79 69 844 644 3 
85 74 859 635 3 
85 76 854 645 3 
82 76 853 646 3 
87 73 868 639 3 
90 74 868 634 3 
94 79 880 645 3 
85 81 881 630 3 
79 83 889 608 3 
74 89 856 616 3 
73 88 868 622 3 
80 89 866 621 3 
78 83 837 619 3 
82 86 854 618 3 
76 84 867 607 3 
84 82 875 607 3 
83 83 857 617 3 
81 77 860 628 3 
80 80 857 630 3 
77 79 854 620 3 
79 78 849 597 3 
84 81 874 617 3 
79 79 857 622 3 
83 80 876 641 3 
85 85 863 647 3 
93 78 866 655 3 
95 76 862 648 3 
93 67 883 646 3 
96 69 903 638 3 
95 68 887 631 3 
92 69 872 623 3 
91 70 873 618 3 
86 69 860 599 3 
84 62 854 613 3 
81 60 848 618 3 
83 57 834 616 3 
82 53 842 618 3 
82 57 833 593 3 
83 57 838 588 3 
82 56 825 584 3 
86 56 824 599 3 
80 56 852 580 3 
88 52 877 579 3 
93 54 898 575 3 
105 54 907 572 3 
103 56 926 572 3 
111 54 936 565 3 
107 53 941 559 3 
107 56 942 548 3 
99 57 943 548 3 
96 51 949 547 3 
98 49 938 529 3 
100 49 942 545 3 
107 49 947 535 3 
110 54 948 541 3 
117 60 936 543 3 
118 56 939 529 3 
125 55 937 531 3 
128 57 926 529 3 
125 58 948 535 3 
121 58 926 525 3 
118 63 941 519 3 
116 67 921 508 3 
113 62 919 502 3 
114 55 948 504 3 
113 60 953 489 3 
110 57 951 488 3 
117 61 952 491 3 
128 60 910 498 3 
133 58 897 506 3 
132 51 909 494 3 
140 49 897 488 3 
134 47 923 487 3 
129 47 938 480 3 
134 48 927 490 3 
129 46 922 496 3 
126 43 913 496 3 
119 41 937 489 3 
123 37 926 500 3 
120 39 891 490 3 
117 40 896 496 3 
115 43 887 505 3 
120 40 885 492 3 
124 40 864 497 3 
125 37 864 509 3 
123 40 876 519 3 
119 33 882 507 3 
116 30 895 506 3 
106 27 905 521 3 
108 26 909 518 3 
107 25 898 528 3 
106 26 912 526 3 
107 28 915 529 3 
99 26 914 530 3 
99 29 919 542 3 
104 29 920 548 3 
109 29 918 525 3 
105 36 931 520 3 
104 42 919 520 3 
103 39 921 520 3 
109 42 924 506 3 
109 41 925 508 3 
110 40 922 509 3 
107 41 894 505 3 
105 43 899 506 3 
110 42 893 513 3 
105 45 906 515 3 
104 49 925 517 3 
105 48 910 525 3 
107 49 927 518 3 
107 51 927 518 3 
107 51 938 509 3 
111 49 938 500 3 
111 51 954 502 3 
103 50 943 510 3 
106 52 941 521 3 
104 55 943 531 3 
102 54 927 530 3 
96 54 945 530 3 
99 53 951 527 3 
97 53 956 525 3 
96 54 950 522 3 
94 51 943 521 3 
93 48 955 518 3 
95 51 947 500 3 
90 50 949 497 3 
88 50 947 508 3 
87 49 940 521 3 
87 50 970 527 3 
85 56 955 517 3 
86 52 954 524 3 
85 53 933 509 3 
80 53 926 503 3 
75 54 911 497 3 
76 55 910 516 3 
79 57 903 515 3 
82 57 901 526 3 
86 56 903 508 3 
91 53 900 515 3 
95 54 885 503 3 
100 57 898 506 3 
94 52 889 503 3 
94 50 866 499 3 
96 53 880 498 3 
97 47 882 492 3 
105 45 894 507 3 
105 52 906 498 3 
97 58 905 498 3 
97 58 902 492 3 
92 60 905 495 3 
93 61 877 488 3 
88 64 881 476 3 
83 61 891 481 3 
85 58 890 486 3 
90 59 875 470 3 
89 60 874 456 3 
80 65 891 450 3 
83 64 882 437 3 
80 61 892 435 3 
72 60 891 432 3 
69 66 894 441 3 
74 70 907 429 3 
72 64 898 426 3 
71 62 878 422 3 
77 63 894 426 3 
79 63 906 434 3 
88 60 910 433 3 
86 58 916 429 3 
90 58 923 432 3 
88 55 909 434 3 
88 60 928 438 3 
85 61 923 469 3 
91 55 908 484 3 
89 57 899 488 3 
95 58 896 482 3 
91 60 914 484 3 
87 61 920 474 3 
88 61 894 477 3 
84 63 904 500 3 
79 61 906 502 3 
80 62 934 492 3 
79 57 920 485 3 
72 63 942 468 3 
70 69 950 478 3 
77 65 945 471 3 
80 75 957 463 3 
88 69 958 469 3 
86 72 941 473 3 
76 66 937 471 3 
82 69 911 472 3 
78 75 922 480 3 
75 75 926 476 3 
74 77 940 489 3 
81 73 947 479 3 
83 74 952 483 3 
82 72 953 493 3 
78 78 952 477 3 
76 73 952 480 3 
86 76 950 483 3 
85 77 944 474 3 
86 73 962 481 3 
87 68 964 495 3 
87 65 962 489 3 
83 63 945 505 3 
80 66 955 495 3 
79 68 954 484 3 
80 68 967 494 3 
75 68 955 470 3 
74 70 970 490 3 
72 73 977 481 3 
76 68 991 475 3 
76 70 983 479 3 
78 68 976 466 3 
81 69 981 476 3 
85 65 995 477 3 
89 64 1005 469 3 
85 64 1024 451 3 
85 55 1001 459 3 
88 59 999 455 3 
88 57 999 454 3 
94 55 984 443 3 
94 50 986 439 3 
100 53 1003 443 3 
98 55 1000 443 3 
100 52 1003 440 3 
96 50 1005 447 3 
98 54 1023 438 3 
100 55 1001 419 3 
97 52 1003 428 3 
101 51 1005 435 3 
98 54 989 450 3 
98 49 978 460 3 
99 53 991 456 3 
93 60 980 451 3 
95 64 967 483 3 
101 70 984 483 3 
101 71 984 488 3 
99 74 986 491 3 
101 77 979 491 3 
107 71 974 499 3 
103 65 962 492 3 
100 64 945 496 3 
102 66 946 492 3 
102 65 921 496 3 
93 68 925 498 3 
86 68 921 495 3 
84 68 953 504 3 
82 73 955 497 3 
91 74 934 475 3 
93 72 929 466 3 
92 74 932 477 3 
85 75 934 495 3 
84 73 941 492 3 
79 67 930 491 3 
78 67 932 470 3 
78 64 929 480 3 
79 64 913 488 3 
78 67 913 501 3 
77 69 911 510 3 
73 74 906 500 3 
76 74 898 503 3 
80 71 906 503 3 
81 73 890 498 3 
84 70 900 495 3 
80 75 891 491 3 
77 73 900 487 3 
72 70 914 501 3 
76 70 914 499 3 
76 70 906 501 3 
77 57 923 494 3 
76 58 935 504 3 
75 62 909 505 3 
75 63 923 498 3 
81 56 946 487 3 
76 53 954 487 3 
70 53 949 485 3 
67 52 948 479 3 
68 53 941 477 3 
67 55 948 467 3 
60 52 978 471 3 
65 50 981 481 3 
63 53 967 495 3 
62 50 957 505 3 
57 51 959 520 3 
60 51 963 520 3 
62 50 941 517 3 
60 51 959 534 3 
64 51 963 521 3 
64 52 971 513 3 
60 51 957 506 3 
56 54 966 501 3 
55 52 968 504 3 
55 51 967 500 3 
55 52 964 506 3 
51 48 965 506 3 
52 49 943 501 3 
53 50 947 503 3 
55 52 945 499 3 
52 48 953 514 3 
52 47 941 525 3 
43 51 946 532 3 
45 50 954 540 3 
46 48 968 535 3 
46 47 972 535 3 
47 47 976 526 3 
53 43 967 503 3 
58 50 969 498 3 
55 51 956 513 3 
58 48 959 504 3 
60 46 951 511 3 
56 46 970 508 3 
55 45 994 517 3 
50 46 981 521 3 
55 48 1008 522 3 
57 50 1016 517 3 
56 50 1016 514 3 
55 50 1012 507 3 
58 49 1011 496 3 
59 49 1006 496 3 
63 53 1019 493 3 
63 51 1010 494 3 
65 49 1008 498 3 
70 50 1021 496 3 
71 48 1014 496 3 
76 45 1034 489 3 
76 41 1039 495 3 
81 40 1037 488 3 
85 37 1026 465 3 
84 37 1022 454 3 
80 37 1028 454 3 
81 42 1022 450 3 
84 40 1036 451 3 
85 35 1032 471 3 
84 39 1031 464 3 
85 32 1035 454 3 
88 33 1033 451 3 
88 36 1036 457 3 
89 36 1039 451 3 
86 37 1048 451 3 
88 38 1072 448 3 
85 36 1064 453 3 
75 40 1054 453 3 
75 39 1061 448 3 
74 38 1062 456 3 
68 38 1071 467 3 
74 38 1045 473 3 
74 41 1046 484 3 
77 38 1039 490 3 
77 36 1071 469 3 
80 38 1057 478 3 
83 39 1070 469 3 
87 42 1067 473 3 
85 40 1085 477 3 
80 39 1083 474 3 
79 40 1049 479 3 
76 38 1043 479 3 
82 38 1027 485 3 
80 45 1028 474 3 
82 46 1032 478 3 
77 46 1023 491 3 
76 50 1028 474 3 
80 51 1016 478 3 
88 50 1001 472 3 
84 52 1004 487 3 
88 44 992 465 3 
88 47 1023 472 3 
87 52 1021 481 3 
78 55 1019 468 3 
78 55 1018 467 3 
74 54 993 462 3 
65 56 993 467 3 
63 57 989 479 3 
66 57 1000 480 3 
69 52 989 491 3 
65 49 1019 477 3 
69 50 1002 482 3 
65 55 1002 485 3 
73 55 1004 481 3 
73 56 991 484 3 
76 57 1016 493 3 
82 54 1015 498 3 
70 53 1011 486 3 
69 55 1002 486 3 
77 55 981 489 3 
75 56 981 475 3 
85 56 978 482 3 
87 55 979 486 3 
94 57 993 491 3 
90 59 977 499 3 
88 63 956 507 3 
90 67 945 500 3 
90 64 932 498 3 
94 64 929 493 3 
88 62 937 483 3 
95 60 945 476 3 
95 60 957 483 3 
97 56 955 478 3 
91 55 955 473 3 
100 55 957 476 3 
104 51 946 481 3 
100 51 954 487 3 
100 54 940 497 3 
96 53 956 490 3 
95 58 955 499 3 
94 64 936 489 3 
94 63 936 506 3 
92 64 921 516 3 
93 68 900 514 3 
94 63 925 515 3 
88 71 935 516 3 
82 71 931 517 3 
77 72 945 521 3 
79 79 934 508 3 
69 71 915 511 3 
63 76 905 507 3 
61 78 913 496 3 
62 78 905 510 3 
61 80 910 505 3 
62 78 895 514 3 
64 77 900 499 3 
58 78 898 507 3 
62 82 893 504 3 
66 73 915 503 3 
66 74 919 515 3 
73 67 896 507 3 
73 67 883 487 3 
72 69 859 475 3 
69 69 854 480 3 
71 67 865 475 3 
68 65 868 483 3 
72 62 858 485 3 
69 59 871 477 3 
62 60 863 489 3 
66 61 852 488 3 
67 58 830 484 3 
69 56 827 484 3 
69 57 838 474 3 
72 58 825 471 3 
77 59 817 495 3 
78 62 803 497 3 
74 65 820 485 3 
84 69 814 494 3 
82 70 803 497 3 
84 71 790 493 3 
78 70 775 499 3 
83 70 773 517 3 
77 75 771 507 3 
80 77 781 518 3 
83 81 793 520 3 
88 80 802 506 3 
81 83 820 513 3 
84 77 816 527 3 
80 84 835 530 3 
76 83 814 518 3 
76 86 827 500 3 
79 94 834 499 3 
78 100 827 513 3 
74 97 828 523 3 
81 95 837 542 3 
84 93 808 537 3 
80 92 816 530 3 
76 97 811 512 3 
77 93 836 524 3 
84 90 855 541 3 
83 93 853 547 3 
89 98 876 539 3 
88 102 876 543 3 
89 100 876 531 3 
84 103 858 528 3 
84 107 847 523 3 
81 103 859 534 3 
77 105 872 528 3 
75 101 872 524 3 
72 99 876 520 3 
69 98 877 515 3 
78 91 876 525 3 
77 87 875 523 3 
79 83 879 520 3 
79 82 898 526 3 
81 75 892 536 3 
84 76 887 535 3 
76 83 895 538 3 
78 81 887 533 3 
74 85 871 531 3 
73 84 879 536 3 
74 86 891 528 3 
75 84 889 509 3 
72 81 885 504 3 
79 87 885 508 3 
79 87 868 513 3 
80 84 872 522 3 
78 81 869 526 3 
82 76 868 526 3 
85 74 890 520 3 
87 75 915 509 3 
78 68 903 496 3 
76 73 908 504 3 
75 74 899 515 3 
75 78 913 522 3 
72 78 886 517 3 
73 74 881 519 3 
64 74 873 521 3 
67 66 875 500 3 
66 74 871 503 3 
63 77 873 504 3 
69 81 894 494 3 
70 81 877 506 3 
68 89 873 506 3 
71 83 852 497 3 
77 86 858 500 3 
81 88 851 514 3 
79 96 863 508 3 
82 96 878 518 3 
78 98 879 510 3 
79 101 896 515 3 
84 96 890 509 3 
82 87 895 502 3 
85 97 882 509 3 
81 100 870 508 3 
83 95 863 500 3 
87 96 868 498 3 
