0 1 0 0 0 
1 0 0 0 0 
1 0 1 0 0 
0 0 1 1 0 
0 0 2 1 0 
1 0 2 2 0 
2 0 3 1 0 
2 1 3 0 0 
2 1 4 0 0 
2 1 4 2 0 
3 0 3 2 0 
2 0 5 3 0 
2 0 4 5 0 
2 1 4 5 0 
2 0 8 3 0 
1 0 9 3 0 
1 0 10 3 0 
1 2 10 3 0 
1 4 11 4 0 
1 3 12 4 0 
2 3 15 5 0 
2 5 15 7 0 
3 5 11 9 0 
3 5 13 9 0 
3 5 11 9 0 
4 5 7 9 0 
5 5 6 9 0 
4 5 8 6 0 
5 6 9 5 0 
5 6 10 5 0 
5 6 12 5 0 
6 4 15 4 0 
6 3 14 6 0 
6 3 16 6 0 
6 3 18 6 0 
7 3 22 7 3 
6 3 22 9 0 
5 3 24 10 0 
5 3 25 9 3 
5 3 25 9 3 
6 4 25 8 3 
6 3 26 9 3 
7 3 30 9 3 
7 3 32 11 3 
6 3 35 13 3 
7 3 34 17 0 
7 5 39 19 3 
8 4 37 20 0 
8 8 37 19 0 
8 7 41 19 3 
7 8 41 15 3 
7 11 42 15 3 
7 13 40 13 3 
5 15 41 14 3 
6 16 43 17 3 
5 17 47 15 3 
6 20 53 16 3 
6 18 54 16 3 
8 21 57 16 3 
7 21 62 15 3 
7 21 66 15 3 
9 24 60 16 3 
9 26 61 19 3 
10 27 58 22 3 
11 29 59 23 3 
13 31 59 27 3 
14 32 62 26 3 
15 30 59 28 3 
18 33 55 28 0 
18 32 55 29 0 
19 33 59 26 3 
23 32 52 25 0 
24 32 61 26 3 
25 31 62 30 3 
28 32 68 30 3 
28 34 77 34 3 
33 35 72 31 3 
35 35 70 28 3 
37 38 72 26 3 
39 36 73 27 3 
38 38 74 29 3 
36 42 81 27 3 
36 45 82 25 3 
33 46 79 23 3 
31 49 83 24 3 
33 54 83 26 0 
33 55 85 26 0 
32 51 81 27 3 
36 47 85 31 3 
31 50 91 35 3 
31 43 94 35 3 
32 44 98 35 3 
32 45 97 37 3 
34 48 97 39 3 
35 53 102 39 3 
37 52 111 41 3 
39 56 108 42 3 
39 56 109 41 3 
42 55 116 48 3 
45 56 113 49 3 
43 53 118 49 3 
38 48 110 51 3 
37 44 109 50 3 
43 48 114 56 3 
36 48 122 60 3 
32 49 127 59 3 
33 50 132 60 3 
32 44 133 64 3 
33 55 134 66 3 
34 54 148 61 3 
34 54 145 69 3 
31 56 150 77 3 
31 57 160 82 3 
37 56 161 93 3 
38 55 154 95 3 
37 51 151 99 3 
32 43 155 97 3 
29 46 152 104 3 
29 47 154 103 3 
29 49 163 117 3 
32 49 163 115 3 
34 52 164 125 0 
36 59 167 130 0 
42 60 167 129 0 
45 55 168 113 3 
43 57 165 112 3 
46 56 185 115 3 
45 63 180 109 3 
45 62 193 118 3 
47 67 196 121 3 
47 69 189 122 3 
48 69 180 132 3 
50 67 192 121 3 
52 67 201 124 3 
50 63 213 129 3 
46 60 215 132 3 
45 60 224 130 3 
54 61 214 136 3 
50 60 207 140 3 
49 60 212 144 3 
53 61 210 149 3 
55 64 210 149 3 
53 68 211 146 3 
52 68 221 154 3 
52 67 229 155 3 
55 68 234 155 3 
62 70 234 158 3 
67 74 238 160 3 
71 75 235 162 3 
76 79 243 161 3 
73 82 247 166 3 
73 79 253 159 3 
72 77 252 165 3 
73 73 254 172 3 
75 74 264 176 3 
74 76 276 171 3 
75 81 289 178 3 
79 77 305 173 3 
85 79 293 169 3 
89 80 298 165 3 
87 79 288 165 3 
87 84 290 174 3 
91 80 289 178 3 
96 77 291 182 3 
101 78 287 180 3 
99 80 292 185 3 
109 76 294 182 3 
113 77 299 178 3 
119 76 313 180 3 
120 83 319 180 3 
123 85 326 180 3 
120 87 329 181 3 
126 89 331 198 3 
131 84 340 205 3 
137 78 348 207 3 
125 82 353 203 3 
122 85 362 215 3 
120 86 372 223 3 
121 85 361 222 3 
112 91 368 227 3 
116 91 363 221 3 
111 93 362 227 3 
104 96 359 228 3 
103 93 363 233 3 
104 102 374 226 3 
103 104 388 218 3 
107 106 413 231 3 
108 117 415 236 3 
118 114 411 224 3 
124 110 422 215 3 
121 102 425 227 3 
122 100 414 219 3 
130 102 409 223 3 
131 108 406 230 3 
129 110 406 235 3 
123 113 406 235 3 
123 111 392 226 3 
122 104 394 226 3 
134 103 401 235 3 
141 110 424 233 3 
142 105 425 227 3 
147 102 428 228 3 
144 102 446 221 3 
154 103 441 223 3 
155 106 437 222 3 
153 113 435 225 3 
146 107 434 227 3 
145 100 446 241 3 
147 101 459 242 3 
156 104 479 250 3 
166 106 472 262 3 
165 104 460 256 3 
173 100 465 242 3 
178 93 467 232 3 
173 95 480 242 3 
167 92 486 243 3 
161 92 490 247 3 
161 93 491 249 3 
158 93 517 249 3 
156 91 528 251 3 
148 96 516 256 3 
141 91 506 262 3 
142 90 508 277 3 
147 89 521 282 3 
155 96 507 289 3 
152 98 525 286 3 
160 94 524 290 3 
162 94 528 292 3 
158 96 530 305 3 
148 90 540 303 3 
155 82 537 308 3 
151 84 548 307 3 
146 91 553 310 3 
144 93 570 308 3 
144 90 593 309 3 
148 83 601 311 3 
150 88 612 315 3 
147 84 624 301 3 
151 88 640 302 3 
146 84 645 316 3 
148 80 613 297 3 
148 79 627 296 3 
146 85 638 300 3 
139 87 657 306 3 
131 85 657 307 3 
130 88 675 309 3 
132 86 671 318 3 
138 88 690 321 3 
134 91 687 330 3 
125 91 678 322 3 
126 95 695 330 3 
125 97 718 334 3 
124 94 718 331 3 
123 95 724 340 3 
128 100 703 344 3 
124 97 708 346 3 
121 101 730 339 3 
130 98 733 335 3 
131 91 742 324 3 
135 90 731 324 3 
133 89 724 328 3 
138 88 718 318 3 
143 84 718 319 3 
143 88 714 332 3 
139 90 713 346 3 
135 93 721 349 3 
145 89 732 345 3 
143 81 732 345 3 
142 84 733 335 3 
144 86 758 331 3 
151 87 752 347 3 
155 88 758 352 3 
153 88 748 352 3 
148 84 761 358 3 
151 85 787 374 3 
148 82 799 377 3 
148 88 771 375 3 
146 90 786 356 3 
158 97 794 359 3 
151 92 810 353 3 
152 90 818 352 3 
154 84 821 366 3 
158 79 855 360 3 
167 77 835 354 3 
160 81 831 357 3 
165 78 850 356 3 
163 80 863 349 3 
159 76 856 340 3 
155 78 857 328 3 
158 78 865 338 3 
153 79 860 341 3 
156 75 871 336 3 
161 77 875 326 3 
157 72 863 327 3 
153 75 863 312 3 
147 76 885 320 3 
151 71 879 323 3 
154 68 884 320 3 
145 63 889 322 3 
143 62 875 315 3 
154 63 891 320 3 
150 63 904 322 3 
149 64 892 324 3 
144 62 903 321 3 
143 61 894 323 3 
145 64 910 320 3 
141 57 916 322 3 
147 53 945 343 3 
140 54 947 330 3 
146 50 928 332 3 
151 47 935 342 3 
154 49 961 335 3 
158 49 952 339 3 
162 52 965 340 3 
166 49 947 335 3 
170 54 966 321 3 
158 52 971 327 3 
159 52 961 332 3 
165 55 956 337 3 
160 53 951 348 3 
162 60 935 359 3 
159 60 943 344 3 
160 54 945 348 3 
159 60 960 341 3 
165 58 957 353 3 
173 55 962 354 3 
177 56 959 354 3 
170 55 928 350 3 
163 57 923 331 3 
162 58 950 354 3 
159 55 941 360 3 
153 50 956 362 3 
151 49 958 358 3 
154 52 969 367 3 
152 54 967 387 3 
143 50 973 395 3 
128 51 967 394 3 
136 46 990 403 3 
134 50 996 390 3 
132 49 1026 392 3 
129 52 1036 390 3 
133 49 1025 381 3 
125 48 1050 388 3 
125 47 1043 382 3 
116 46 1066 387 3 
113 49 1077 384 3 
110 47 1104 383 3 
121 47 1101 381 3 
115 46 1096 371 3 
116 45 1089 361 3 
111 49 1092 380 3 
109 49 1083 391 3 
111 47 1075 394 3 
103 43 1068 390 3 
102 44 1071 389 3 
99 47 1062 385 3 
111 37 1065 390 3 
118 40 1062 377 3 
120 40 1060 379 3 
123 43 1058 377 3 
119 37 1061 388 3 
119 31 1045 384 3 
120 34 1026 376 3 
114 33 1058 362 3 
109 28 1069 359 3 
100 24 1072 352 3 
102 22 1048 355 3 
111 25 1052 354 3 
111 27 1041 358 3 
108 30 1024 366 3 
105 28 1026 369 3 
102 29 1050 368 3 
102 24 1051 364 3 
105 26 1024 364 3 
99 23 1027 372 3 
102 25 1016 377 3 
101 26 1028 385 3 
103 25 1036 397 3 
113 25 1038 395 3 
108 25 1012 400 3 
104 24 1016 396 3 
113 27 1018 398 3 
116 28 1018 403 3 
112 31 1023 408 3 
113 27 1041 404 3 
112 26 1012 397 3 
114 30 994 405 3 
105 32 972 394 3 
103 30 979 414 3 
103 32 969 428 3 
102 33 958 442 3 
102 32 961 428 3 
101 32 957 434 3 
94 35 982 432 3 
98 39 989 436 3 
103 41 979 437 3 
98 40 969 427 3 
91 41 974 425 3 
91 41 974 430 3 
82 41 987 430 3 
83 40 988 430 3 
82 36 972 431 3 
81 36 954 421 3 
87 34 965 434 3 
86 34 973 431 3 
86 34 984 435 3 
92 37 1002 442 3 
92 33 999 453 3 
89 31 1009 454 3 
90 32 998 446 3 
94 34 1015 451 3 
90 37 994 454 3 
95 40 993 447 3 
94 39 976 462 3 
89 39 1011 483 3 
91 42 984 486 3 
89 43 995 495 3 
84 42 1012 500 3 
81 39 1009 507 3 
79 41 1017 507 3 
81 37 1027 507 3 
77 34 1036 502 3 
79 35 1038 506 3 
82 34 1048 503 3 
73 36 1029 500 3 
68 33 1035 515 3 
70 34 1016 510 3 
77 36 1010 511 3 
78 32 1012 504 3 
78 33 1016 506 3 
84 32 989 513 3 
82 33 981 507 3 
82 35 982 513 3 
79 39 998 522 3 
73 43 991 511 3 
73 42 983 518 3 
75 36 984 528 3 
70 32 978 536 3 
73 31 971 540 3 
73 27 975 528 3 
76 27 985 530 3 
83 25 1001 529 3 
77 24 999 517 3 
79 22 986 505 3 
86 26 979 507 3 
91 28 991 498 3 
92 26 984 504 3 
92 26 964 475 3 
92 27 961 479 3 
93 25 970 469 3 
89 27 975 468 3 
91 31 979 463 3 
94 36 979 451 3 
89 39 1001 447 3 
89 40 1001 443 3 
91 40 983 453 3 
89 36 976 462 3 
88 34 970 473 3 
85 37 981 476 3 
82 37 975 470 3 
85 36 1005 467 3 
86 33 999 456 3 
85 33 1018 463 3 
87 33 1020 473 3 
87 40 982 484 3 
90 38 983 474 3 
96 39 986 498 3 
103 36 977 488 3 
106 33 983 477 3 
103 37 973 474 3 
100 37 978 478 3 
103 37 961 472 3 
109 39 961 469 3 
113 39 982 476 3 
110 38 972 477 3 
113 36 949 461 3 
117 33 973 462 3 
114 33 978 458 3 
116 31 994 460 3 
123 32 998 464 3 
123 32 989 461 3 
118 34 962 458 3 
118 37 954 463 3 
116 36 967 468 3 
111 36 969 462 3 
106 37 967 479 3 
109 37 974 483 3 
102 42 972 479 3 
109 39 957 476 3 
103 37 954 474 3 
103 35 953 486 3 
110 35 954 488 3 
111 37 935 469 3 
107 36 963 471 3 
108 39 966 480 3 
104 39 948 489 3 
105 39 950 494 3 
108 39 938 508 3 
106 40 946 493 3 
96 41 961 503 3 
94 41 955 503 3 
92 41 956 500 3 
92 40 960 510 3 
91 43 952 501 3 
89 43 940 481 3 
85 44 927 478 3 
93 45 927 489 3 
93 41 924 483 3 
98 44 938 487 3 
94 47 943 508 3 
94 43 934 504 3 
98 49 945 504 3 
93 55 962 500 3 
95 65 974 495 3 
96 60 975 495 3 
100 58 955 501 3 
99 57 971 509 3 
97 56 967 516 3 
90 57 943 510 3 
94 54 938 502 3 
94 57 937 489 3 
98 60 928 483 3 
93 59 936 485 3 
88 57 936 480 3 
92 53 946 468 3 
98 53 933 477 3 
102 50 931 490 3 
96 49 912 506 3 
100 50 916 504 3 
100 53 911 507 3 
98 53 899 516 3 
100 48 916 520 3 
102 48 923 529 3 
106 49 909 541 3 
109 51 908 548 3 
102 49 908 548 3 
104 48 909 540 3 
107 46 913 552 3 
115 48 870 546 3 
120 54 872 543 3 
124 57 876 552 3 
112 57 881 553 3 
115 54 896 544 3 
114 56 879 543 3 
111 55 877 546 3 
112 55 868 544 3 
113 57 854 561 3 
114 50 862 570 3 
110 47 854 594 3 
116 48 852 590 3 
119 53 865 558 3 
118 56 876 563 3 
115 55 869 561 3 
116 56 869 559 3 
119 52 861 560 3 
112 47 862 556 3 
118 45 852 559 3 
117 43 827 559 3 
111 46 843 575 3 
104 46 853 586 3 
102 43 881 588 3 
97 45 875 586 3 
100 41 888 582 3 
103 43 858 579 3 
105 43 843 571 3 
97 41 852 566 3 
95 41 837 569 3 
92 45 825 565 3 
94 45 825 570 3 
91 47 812 568 3 
91 43 828 575 3 
91 45 830 557 3 
92 47 818 559 3 
95 51 821 559 3 
96 47 823 553 3 
100 48 812 562 3 
97 47 811 556 3 
103 46 801 552 3 
100 48 811 547 3 
104 54 798 555 3 
100 55 805 529 3 
102 51 807 523 3 
99 50 811 529 3 
98 46 827 522 3 
94 46 836 533 3 
92 50 867 552 3 
97 54 876 550 3 
102 56 853 538 3 
91 55 823 547 3 
92 56 835 561 3 
92 57 836 562 3 
89 58 832 558 3 
89 52 810 556 3 
78 53 804 558 3 
85 51 806 563 3 
83 52 804 567 3 
81 55 804 561 3 
81 57 805 563 3 
82 54 800 556 3 
82 56 807 539 3 
83 55 813 535 3 
83 59 790 536 3 
88 63 790 525 3 
88 58 791 509 3 
91 54 812 510 3 
87 60 808 500 3 
89 62 803 500 3 
87 62 823 506 3 
96 61 819 522 3 
91 56 823 508 3 
91 53 826 526 3 
93 56 838 525 3 
94 62 831 518 3 
91 62 840 512 3 
92 64 853 525 3 
85 65 851 541 3 
91 62 833 539 3 
88 62 820 543 3 
91 63 842 535 3 
100 62 829 548 3 
92 56 818 554 3 
93 53 810 562 3 
87 54 805 577 3 
85 57 814 575 3 
88 55 840 582 3 
100 57 845 586 3 
94 57 846 586 3 
94 55 843 584 3 
91 65 842 583 3 
87 64 853 595 3 
91 59 848 605 3 
94 63 841 599 3 
96 60 849 604 3 
97 61 856 614 3 
99 62 861 613 3 
98 63 855 625 3 
94 67 852 612 3 
91 63 872 619 3 
87 67 871 621 3 
77 66 855 614 3 
80 67 868 604 3 
84 67 889 607 3 
87 68 881 601 3 
85 65 877 587 3 
84 64 902 589 3 
79 60 886 597 3 
74 56 891 587 3 
72 59 904 590 3 
73 62 886 587 3 
68 61 889 591 3 
66 58 895 606 3 
74 60 900 594 3 
69 61 894 577 3 
66 56 883 575 3 
63 62 894 562 3 
65 61 893 561 3 
72 61 889 567 3 
69 64 877 562 3 
64 64 891 564 3 
67 59 885 565 3 
69 61 878 580 3 
68 62 864 572 3 
66 69 877 579 3 
68 74 880 573 3 
61 76 880 574 3 
58 77 872 574 3 
60 79 871 574 3 
62 74 869 577 3 
62 68 878 556 3 
64 72 876 565 3 
62 78 857 556 3 
63 73 841 557 3 
69 72 842 544 3 
68 75 829 525 3 
68 77 820 513 3 
68 74 829 523 3 
68 75 858 521 3 
67 75 862 519 3 
57 76 892 506 3 
61 76 905 494 3 
62 69 904 494 3 
66 65 895 501 3 
66 70 897 491 3 
64 72 900 504 3 
69 74 886 517 3 
76 73 875 517 3 
79 70 873 514 3 
81 68 874 535 3 
87 66 888 547 3 
90 72 878 542 3 
89 66 881 529 3 
87 68 895 527 3 
82 70 896 518 3 
91 69 896 527 3 
91 72 876 517 3 
84 74 882 524 3 
89 75 880 531 3 
89 72 867 533 3 
89 76 869 540 3 
85 72 860 549 3 
83 72 855 553 3 
76 77 855 563 3 
71 77 874 556 3 
76 69 872 554 3 
83 71 859 554 3 
81 67 849 549 3 
83 70 838 530 3 
78 62 827 543 3 
77 61 818 536 3 
89 60 830 531 3 
90 56 828 532 3 
96 50 807 530 3 
104 46 840 532 3 
108 49 850 528 3 
105 47 853 543 3 
104 48 862 528 3 
109 48 852 531 3 
111 48 851 518 3 
112 50 856 520 3 
119 53 845 500 3 
119 57 876 501 3 
116 55 866 514 3 
107 63 843 522 3 
113 63 854 550 3 
110 60 849 549 3 
107 58 857 551 3 
104 58 848 550 3 
102 56 859 551 3 
104 58 861 549 3 
107 51 866 552 3 
102 53 885 540 3 
109 54 874 557 3 
114 54 886 558 3 
110 56 910 545 3 
106 52 913 532 3 
94 51 909 550 3 
91 55 911 560 3 
85 55 891 561 3 
88 57 919 556 3 
94 55 928 542 3 
91 56 908 544 3 
95 56 902 526 3 
89 52 895 521 3 
91 47 900 518 3 
92 41 903 527 3 
94 46 905 547 3 
91 47 897 553 3 
93 50 861 564 3 
94 51 870 555 3 
88 55 868 545 3 
83 57 896 548 3 
80 51 900 537 3 
79 49 897 536 3 
77 52 900 541 3 
82 57 898 542 3 
81 49 909 540 3 
79 53 918 549 3 
81 55 930 564 3 
83 58 933 551 3 
86 57 942 551 3 
85 49 935 544 3 
87 47 935 551 3 
88 47 921 546 3 
94 43 922 530 3 
94 47 913 538 3 
92 50 895 547 3 
87 53 877 541 3 
92 53 875 527 3 
85 56 862 528 3 
79 60 864 537 3 
81 54 861 542 3 
73 55 839 551 3 
74 57 832 544 3 
75 58 827 537 3 
77 55 835 554 3 
82 54 836 553 3 
83 50 855 540 3 
84 48 856 529 3 
84 52 855 535 3 
85 51 859 540 3 
92 54 843 554 3 
91 55 830 541 3 
89 59 829 547 3 
97 56 842 540 3 
100 52 845 539 3 
101 50 834 544 3 
110 48 835 537 3 
112 45 832 533 3 
117 50 833 522 3 
115 52 833 498 3 
110 52 837 517 3 
108 54 835 520 3 
106 50 848 526 3 
101 45 852 511 3 
106 50 877 487 3 
101 50 906 493 3 
97 53 922 490 3 
90 55 927 493 3 
88 54 913 475 3 
88 58 926 482 3 
92 59 916 485 3 
94 62 923 473 3 
98 61 927 491 3 
97 65 929 502 3 
97 68 940 499 3 
97 71 926 504 3 
98 70 923 487 3 
98 68 919 493 3 
95 67 915 483 3 
97 70 914 481 3 
100 65 910 470 3 
98 64 929 461 3 
98 65 910 485 3 
99 61 907 490 3 
101 63 910 487 3 
102 63 934 499 3 
102 66 924 509 3 
97 63 913 503 3 
96 63 916 505 3 
93 64 902 484 3 
90 66 910 484 3 
94 66 910 485 3 
85 64 918 497 3 
78 64 921 499 3 
74 64 931 509 3 
77 65 938 529 3 
70 67 967 524 3 
75 66 970 513 3 
73 69 935 501 3 
75 74 912 503 3 
72 71 931 506 3 
77 76 916 529 3 
74 80 910 521 3 
70 82 917 515 3 
70 90 934 510 3 
71 96 928 512 3 
69 91 911 509 3 
67 95 915 512 3 
65 95 921 494 3 
61 93 924 487 3 
55 99 944 506 3 
50 88 918 505 3 
53 88 933 508 3 
58 86 958 518 3 
56 89 970 496 3 
61 89 971 494 3 
64 92 969 496 3 
60 90 968 478 3 
63 90 933 466 3 
63 88 940 465 3 
72 93 933 469 3 
73 86 940 473 3 
76 88 927 471 3 
76 83 917 488 3 
79 76 906 477 3 
74 74 898 462 3 
72 73 888 468 3 
76 69 895 438 3 
75 71 891 434 3 
72 67 897 437 3 
76 68 897 431 3 
77 69 881 427 3 
78 67 871 428 3 
81 68 891 421 3 
77 77 900 421 3 
76 76 896 427 3 
74 80 914 429 3 
68 84 924 433 3 
66 83 915 443 3 
69 86 917 442 3 
68 84 934 433 3 
68 85 924 443 3 
72 84 930 448 3 
71 88 937 448 3 
71 82 937 441 3 
71 85 954 455 3 
73 82 939 444 3 
68 80 931 438 3 
69 79 930 444 3 
70 83 931 441 3 
71 78 932 441 3 
70 81 920 451 3 
68 81 930 445 3 
62 77 932 444 3 
60 76 928 451 3 
66 82 918 455 3 
59 83 900 460 3 
62 89 895 455 3 
60 85 896 472 3 
61 82 894 460 3 
63 83 901 440 3 
65 90 893 446 3 
70 88 914 442 3 
71 84 907 435 3 
68 87 906 441 3 
66 81 929 449 3 
66 76 935 461 3 
62 70 956 472 3 
65 77 951 476 3 
65 74 964 479 3 
64 81 947 490 3 
69 79 953 502 3 
76 79 941 497 3 
79 78 944 491 3 
81 73 931 485 3 
79 74 932 493 3 
76 79 938 489 3 
76 78 931 477 3 
76 77 927 478 3 
80 81 919 489 3 
78 85 929 483 3 
89 86 940 504 3 
90 84 948 517 3 
93 87 952 505 3 
85 83 935 518 3 
82 81 947 522 3 
77 83 915 521 3 
80 83 920 511 3 
85 79 948 484 3 
82 84 928 500 3 
82 81 924 496 3 
84 82 926 500 3 
88 82 945 505 3 
83 78 950 500 3 
76 81 912 491 3 
79 85 924 493 3 
76 92 905 506 3 
73 92 909 516 3 
76 86 877 504 3 
77 88 866 491 3 
76 95 876 477 3 
76 91 895 474 3 
79 97 902 467 3 
83 103 892 474 3 
82 106 891 477 3 
80 103 891 475 3 
77 108 902 474 3 
75 112 912 487 3 
71 112 926 478 3 
79 113 929 487 3 
77 115 928 488 3 
78 120 937 490 3 
76 123 957 477 3 
73 121 950 474 3 
72 119 960 479 3 
67 124 953 477 3 
71 118 944 468 3 
67 111 939 442 3 
67 117 926 460 3 
67 110 931 463 3 
69 103 939 476 3 
69 102 940 473 3 
71 109 950 476 3 
70 114 944 486 3 
73 106 963 486 3 
73 104 971 474 3 
64 100 978 485 3 
66 104 965 476 3 
66 99 976 478 3 
64 100 976 481 3 
71 94 977 489 3 
72 98 984 478 3 
72 99 1009 483 3 
70 95 1027 471 3 
74 88 1037 462 3 
68 91 1022 447 3 
73 96 1023 428 3 
71 101 989 430 3 
76 104 967 438 3 
79 99 979 434 3 
83 93 981 432 3 
83 101 973 430 3 
81 104 972 422 3 
77 102 963 433 3 
75 98 967 432 3 
79 100 953 448 3 
79 93 936 433 3 
82 100 936 444 3 
84 94 946 436 3 
79 93 923 444 3 
74 95 907 448 3 
69 93 901 439 3 
71 92 929 446 3 
70 95 904 456 3 
64 95 897 453 3 
66 95 921 440 3 
61 97 913 439 3 
59 96 907 450 3 
64 98 910 433 3 
61 99 925 437 3 
56 105 931 438 3 
55 106 933 455 3 
57 102 931 462 3 
52 103 934 457 3 
53 95 902 448 3 
57 96 885 444 3 
59 98 864 449 3 
58 98 831 450 3 
57 101 859 456 3 
56 98 889 450 3 
