0 0 1 0 0 
0 0 1 1 0 
0 0 1 2 0 
0 1 1 2 0 
0 1 2 4 0 
0 2 3 4 0 
0 2 3 4 0 
1 3 2 4 0 
1 3 2 4 0 
1 3 2 4 0 
1 4 3 3 0 
1 2 4 4 0 
1 1 5 5 0 
1 1 5 6 0 
1 1 6 8 0 
1 1 6 7 0 
2 3 5 9 0 
3 4 7 11 0 
4 2 8 11 0 
4 2 6 16 0 
4 2 5 16 0 
4 2 7 17 0 
4 2 7 17 0 
4 2 9 17 0 
4 2 9 18 0 
4 2 11 18 0 
4 2 7 21 4 
4 2 9 23 0 
3 3 10 22 0 
3 3 12 20 0 
5 3 12 19 0 
6 4 14 17 0 
7 4 15 20 0 
6 4 17 23 0 
5 4 16 21 0 
5 5 17 22 0 
6 7 17 24 0 
5 7 20 26 0 
6 5 21 29 0 
6 5 19 29 0 
5 3 19 31 0 
7 1 17 30 0 
6 1 16 30 0 
5 1 15 31 0 
7 2 15 33 4 
8 4 19 32 0 
8 4 19 36 0 
10 6 21 39 0 
11 6 22 41 0 
12 7 24 42 0 
11 7 24 37 0 
13 7 27 37 0 
13 6 27 39 0 
13 6 30 44 0 
12 7 31 47 0 
11 8 33 44 0 
10 9 34 50 0 
11 11 33 52 0 
9 12 35 55 0 
10 12 36 56 0 
12 12 38 58 0 
13 13 40 54 0 
15 12 38 51 0 
12 14 39 51 0 
13 16 42 54 0 
13 20 44 57 0 
13 18 43 61 0 
14 14 42 61 0 
11 14 41 61 0 
11 12 39 56 0 
13 10 39 59 0 
14 10 41 63 0 
15 10 41 65 0 
12 10 41 66 0 
13 10 41 63 0 
14 11 45 63 0 
14 14 51 68 0 
15 15 57 75 0 
15 13 62 74 0 
16 15 68 76 0 
17 13 74 76 0 
15 11 71 80 0 
15 12 71 79 0 
18 11 78 75 0 
17 11 77 72 0 
17 14 76 80 0 
19 16 88 77 0 
19 16 87 83 0 
20 13 89 81 0 
25 13 92 79 0 
24 12 90 81 0 
23 13 98 85 0 
21 9 102 91 0 
21 9 104 93 0 
20 8 109 98 0 
16 6 113 97 0 
18 7 120 100 0 
19 6 119 104 0 
24 7 119 108 0 
20 9 120 111 0 
18 11 135 112 0 
17 13 134 121 0 
16 13 135 124 0 
14 13 131 127 0 
13 14 136 128 0 
13 15 139 127 0 
11 17 141 129 0 
12 20 130 132 0 
13 18 138 130 0 
14 20 138 128 0 
16 20 145 132 0 
14 19 145 135 0 
13 22 156 144 0 
15 18 159 140 0 
16 21 167 145 0 
13 23 169 151 0 
13 19 163 154 0 
12 20 169 159 0 
13 17 173 162 0 
13 19 180 161 0 
14 18 183 169 0 
16 19 188 175 0 
17 19 186 183 0 
19 20 184 191 0 
19 24 185 195 0 
16 23 194 194 0 
14 23 193 195 0 
16 23 203 207 0 
15 24 208 206 0 
15 23 221 212 0 
18 22 231 211 0 
17 27 227 206 0 
17 26 231 225 0 
15 25 236 234 0 
14 27 251 229 0 
15 23 241 230 0 
16 21 252 234 0 
15 23 275 236 0 
15 21 271 235 0 
18 21 276 232 0 
20 25 273 236 0 
20 20 269 233 0 
20 22 262 240 0 
21 19 252 246 0 
22 23 262 247 0 
21 19 266 270 0 
23 22 262 277 0 
24 22 274 264 0 
21 22 285 262 0 
24 22 301 262 0 
23 23 298 258 0 
24 24 300 257 0 
26 27 307 274 0 
28 24 318 274 0 
25 24 324 269 0 
22 30 325 283 0 
21 33 331 286 0 
22 33 329 290 0 
25 39 342 291 0 
29 38 340 303 0 
28 32 340 292 0 
30 34 350 293 0 
32 34 354 296 0 
31 28 351 306 0 
30 25 349 323 0 
36 26 353 310 0 
33 26 350 294 0 
33 24 364 302 0 
32 24 383 287 3 
33 28 390 295 3 
28 30 381 293 3 
37 27 386 307 3 
40 23 399 309 3 
41 19 413 322 3 
44 20 413 312 3 
44 23 408 307 3 
43 28 416 310 3 
42 29 422 309 3 
49 30 416 315 3 
49 34 420 327 3 
48 31 442 337 3 
46 32 460 332 3 
47 33 451 336 3 
52 33 475 331 3 
47 35 482 338 3 
46 36 469 341 3 
44 38 497 337 3 
44 37 500 346 3 
44 35 506 341 3 
46 34 494 350 3 
47 41 506 350 3 
52 45 518 349 3 
47 42 515 359 3 
47 39 507 359 3 
51 41 501 358 3 
50 40 508 349 3 
48 39 508 358 3 
48 39 512 368 3 
48 43 522 380 3 
51 44 548 392 3 
54 47 555 399 3 
57 46 565 395 3 
58 47 570 402 3 
61 47 579 389 3 
58 48 568 394 3 
56 49 568 389 3 
50 50 579 382 3 
53 54 578 383 3 
55 58 575 389 3 
59 60 580 406 3 
65 62 577 426 3 
63 63 578 424 3 
64 63 581 421 3 
59 63 578 406 3 
57 62 574 410 3 
60 67 580 403 3 
61 69 608 405 3 
65 76 613 404 3 
63 76 630 414 3 
73 78 629 426 3 
71 72 639 426 3 
68 74 620 424 3 
69 78 624 440 3 
65 73 635 431 3 
64 78 647 442 3 
64 78 650 451 3 
64 78 642 440 3 
58 70 626 447 3 
60 71 621 438 3 
57 75 614 436 3 
59 78 614 436 3 
55 84 625 447 3 
61 79 639 458 3 
60 82 644 461 3 
63 83 641 461 3 
62 82 648 463 3 
68 81 651 474 3 
66 74 648 476 3 
66 70 634 477 3 
67 70 650 486 3 
66 69 654 489 3 
73 74 644 495 3 
77 75 652 490 3 
76 70 636 502 3 
74 73 638 506 3 
73 78 644 515 3 
69 77 634 526 3 
72 75 641 510 3 
76 70 657 496 3 
74 71 662 483 3 
75 71 658 493 3 
81 64 635 493 3 
82 57 651 491 3 
85 59 668 487 3 
93 60 702 495 3 
108 62 704 500 3 
104 60 690 506 3 
101 56 699 496 3 
103 53 703 519 3 
106 57 692 522 3 
109 62 698 531 3 
107 57 698 536 3 
105 58 699 548 3 
105 60 697 556 3 
96 61 701 571 3 
102 64 702 570 3 
101 64 721 571 3 
103 62 721 565 3 
108 64 711 560 3 
106 62 721 559 3 
102 61 730 557 3 
96 62 724 546 3 
97 54 725 545 3 
92 57 750 546 3 
94 58 755 555 3 
95 61 764 553 3 
92 61 766 541 3 
93 57 763 546 3 
93 54 756 533 3 
94 61 765 527 3 
90 66 769 518 3 
91 64 770 525 3 
87 66 790 523 3 
88 68 787 517 3 
89 71 771 538 3 
91 63 767 536 3 
87 68 763 524 3 
86 68 764 522 3 
79 72 787 524 3 
81 66 813 510 3 
78 64 799 496 3 
89 62 804 512 3 
84 65 801 521 3 
82 64 813 534 3 
81 60 796 536 3 
77 61 808 532 3 
77 61 818 521 3 
77 62 818 505 3 
85 70 799 512 3 
85 68 803 512 3 
89 71 805 515 3 
89 74 819 523 3 
86 75 799 527 3 
87 73 802 536 3 
91 77 792 526 3 
98 78 810 545 3 
96 83 820 536 3 
90 82 826 529 3 
90 75 839 538 3 
93 79 809 520 3 
93 81 801 519 3 
99 85 809 523 3 
100 80 837 525 3 
101 80 839 518 3 
107 83 836 501 3 
101 86 837 473 3 
104 85 833 483 3 
105 88 832 457 3 
112 94 846 460 3 
118 90 856 461 3 
111 89 853 464 3 
104 91 860 475 3 
110 84 842 470 3 
109 85 843 482 3 
106 92 850 489 3 
105 88 828 497 3 
108 80 821 503 3 
111 80 829 513 3 
120 75 826 519 3 
117 66 807 519 3 
119 62 808 526 3 
117 62 816 527 3 
120 64 830 524 3 
121 66 863 531 3 
118 58 845 531 3 
117 60 827 526 3 
108 63 832 530 3 
112 56 849 530 3 
100 55 849 519 3 
102 57 859 516 3 
106 67 851 521 3 
110 69 855 521 3 
107 72 856 517 3 
103 69 870 520 3 
104 75 872 526 3 
99 77 895 502 3 
98 75 895 517 3 
98 73 912 534 3 
98 69 903 530 3 
90 65 918 532 3 
98 58 926 529 3 
95 57 937 540 3 
95 59 933 551 3 
90 53 940 559 3 
87 56 943 561 3 
92 59 916 565 3 
100 61 898 551 3 
100 61 903 551 3 
109 60 897 552 3 
104 58 899 548 3 
100 64 889 562 3 
101 65 893 578 3 
96 65 897 572 3 
100 63 892 591 3 
101 62 879 585 3 
97 63 891 579 3 
97 58 908 583 3 
93 61 908 590 3 
91 58 892 579 3 
89 55 870 587 3 
89 59 903 575 3 
87 62 904 573 3 
89 61 915 565 3 
86 66 913 575 3 
88 67 928 567 3 
92 63 934 577 3 
91 71 951 571 3 
90 67 944 569 3 
80 64 930 572 3 
78 61 925 557 3 
79 62 944 576 3 
81 65 928 580 3 
83 66 912 576 3 
84 67 907 555 3 
89 59 937 549 3 
89 62 945 557 3 
96 59 943 566 3 
93 56 941 575 3 
97 60 946 579 3 
99 64 959 558 3 
97 68 970 556 3 
98 65 950 530 3 
95 61 954 525 3 
98 64 941 522 3 
100 69 955 520 3 
100 61 940 512 3 
99 60 901 508 3 
100 57 909 516 3 
100 55 904 509 3 
96 56 911 543 3 
95 54 918 537 3 
88 55 912 546 3 
95 50 915 555 3 
97 45 914 555 3 
101 47 901 566 3 
94 48 900 568 3 
96 47 897 567 3 
94 52 893 568 3 
95 51 864 570 3 
98 51 867 571 3 
93 50 854 581 3 
94 45 846 583 3 
94 46 839 579 3 
97 40 835 580 3 
90 41 865 583 3 
93 39 854 558 3 
92 36 850 554 3 
90 36 863 558 3 
89 36 849 557 3 
92 40 853 557 3 
84 40 874 562 3 
81 40 883 560 3 
80 41 878 564 3 
78 39 881 558 3 
69 39 874 551 3 
69 39 858 553 3 
68 42 871 542 3 
68 45 871 537 3 
69 49 876 545 3 
66 49 891 534 3 
65 50 903 531 3 
65 49 914 547 3 
66 44 938 565 3 
71 46 941 575 3 
71 43 941 578 3 
73 41 949 567 3 
73 40 943 568 3 
67 40 942 567 3 
70 41 934 587 3 
72 44 939 577 3 
77 41 944 599 3 
74 42 928 594 3 
77 41 925 581 3 
78 43 939 591 3 
75 40 960 584 3 
75 39 985 599 3 
78 45 977 604 3 
77 47 977 592 3 
76 47 973 591 3 
76 47 959 601 3 
71 60 943 591 3 
70 58 949 591 3 
71 55 917 573 3 
69 52 931 567 3 
64 52 927 563 3 
68 51 927 571 3 
62 54 919 570 3 
62 55 924 558 3 
63 53 919 562 3 
59 58 908 558 3 
62 62 912 569 3 
62 57 904 564 3 
64 64 918 554 3 
67 72 907 547 3 
64 73 898 555 3 
67 75 900 549 3 
78 69 890 553 3 
75 72 889 551 3 
72 74 883 564 3 
68 72 888 569 3 
68 73 874 561 3 
72 70 881 567 3 
76 73 875 572 3 
79 72 868 558 3 
76 78 858 545 3 
82 83 873 558 3 
87 87 880 582 3 
85 82 896 595 3 
79 80 895 606 3 
80 78 895 581 3 
83 76 889 569 3 
82 72 919 575 3 
88 76 906 564 3 
87 71 903 572 3 
89 66 911 567 3 
90 72 894 550 3 
83 76 929 552 3 
83 74 938 550 3 
86 70 921 565 3 
85 78 909 554 3 
86 80 902 533 3 
87 76 896 539 3 
75 77 896 527 3 
78 75 896 547 3 
83 78 894 577 3 
82 79 900 580 3 
85 78 909 568 3 
80 73 892 564 3 
83 64 879 585 3 
91 61 848 566 3 
90 60 857 565 3 
85 59 854 569 3 
81 61 877 555 3 
81 62 836 559 3 
83 62 851 549 3 
84 69 860 549 3 
84 67 878 564 3 
83 69 881 562 3 
82 66 864 563 3 
90 65 846 565 3 
93 61 851 554 3 
90 57 850 555 3 
86 65 858 566 3 
90 63 870 563 3 
90 62 861 563 3 
89 63 850 572 3 
85 65 846 565 3 
86 64 849 566 3 
84 64 850 559 3 
87 66 865 558 3 
85 64 858 561 3 
83 72 862 548 3 
86 73 864 551 3 
89 68 843 559 3 
89 70 845 554 3 
90 69 829 560 3 
91 65 802 573 3 
88 63 787 568 3 
82 68 789 558 3 
83 70 796 566 3 
82 66 803 568 3 
83 69 809 565 3 
85 70 816 567 3 
88 68 808 559 3 
85 68 787 559 3 
80 67 803 561 3 
79 65 801 559 3 
84 65 799 538 3 
80 62 815 536 3 
81 60 821 533 3 
81 55 828 527 3 
80 61 835 520 3 
75 64 831 523 3 
71 66 836 537 3 
75 74 829 523 3 
80 74 832 521 3 
86 74 854 522 3 
87 77 841 510 3 
85 75 855 518 3 
82 77 877 512 3 
82 80 872 512 3 
82 78 855 506 3 
83 80 853 514 3 
79 83 857 522 3 
74 82 868 521 3 
73 81 870 507 3 
69 81 872 521 3 
69 78 861 514 3 
69 74 859 521 3 
75 74 864 533 3 
73 78 872 525 3 
69 87 877 516 3 
70 89 902 520 3 
69 91 893 515 3 
72 93 880 506 3 
74 87 877 516 3 
73 83 882 508 3 
70 82 883 508 3 
71 80 883 508 3 
71 81 892 513 3 
60 87 901 508 3 
55 86 900 486 3 
62 87 894 506 3 
64 91 893 509 3 
73 90 885 500 3 
77 90 870 514 3 
77 92 863 519 3 
81 96 858 498 3 
84 88 847 498 3 
80 90 856 500 3 
81 83 839 514 3 
85 91 839 511 3 
86 97 848 525 3 
90 96 845 535 3 
92 97 836 547 3 
95 95 826 549 3 
97 93 822 557 3 
95 98 854 545 3 
91 100 853 542 3 
84 103 838 543 3 
86 104 846 549 3 
92 106 867 571 3 
91 107 859 562 3 
88 104 850 579 3 
85 101 856 569 3 
87 99 835 563 3 
79 94 835 560 3 
77 95 817 554 3 
78 93 825 551 3 
81 90 824 552 3 
80 87 807 562 3 
80 89 795 566 3 
83 80 809 575 3 
81 82 827 579 3 
74 81 834 599 3 
75 83 840 603 3 
79 89 829 601 3 
81 90 818 592 3 
85 92 816 602 3 
81 92 823 604 3 
80 90 828 598 3 
79 92 841 589 3 
80 93 831 599 3 
72 89 830 590 3 
77 84 806 582 3 
77 82 805 587 3 
81 79 800 587 3 
81 84 796 599 3 
84 83 820 606 3 
87 81 812 601 3 
93 82 814 589 3 
91 78 830 596 3 
93 81 827 589 3 
98 82 811 583 3 
103 85 820 598 3 
100 84 819 585 3 
105 85 837 577 3 
99 87 844 570 3 
102 88 836 569 3 
95 92 837 557 3 
98 85 821 550 3 
105 83 832 561 3 
111 82 829 555 3 
112 83 839 547 3 
106 84 837 551 3 
100 78 826 537 3 
92 78 806 513 3 
95 74 821 513 3 
94 74 832 517 3 
96 75 831 518 3 
96 77 854 519 3 
94 76 850 538 3 
85 70 845 528 3 
87 74 836 529 3 
87 78 839 543 3 
89 84 831 517 3 
84 88 827 530 3 
84 85 827 529 3 
84 84 837 531 3 
85 87 834 533 3 
83 88 817 533 3 
81 84 833 541 3 
79 82 837 536 3 
89 87 844 545 3 
92 85 831 543 3 
86 94 836 535 3 
77 90 829 553 3 
87 90 829 544 3 
89 90 840 545 3 
86 92 854 532 3 
83 95 846 539 3 
86 92 829 538 3 
88 97 834 531 3 
85 96 820 525 3 
86 92 825 515 3 
90 93 809 530 3 
89 95 802 537 3 
78 100 815 522 3 
78 106 829 534 3 
79 95 825 532 3 
78 99 828 534 3 
86 104 819 539 3 
92 100 825 532 3 
94 94 832 526 3 
90 96 857 528 3 
94 100 861 528 3 
93 100 875 527 3 
98 105 882 516 3 
94 96 841 519 3 
97 96 870 526 3 
92 94 848 519 3 
93 85 833 514 3 
86 87 850 510 3 
80 89 871 508 3 
86 91 878 506 3 
89 86 884 483 3 
88 84 880 477 3 
88 80 846 480 3 
89 78 855 496 3 
87 81 858 506 3 
90 83 881 505 3 
86 86 897 526 3 
94 84 882 522 3 
90 85 885 531 3 
90 86 895 522 3 
93 93 916 522 3 
94 100 902 532 3 
94 98 891 525 3 
89 101 886 519 3 
91 93 891 519 3 
88 96 890 527 3 
88 97 879 541 3 
93 98 890 546 3 
81 98 878 539 3 
75 94 881 535 3 
76 93 882 533 3 
75 94 880 528 3 
77 90 874 516 3 
76 91 866 511 3 
76 89 877 511 3 
74 79 884 518 3 
79 80 894 526 3 
81 78 898 518 3 
89 82 880 506 3 
84 77 849 506 3 
79 74 849 513 3 
80 75 875 519 3 
82 79 877 529 3 
87 75 884 528 3 
85 77 872 523 3 
82 75 870 529 3 
81 72 874 537 3 
81 77 866 534 3 
82 69 857 519 3 
82 70 863 530 3 
77 67 860 538 3 
77 65 843 528 3 
81 64 851 525 3 
82 63 854 525 3 
83 67 853 536 3 
81 66 856 513 3 
78 63 841 517 3 
79 61 847 520 3 
72 66 855 507 3 
81 73 852 516 3 
82 69 878 518 3 
84 66 875 526 3 
89 58 894 518 3 
86 56 890 532 3 
77 57 884 547 3 
71 62 880 548 3 
67 67 862 545 3 
66 67 870 542 3 
70 65 859 529 3 
72 62 859 547 3 
71 60 858 541 3 
81 57 880 550 3 
82 57 862 540 3 
82 55 851 536 3 
85 57 861 553 3 
82 51 889 562 3 
78 54 898 561 3 
79 57 905 561 3 
77 56 903 558 3 
85 55 904 547 3 
86 53 890 540 3 
89 49 873 537 3 
92 45 872 535 3 
84 50 858 524 3 
91 51 827 535 3 
87 54 833 544 3 
85 51 825 548 3 
85 51 822 547 3 
91 50 844 533 3 
95 49 838 523 3 
100 48 839 529 3 
99 48 841 539 3 
93 47 841 530 3 
87 48 833 538 3 
92 51 835 537 3 
86 49 842 532 3 
94 49 835 544 3 
92 56 821 546 3 
98 55 813 539 3 
101 54 803 539 3 
106 50 813 528 3 
111 53 806 548 3 
110 54 829 541 3 
107 57 822 557 3 
101 56 851 574 3 
93 55 853 575 3 
88 54 868 584 3 
91 52 872 572 3 
87 49 868 568 3 
92 50 844 586 3 
91 47 831 588 3 
98 45 806 593 3 
98 42 814 603 3 
102 44 820 597 3 
100 45 840 584 3 
97 40 840 579 3 
108 40 831 597 3 
111 39 834 583 3 
105 38 844 581 3 
112 40 853 590 3 
108 41 870 589 3 
108 44 853 587 3 
114 46 844 570 3 
106 49 840 564 3 
103 49 830 574 3 
96 48 824 569 3 
96 46 837 565 3 
92 46 842 586 3 
97 50 825 596 3 
105 54 837 606 3 
109 53 824 615 3 
109 48 829 610 3 
111 45 833 604 3 
109 50 846 607 3 
112 56 858 595 3 
109 57 864 613 3 
107 55 852 641 3 
111 57 834 634 3 
105 58 824 632 3 
95 60 806 616 3 
94 62 806 623 3 
95 59 800 619 3 
95 59 806 611 3 
97 60 798 609 3 
89 54 797 621 3 
90 50 804 605 3 
93 52 818 584 3 
88 48 811 586 3 
93 46 804 583 3 
95 46 805 580 3 
95 53 821 574 3 
99 52 802 572 3 
102 58 810 576 3 
103 52 791 568 3 
102 54 801 573 3 
105 54 815 556 3 
104 53 824 552 3 
109 54 817 556 3 
122 50 820 560 3 
122 47 808 572 3 
125 43 825 582 3 
122 41 813 582 3 
116 41 830 567 3 
115 37 827 564 3 
111 38 827 564 3 
114 37 807 561 3 
113 36 802 563 3 
105 35 795 561 3 
112 36 797 564 3 
104 39 796 558 3 
104 42 831 555 3 
97 50 824 564 3 
98 52 836 580 3 
95 48 823 563 3 
96 53 815 572 3 
96 52 811 566 3 
98 52 838 566 3 
98 55 850 548 3 
105 60 851 546 3 
108 57 863 539 3 
112 54 851 547 3 
111 54 844 567 3 
112 52 856 553 3 
114 53 867 553 3 
111 50 871 546 3 
115 46 860 531 3 
107 46 861 523 3 
115 48 881 520 3 
122 44 865 528 3 
123 48 891 522 3 
115 51 902 508 3 
116 49 894 525 3 
115 44 909 532 3 
119 43 914 535 3 
119 39 926 532 3 
115 41 932 543 3 
114 42 925 546 3 
112 43 924 554 3 
111 44 905 557 3 
111 39 892 555 3 
117 41 890 565 3 
112 36 891 564 3 
106 35 888 575 3 
105 35 882 565 3 
107 36 873 579 3 
108 35 861 565 3 
106 34 866 557 3 
104 36 858 562 3 
104 32 864 559 3 
104 28 862 555 3 
109 31 857 579 3 
108 32 829 553 3 
106 32 803 545 3 
104 34 809 553 3 
100 34 816 545 3 
98 32 821 553 3 
100 34 833 554 3 
97 34 821 565 3 
107 37 833 558 3 
108 37 846 570 3 
109 39 848 563 3 
104 40 820 559 3 
98 40 823 554 3 
95 38 837 567 3 
96 37 859 569 3 
92 32 851 562 3 
81 36 850 560 3 
82 38 850 543 3 
79 39 853 534 3 
76 35 844 541 3 
83 35 844 545 3 
81 35 838 547 3 
73 38 840 553 3 
81 39 838 556 3 
83 43 843 553 3 
85 42 847 547 3 
88 41 863 527 3 
91 40 844 533 3 
90 38 830 542 3 
91 40 849 537 3 
90 40 867 530 3 
92 41 864 535 3 
90 40 862 555 3 
88 37 851 555 3 
90 37 846 569 3 
92 38 852 546 3 
93 40 828 548 3 
86 40 826 551 3 
86 37 828 553 3 
83 44 846 551 3 
81 41 837 545 3 
85 42 852 549 3 
81 39 850 535 3 
84 38 840 548 3 
88 40 825 531 3 
91 38 833 527 3 
86 40 838 542 3 
92 34 846 544 3 
96 35 853 546 3 
104 30 846 537 3 
110 30 831 536 3 
98 32 815 550 3 
101 33 822 578 3 
102 32 831 570 3 
101 32 813 569 3 
100 35 812 571 3 
96 34 803 565 3 
94 36 799 568 3 
95 37 804 594 3 
94 41 807 602 3 
95 42 814 609 3 
101 42 809 621 3 
103 37 820 635 3 
102 38 825 626 3 
99 34 816 636 3 
96 32 825 636 3 
97 37 836 640 3 
93 37 803 663 3 
99 39 769 657 3 
105 40 771 660 3 
105 40 758 650 3 
106 35 771 639 3 
101 33 755 636 3 
96 35 757 637 3 
107 38 771 631 3 
107 38 771 635 3 
106 39 811 618 3 
101 39 819 622 3 
109 40 820 621 3 
105 39 811 621 3 
103 40 811 632 3 
112 42 804 649 3 
120 40 820 641 3 
123 41 823 640 3 
115 39 826 634 3 
120 38 831 649 3 
122 40 833 648 3 
126 43 808 634 3 
123 40 815 635 3 
131 42 812 637 3 
129 39 790 637 3 
129 41 795 637 3 
132 40 801 621 3 
126 44 774 616 3 
129 45 781 619 3 
133 45 767 623 3 
128 42 758 650 3 
128 40 777 632 3 
134 41 771 616 3 
136 44 779 644 3 
140 53 788 649 3 
141 57 799 645 3 
135 50 802 677 3 
128 51 804 671 3 
124 49 777 676 3 
120 45 785 682 3 
113 43 785 684 3 
110 44 791 689 3 
110 41 786 685 3 
104 45 783 697 0 
101 46 788 689 0 
103 46 783 686 0 
103 41 796 687 3 
104 41 788 685 3 
99 46 802 680 3 
