0 0 2 0 0 
0 0 2 1 0 
1 0 2 1 0 
2 0 2 2 0 
3 0 2 2 0 
3 0 3 2 0 
3 0 5 2 0 
3 0 5 4 0 
3 0 5 4 0 
3 0 6 3 0 
3 0 6 4 0 
5 0 6 4 0 
5 0 8 5 0 
7 0 7 4 0 
6 0 6 5 0 
6 0 6 6 0 
7 0 6 7 0 
8 0 6 8 0 
8 1 4 8 0 
8 1 6 8 0 
10 1 6 10 0 
10 1 6 13 0 
9 1 6 12 0 
7 1 7 13 0 
8 2 9 16 0 
9 2 10 13 0 
11 3 14 14 0 
10 2 15 16 0 
11 1 14 15 0 
9 1 14 19 0 
9 3 16 18 0 
8 3 17 14 0 
7 4 15 12 0 
7 5 14 14 0 
8 7 13 15 0 
7 7 14 13 0 
8 7 14 15 0 
8 5 14 16 0 
9 6 17 15 0 
11 7 17 16 0 
11 6 18 16 0 
10 6 19 20 0 
11 7 18 21 0 
15 6 19 19 0 
18 8 21 18 0 
22 10 21 18 0 
24 10 23 16 0 
22 9 25 18 0 
21 9 22 20 0 
22 9 22 22 0 
25 9 20 21 0 
25 10 20 23 0 
20 11 20 21 0 
19 11 20 19 0 
19 11 24 21 0 
22 12 25 23 0 
21 14 26 21 0 
22 12 27 25 0 
22 11 25 28 0 
25 10 24 31 0 
27 11 27 31 0 
30 12 29 34 0 
31 13 30 33 0 
32 11 32 33 0 
30 10 33 38 0 
27 11 35 41 0 
29 12 35 41 0 
26 13 37 44 0 
27 13 34 35 0 
24 10 32 34 0 
24 12 37 38 0 
23 10 34 46 0 
22 10 36 48 0 
21 10 34 46 0 
19 11 35 48 0 
21 11 35 48 0 
16 11 40 48 0 
13 13 36 51 0 
11 13 38 53 0 
13 15 39 53 0 
14 16 44 54 0 
14 16 45 58 0 
14 19 45 65 0 
14 22 44 60 0 
12 22 44 64 0 
14 23 40 67 4 
13 25 39 70 4 
15 30 39 72 4 
19 35 42 75 4 
17 37 38 75 4 
20 39 35 78 4 
23 40 37 87 4 
21 37 41 96 4 
21 40 44 96 4 
23 37 45 108 4 
21 40 48 108 4 
22 43 46 112 4 
22 45 48 103 4 
25 49 43 104 4 
24 51 44 105 4 
27 54 47 105 4 
31 55 47 111 4 
24 51 47 117 4 
23 45 50 117 4 
23 43 51 116 4 
25 45 50 117 4 
25 42 51 128 4 
26 43 54 126 4 
25 43 56 126 4 
25 41 59 134 4 
25 41 58 128 4 
25 42 60 131 4 
26 42 62 121 4 
24 46 61 127 4 
23 41 58 128 4 
22 43 56 129 4 
20 49 55 132 4 
25 46 53 141 4 
25 48 54 145 4 
27 47 48 146 4 
25 50 49 152 4 
26 53 47 155 4 
26 48 43 160 4 
29 52 48 166 4 
26 53 50 170 4 
25 50 57 177 4 
24 52 59 183 4 
24 54 66 183 4 
22 48 65 194 4 
23 55 60 195 4 
24 55 59 200 4 
24 56 58 208 4 
25 52 61 207 4 
25 55 61 212 4 
25 59 70 215 4 
27 61 71 227 4 
27 65 68 226 4 
28 67 66 227 4 
32 64 65 235 4 
30 65 67 223 4 
34 59 61 230 4 
36 60 60 241 4 
36 58 58 248 4 
39 53 59 260 4 
40 50 57 256 4 
38 53 53 250 4 
40 56 57 253 4 
43 56 57 260 4 
41 56 52 265 4 
40 58 51 269 4 
42 58 58 293 4 
47 61 56 296 4 
48 60 58 302 4 
51 61 52 309 4 
45 66 56 320 4 
41 67 56 342 4 
40 70 57 354 4 
45 61 62 357 4 
47 64 65 353 4 
49 65 63 347 4 
49 61 69 358 4 
52 61 67 352 4 
51 61 67 361 4 
46 63 73 360 4 
42 65 68 378 4 
40 62 72 393 4 
46 61 72 409 4 
45 63 75 415 4 
44 65 80 428 4 
53 70 80 433 4 
48 71 81 450 4 
49 71 81 472 4 
52 72 80 472 4 
52 69 89 478 4 
53 72 88 483 4 
54 67 91 476 4 
52 76 94 459 4 
50 77 95 456 4 
51 75 95 467 4 
51 82 101 475 4 
50 81 110 478 4 
52 87 107 476 4 
51 84 108 472 4 
46 84 111 478 4 
48 83 107 483 4 
45 90 109 488 4 
44 100 109 478 4 
41 108 107 486 4 
40 109 109 479 4 
40 102 110 495 4 
41 108 106 499 4 
42 107 108 512 4 
43 102 109 523 4 
42 101 108 514 4 
42 103 115 527 4 
42 104 120 542 4 
43 110 129 545 4 
40 105 137 556 4 
37 111 132 574 4 
33 113 134 584 4 
33 111 134 597 4 
39 117 136 600 4 
37 125 145 591 4 
41 118 153 593 4 
41 119 154 596 4 
42 125 150 607 4 
39 124 153 614 4 
40 131 148 611 4 
42 127 153 620 4 
38 136 148 630 4 
42 127 144 616 4 
48 122 146 618 4 
48 117 148 624 4 
47 116 149 641 4 
50 119 162 642 4 
50 114 164 635 4 
49 118 176 644 4 
50 119 173 642 4 
51 116 184 648 4 
45 110 190 659 4 
50 111 182 668 4 
46 102 184 680 4 
40 98 185 689 4 
47 93 193 683 4 
50 100 189 696 4 
48 100 188 690 4 
46 102 189 684 4 
48 110 191 697 4 
46 110 188 700 4 
44 116 195 714 4 
41 113 207 724 4 
39 116 207 722 4 
44 116 211 724 4 
46 116 210 739 4 
45 119 212 743 4 
46 121 213 746 4 
44 126 206 762 4 
46 134 203 766 4 
40 143 195 777 4 
37 150 197 793 4 
40 153 193 811 4 
41 154 196 810 4 
42 154 200 832 4 
39 154 194 851 4 
40 152 183 860 4 
39 151 187 865 4 
43 150 187 860 4 
42 144 187 869 4 
39 139 180 843 4 
36 138 179 848 4 
32 142 170 845 4 
31 141 176 852 4 
36 136 177 836 4 
36 133 174 832 4 
39 139 181 833 4 
36 138 192 834 4 
32 132 201 837 4 
31 147 206 837 4 
29 150 209 830 4 
27 143 207 837 4 
28 148 205 819 4 
25 142 207 830 4 
27 136 213 826 4 
29 134 211 837 4 
31 141 210 841 4 
28 141 226 832 4 
30 146 217 836 4 
29 151 226 844 4 
29 155 229 836 4 
25 160 220 841 4 
23 159 221 842 4 
20 155 220 842 4 
22 155 227 864 4 
19 152 232 893 4 
18 142 221 905 4 
17 142 221 900 4 
16 144 226 890 4 
16 142 231 900 4 
17 147 221 908 4 
18 150 224 900 4 
20 158 227 924 4 
19 163 226 934 4 
21 157 225 952 4 
17 163 222 931 4 
19 174 229 920 4 
19 182 230 924 4 
20 177 228 936 4 
19 178 231 948 4 
21 180 231 959 4 
21 188 240 967 4 
18 183 235 965 4 
18 190 247 960 4 
18 198 237 970 4 
16 184 237 966 4 
19 185 235 970 4 
20 180 234 955 4 
23 170 237 964 4 
25 177 233 955 4 
22 182 239 930 4 
22 193 254 914 4 
20 188 268 927 4 
19 179 287 922 4 
19 182 278 923 4 
15 183 282 935 4 
18 191 271 931 4 
16 190 278 931 4 
17 192 273 950 4 
17 191 283 952 4 
19 197 301 946 4 
20 195 304 949 4 
26 196 301 940 4 
25 194 315 922 4 
28 194 318 896 4 
30 199 319 904 4 
33 194 317 918 4 
33 195 324 901 4 
31 191 328 911 4 
30 187 324 926 4 
32 184 322 954 4 
33 186 319 944 4 
36 186 332 931 4 
30 183 333 932 4 
27 188 331 929 4 
27 183 337 937 4 
27 182 340 938 4 
27 184 339 946 4 
26 184 336 931 4 
27 183 329 950 4 
24 175 333 936 4 
30 176 334 960 4 
29 166 330 948 4 
26 165 337 944 4 
25 162 327 954 4 
22 156 338 947 4 
25 155 343 986 4 
24 157 349 988 4 
26 153 350 987 4 
28 152 361 1016 4 
28 155 365 1011 4 
25 166 355 1002 4 
21 169 372 989 4 
22 177 378 986 4 
23 181 380 993 4 
21 193 381 981 4 
21 187 379 968 4 
23 178 388 953 4 
23 175 391 950 4 
23 168 401 943 4 
25 171 396 956 4 
24 166 406 956 4 
26 166 404 987 4 
27 160 390 1000 4 
28 144 389 995 4 
30 148 410 1002 4 
32 150 397 996 4 
30 150 400 984 4 
31 147 390 976 4 
30 146 379 979 4 
26 143 366 976 4 
26 144 374 971 4 
22 146 372 989 4 
21 145 377 964 4 
19 147 372 982 4 
20 155 372 978 4 
20 149 375 975 4 
22 146 385 981 4 
23 145 383 993 4 
23 149 391 993 4 
22 146 381 999 4 
18 146 388 1000 4 
19 146 378 1018 4 
19 153 358 1000 4 
19 143 366 990 4 
21 140 356 1006 4 
22 147 359 1009 4 
24 145 362 1019 4 
22 145 355 1036 4 
26 143 364 1036 4 
24 142 374 1047 4 
24 143 374 1050 4 
28 148 361 1050 4 
25 152 381 1046 4 
26 152 385 1024 4 
25 155 398 1010 4 
27 159 406 1008 4 
30 157 402 1009 4 
34 152 408 1007 4 
32 154 408 1006 4 
33 160 406 1011 4 
32 149 399 1018 4 
35 150 391 1020 4 
34 150 406 1021 4 
35 143 421 1029 4 
38 138 409 1023 4 
36 136 411 1021 4 
30 132 417 1010 4 
35 127 401 1007 4 
38 127 386 1014 4 
42 128 385 1012 4 
41 128 384 1013 4 
44 131 373 1005 4 
48 133 372 1030 4 
47 131 361 1018 4 
48 132 365 1036 4 
45 136 374 1008 4 
45 139 367 1022 4 
46 147 381 1009 4 
47 137 387 1022 4 
44 142 388 1041 4 
47 138 397 1036 4 
46 141 392 1028 4 
46 137 397 1030 4 
42 141 403 1047 4 
41 141 409 1067 4 
42 129 403 1068 4 
41 139 391 1081 4 
39 146 394 1072 4 
44 143 400 1061 4 
45 143 406 1040 4 
44 138 411 1021 4 
39 146 391 1036 4 
36 138 401 1033 4 
35 139 404 1014 4 
30 135 412 1011 4 
28 141 404 991 4 
31 141 403 999 4 
29 132 416 983 4 
30 129 402 970 4 
27 130 404 990 4 
28 129 402 968 4 
27 119 399 976 4 
27 121 411 987 4 
26 123 421 986 4 
27 119 421 997 4 
28 109 424 999 4 
31 112 425 992 4 
32 122 433 989 4 
35 116 433 1000 4 
32 116 437 972 4 
34 115 452 977 4 
31 110 446 996 4 
32 116 437 997 4 
35 124 444 1009 4 
34 118 419 1036 4 
37 122 404 1032 4 
38 116 420 1016 4 
36 114 414 1025 4 
34 109 433 1041 4 
32 113 429 1059 4 
33 108 441 1048 4 
34 113 444 1048 4 
35 119 462 1049 4 
34 113 452 1037 4 
35 115 447 1030 4 
37 115 435 1015 4 
35 115 421 1008 4 
34 111 423 987 4 
38 110 423 973 4 
40 110 425 973 4 
42 114 417 971 4 
43 113 421 965 4 
39 113 435 976 4 
42 115 426 994 4 
44 115 416 973 4 
43 112 423 965 4 
43 121 428 972 4 
40 119 426 966 4 
41 117 415 967 4 
44 120 433 963 4 
43 117 433 953 4 
45 115 440 925 4 
41 110 429 938 4 
40 106 428 942 4 
39 102 449 954 4 
34 104 457 967 4 
36 105 465 937 4 
36 105 454 933 4 
38 108 457 926 4 
37 110 468 941 4 
40 108 480 940 4 
42 105 475 949 4 
43 100 477 927 4 
44 99 476 919 4 
48 99 479 911 4 
51 94 485 894 4 
53 96 466 944 4 
57 98 480 930 4 
57 95 466 930 4 
55 98 463 946 4 
53 102 470 923 4 
52 102 464 919 4 
56 105 469 889 4 
51 110 463 902 4 
57 113 471 906 4 
59 115 490 895 4 
56 116 474 897 4 
58 120 476 899 4 
58 124 479 891 4 
61 119 474 890 4 
63 118 481 897 4 
67 117 486 910 4 
65 114 494 901 4 
62 113 495 887 4 
60 110 491 876 4 
62 112 494 889 4 
62 101 486 881 4 
63 105 498 887 4 
59 100 496 875 4 
55 101 509 872 4 
55 100 506 891 4 
59 102 508 887 4 
60 109 504 873 4 
57 113 509 863 4 
59 106 529 852 4 
61 105 545 865 4 
62 105 523 851 4 
58 104 530 858 4 
55 105 534 860 4 
55 106 525 854 4 
61 108 520 855 4 
62 101 528 878 4 
66 99 525 859 4 
67 95 521 864 4 
70 94 522 869 4 
74 99 516 874 4 
72 100 522 889 4 
67 107 524 887 4 
71 105 520 886 4 
69 108 516 864 4 
64 109 522 839 4 
67 103 535 850 4 
67 99 540 859 4 
70 97 539 864 4 
70 92 529 857 4 
74 89 519 851 4 
81 90 511 855 4 
84 87 523 855 4 
77 84 525 853 4 
78 89 524 861 4 
79 79 523 854 4 
83 89 527 874 4 
82 86 535 876 4 
87 87 526 868 4 
87 90 520 858 4 
88 93 524 859 4 
87 92 523 856 4 
85 93 527 893 4 
92 89 517 898 4 
92 87 513 895 4 
96 84 516 897 4 
97 85 507 901 4 
98 84 494 896 4 
103 88 494 897 4 
99 84 487 887 4 
96 77 495 883 4 
93 77 493 870 4 
90 77 501 871 4 
88 75 500 876 4 
85 72 495 898 4 
87 74 505 867 4 
85 75 499 861 4 
70 71 495 862 4 
67 74 495 864 4 
70 74 495 871 4 
72 80 502 874 4 
72 77 502 864 4 
70 81 495 867 4 
71 83 480 867 4 
77 83 487 864 4 
85 79 499 881 4 
80 73 514 887 4 
85 76 512 904 4 
86 79 517 915 4 
82 72 510 905 4 
87 75 502 931 4 
88 71 515 940 4 
91 69 531 915 4 
82 66 535 908 4 
87 72 530 926 4 
90 74 551 900 4 
100 75 546 907 4 
102 71 537 889 4 
105 65 535 902 4 
109 65 534 886 4 
102 68 528 894 4 
102 64 530 890 4 
102 64 519 881 4 
101 63 524 841 4 
98 56 498 835 4 
98 58 515 842 4 
99 60 521 856 4 
97 60 525 843 4 
96 65 529 870 4 
97 68 517 874 4 
94 67 513 880 4 
92 67 517 853 4 
96 70 526 839 4 
94 65 523 834 4 
94 62 537 836 4 
90 63 546 827 4 
86 64 557 821 4 
86 73 542 861 4 
80 70 536 865 4 
80 65 526 866 4 
80 65 536 842 4 
76 64 549 841 4 
76 64 544 809 4 
74 68 547 815 4 
80 68 543 838 4 
82 70 544 832 4 
83 75 550 836 4 
80 68 542 842 4 
84 72 549 839 4 
86 75 549 841 4 
79 71 555 853 4 
83 71 545 844 4 
82 67 532 834 4 
73 67 531 827 4 
76 63 506 820 4 
76 62 512 833 4 
77 65 506 822 4 
75 63 508 838 4 
77 65 519 827 4 
76 64 521 819 4 
74 63 515 839 4 
76 62 506 820 4 
73 61 516 828 4 
76 60 520 847 4 
74 66 530 851 4 
77 74 529 871 4 
74 74 535 881 4 
74 74 525 893 4 
77 71 517 867 4 
81 61 522 858 4 
79 61 503 863 4 
76 61 513 854 4 
81 62 516 842 4 
83 67 515 820 4 
82 70 507 809 4 
89 75 492 815 4 
93 76 505 805 4 
94 73 512 776 4 
90 79 516 777 4 
85 77 487 774 4 
79 73 481 756 4 
84 69 477 758 4 
77 71 475 766 4 
72 73 480 785 4 
71 71 490 799 4 
80 71 498 818 4 
80 78 486 823 4 
79 74 488 831 4 
77 71 474 851 4 
81 66 486 861 4 
83 72 492 852 4 
90 75 482 838 4 
93 73 495 831 4 
86 75 506 816 4 
89 78 517 831 4 
82 72 514 844 4 
76 71 518 863 4 
71 78 510 875 4 
70 73 501 877 4 
73 78 487 872 4 
78 78 484 862 4 
83 77 491 868 4 
83 76 500 870 4 
88 75 499 862 4 
89 80 511 843 4 
89 77 512 866 4 
86 77 504 871 4 
86 80 487 896 4 
84 73 495 895 4 
87 73 506 898 4 
87 78 512 909 4 
87 86 510 901 4 
81 89 511 916 4 
79 97 513 921 4 
81 97 514 925 4 
79 99 507 916 4 
76 101 510 943 4 
78 101 501 926 4 
79 106 505 923 4 
81 112 506 932 4 
82 110 506 922 4 
87 109 491 915 4 
83 115 486 918 4 
88 110 472 906 4 
92 105 467 895 4 
89 97 469 894 4 
84 97 468 869 4 
90 90 469 876 4 
98 84 472 875 4 
94 87 467 884 4 
94 90 484 897 4 
98 97 488 914 4 
99 89 482 910 4 
102 90 475 912 4 
99 87 485 930 4 
93 79 475 948 4 
94 77 486 933 4 
98 76 469 937 4 
94 74 457 921 4 
96 79 451 943 4 
103 83 449 948 4 
106 81 442 955 4 
108 83 438 944 4 
104 77 453 961 4 
104 79 451 957 4 
105 83 457 949 4 
110 82 446 925 4 
108 79 439 904 4 
115 81 459 932 4 
108 78 455 898 4 
106 76 471 903 4 
105 78 447 890 4 
108 79 449 891 4 
107 80 469 908 4 
111 82 478 940 4 
114 75 473 925 4 
114 79 486 923 4 
110 75 467 917 4 
104 83 461 915 4 
104 82 456 925 4 
105 83 454 931 4 
106 79 448 939 4 
103 83 441 948 4 
108 85 458 942 4 
111 85 448 959 4 
107 84 448 974 4 
111 81 437 980 4 
105 82 452 987 4 
113 82 457 996 4 
100 82 466 991 4 
101 82 462 967 4 
106 86 458 978 4 
105 85 451 980 4 
104 88 452 976 4 
102 92 455 976 4 
94 99 457 970 4 
98 89 452 978 4 
95 95 462 977 4 
95 96 464 958 4 
96 96 455 945 4 
93 93 453 936 4 
86 90 456 943 4 
88 89 463 920 4 
80 86 465 937 4 
84 81 474 944 4 
81 83 472 950 4 
82 82 464 934 4 
77 83 476 940 4 
81 86 495 945 4 
79 85 499 934 4 
82 84 496 909 4 
81 77 504 900 4 
76 74 513 919 4 
73 68 511 925 4 
76 64 507 901 4 
76 58 499 915 4 
76 58 508 936 4 
77 55 498 954 4 
77 55 509 958 4 
73 52 517 972 4 
74 54 513 964 4 
72 53 511 957 4 
70 55 506 930 4 
63 55 511 937 4 
61 54 526 930 4 
58 54 528 919 4 
58 53 536 919 4 
57 52 538 934 4 
55 59 525 907 4 
53 58 522 903 4 
53 59 501 887 4 
51 59 498 905 4 
54 59 510 916 4 
54 61 493 936 4 
55 66 482 950 4 
55 66 489 954 4 
52 73 511 934 4 
50 73 507 930 4 
51 78 496 921 4 
50 74 506 923 4 
48 75 510 927 4 
47 78 525 914 4 
42 77 536 906 4 
42 76 526 913 4 
42 79 535 899 4 
40 72 534 914 4 
40 78 532 881 4 
42 76 534 903 4 
44 82 535 897 4 
46 86 546 902 4 
46 95 541 926 4 
42 91 530 913 4 
42 85 521 918 4 
41 84 520 918 4 
42 94 532 938 4 
43 97 545 941 4 
43 98 517 931 4 
40 93 528 929 4 
38 85 538 924 4 
36 83 533 910 4 
42 80 531 920 4 
40 77 535 929 4 
43 80 526 915 4 
44 78 530 922 4 
41 82 544 914 4 
41 72 540 911 4 
37 73 546 910 4 
35 78 557 889 4 
38 76 549 889 4 
40 76 555 897 4 
39 81 560 912 4 
44 82 567 901 4 
41 84 563 897 4 
40 80 557 882 4 
39 79 560 878 4 
38 83 553 862 4 
39 82 564 869 4 
45 80 567 876 4 
42 75 550 891 4 
47 78 544 895 4 
48 78 565 899 4 
47 78 569 907 4 
43 81 570 912 4 
44 82 584 910 4 
50 85 572 896 4 
46 86 578 919 4 
50 84 576 931 4 
48 80 589 924 4 
51 85 595 905 4 
51 87 581 935 4 
55 86 595 943 4 
52 95 577 945 4 
50 95 566 962 4 
53 97 562 958 4 
51 93 556 950 4 
50 94 561 963 4 
50 90 578 971 4 
50 82 579 965 4 
52 75 574 973 4 
51 78 566 969 4 
51 78 584 975 4 
50 81 579 938 4 
47 76 573 917 4 
47 65 558 897 4 
46 66 563 895 4 
47 75 567 889 4 
42 76 573 875 4 
45 74 570 884 4 
48 71 551 877 4 
50 73 546 881 4 
51 74 546 884 4 
46 69 547 892 4 
46 69 571 894 4 
42 73 567 896 4 
43 76 573 924 4 
42 88 559 935 4 
43 89 575 929 4 
44 90 560 920 4 
50 82 556 922 4 
52 83 558 913 4 
53 83 552 927 4 
53 79 559 922 4 
55 75 547 937 4 
54 69 534 953 4 
55 71 534 949 4 
52 71 545 938 4 
50 69 537 934 4 
47 70 530 916 4 
48 70 533 901 4 
51 67 532 904 4 
54 68 528 924 4 
54 71 525 912 4 
50 70 545 875 4 
51 77 543 863 4 
48 84 541 888 4 
46 78 544 915 4 
54 74 535 917 4 
50 68 531 916 4 
52 67 538 930 4 
56 64 539 935 4 
51 63 548 909 4 
54 65 544 915 4 
53 70 539 915 4 
56 75 535 907 4 
60 78 549 912 4 
65 80 547 945 4 
61 78 539 930 4 
57 73 528 923 4 
59 80 535 931 4 
57 81 546 932 4 
57 74 549 936 4 
53 71 564 922 4 
55 74 557 904 4 
52 76 560 906 4 
57 79 577 890 4 
50 78 567 890 4 
54 80 568 904 4 
53 81 572 900 4 
52 88 560 894 4 
51 89 552 903 4 
49 86 571 915 4 
49 91 569 908 4 
50 91 584 921 4 
50 93 579 917 4 
57 97 577 901 4 
60 100 561 910 4 
58 98 570 914 4 
60 111 574 910 4 
65 103 571 902 4 
63 107 570 880 4 
62 99 575 885 4 
60 97 571 875 4 
57 95 576 872 4 
57 91 575 862 4 
57 97 559 845 4 
59 90 569 858 4 
62 93 587 828 4 
61 94 580 824 4 
62 102 590 815 4 
53 97 573 793 4 
54 93 559 797 4 
45 84 565 803 4 
44 88 558 808 4 
47 79 553 805 4 
49 87 558 795 4 
50 84 585 794 4 
48 81 592 793 4 
46 85 580 786 4 
47 85 582 774 4 
46 87 583 775 4 
44 76 592 791 4 
42 79 602 782 4 
46 78 600 786 4 
45 84 608 779 4 
44 89 608 787 4 
43 86 602 790 4 
41 85 575 792 4 
43 81 589 796 4 
41 89 607 820 4 
40 82 615 809 4 
39 76 604 810 4 
39 76 603 792 4 
40 77 614 805 4 
39 82 616 804 4 
43 81 612 811 4 
43 86 609 827 4 
42 82 594 829 4 
44 82 587 837 4 
44 81 599 827 4 
48 79 585 812 4 
48 82 568 812 4 
46 86 574 819 4 
46 88 567 839 4 
50 89 574 827 4 
44 88 579 803 4 
42 87 579 800 4 
39 86 590 790 4 
36 90 578 798 4 
29 86 580 787 4 
31 85 574 771 4 
31 85 552 789 4 
32 85 555 789 4 
32 89 550 793 4 
35 86 553 790 4 
44 96 562 784 4 
44 99 544 778 4 
38 93 532 788 4 
37 92 544 778 4 
39 88 549 779 4 
40 96 556 788 4 
38 102 557 784 4 
44 100 565 795 4 
44 102 566 792 4 
42 98 554 772 4 
37 106 557 790 4 
35 102 571 786 4 
35 103 566 789 4 
38 102 583 791 4 
36 106 587 795 4 
38 105 547 803 4 
35 102 571 789 4 
32 104 569 787 4 
37 102 571 788 4 
35 98 568 764 4 
40 97 580 758 4 
41 107 573 751 4 
40 107 573 747 4 
43 105 597 722 4 
39 111 608 719 4 
39 106 606 737 4 
37 110 609 746 4 
37 105 615 720 4 
34 105 613 719 4 
37 104 632 719 0 
37 106 641 715 0 
37 107 629 741 4 
