0 0 0 0 0 
0 0 0 0 0 
0 0 1 0 0 
0 0 2 0 0 
1 0 2 0 0 
1 0 2 0 0 
2 0 2 0 0 
3 0 1 0 0 
1 0 1 1 0 
1 0 1 2 0 
1 1 1 3 0 
1 3 1 5 0 
2 4 1 6 0 
1 4 1 7 0 
3 5 1 9 0 
4 7 1 10 0 
3 6 2 10 0 
3 7 2 10 0 
5 7 3 9 0 
6 8 3 10 0 
5 8 4 12 0 
5 9 5 12 0 
5 10 5 14 0 
5 10 8 16 0 
4 7 8 17 0 
4 6 8 22 0 
4 7 9 30 4 
2 8 11 31 4 
2 8 14 31 0 
3 9 16 31 0 
3 12 22 36 0 
4 12 22 39 0 
6 12 22 41 0 
7 13 27 42 0 
9 11 25 41 0 
10 11 25 40 0 
11 12 26 37 0 
10 12 26 38 0 
9 9 26 43 0 
8 9 30 44 0 
10 9 29 41 0 
9 10 26 40 0 
8 9 26 42 0 
10 11 25 39 0 
11 10 24 39 0 
12 10 26 38 0 
10 11 27 41 0 
13 10 31 37 0 
14 11 38 36 0 
16 9 37 36 0 
18 8 37 34 0 
18 8 38 34 0 
19 10 37 33 0 
18 11 41 34 0 
22 12 47 35 0 
24 12 42 36 0 
22 11 47 34 0 
17 11 43 34 0 
19 13 46 33 0 
18 13 39 33 0 
17 13 38 34 0 
17 15 36 35 0 
14 14 40 36 0 
16 16 36 34 0 
16 19 34 31 0 
17 20 34 32 0 
16 19 35 38 0 
17 20 36 35 0 
20 18 41 37 0 
17 17 40 33 0 
16 16 47 35 0 
15 19 41 35 0 
16 20 44 39 0 
15 19 45 42 0 
16 19 46 48 0 
16 22 45 53 0 
17 19 46 53 0 
15 18 48 59 0 
16 19 54 62 0 
20 22 50 57 0 
23 23 44 59 0 
26 22 44 61 0 
27 23 46 67 0 
30 26 50 68 0 
28 29 47 74 0 
32 28 52 69 0 
34 29 56 66 0 
38 36 61 71 0 
40 31 69 76 0 
43 31 71 79 0 
40 34 76 79 0 
41 33 73 82 0 
41 32 75 90 0 
44 39 75 89 0 
43 40 71 79 0 
44 36 63 79 0 
38 36 64 86 0 
39 39 65 88 0 
34 44 70 86 0 
36 43 75 85 0 
36 48 76 85 0 
34 44 82 83 0 
37 41 86 93 0 
39 39 90 95 0 
44 38 85 93 0 
48 41 87 92 0 
45 40 89 92 0 
46 40 95 93 0 
41 39 91 103 0 
43 38 88 106 0 
44 39 92 110 0 
43 37 93 109 0 
44 42 97 105 0 
44 39 94 112 0 
44 40 89 116 0 
44 43 87 121 0 
43 43 87 128 4 
45 40 84 129 4 
48 41 85 127 4 
43 42 85 131 4 
42 44 84 128 4 
47 49 86 131 4 
52 47 88 133 4 
54 51 89 135 4 
58 57 94 136 4 
57 55 96 139 4 
60 53 100 141 4 
60 56 97 148 4 
64 56 101 152 4 
61 53 105 149 4 
58 54 109 159 4 
60 60 114 166 4 
58 57 124 169 4 
59 57 121 160 0 
60 62 125 155 0 
55 60 128 159 0 
59 65 145 166 0 
64 64 140 156 0 
66 60 145 153 0 
63 64 146 161 0 
61 59 147 167 0 
63 66 145 159 0 
68 66 148 164 0 
77 65 148 168 0 
78 65 149 170 0 
76 68 159 169 0 
78 62 164 170 0 
82 63 174 176 0 
78 61 175 177 0 
67 58 178 178 0 
70 60 181 175 0 
76 62 191 197 0 
71 60 204 213 0 
68 54 197 219 0 
74 56 200 230 0 
75 57 191 235 0 
68 59 197 239 0 
71 60 208 227 0 
70 58 213 228 0 
74 56 232 224 0 
76 56 233 226 0 
72 57 240 239 0 
73 57 232 233 0 
72 54 237 231 0 
80 51 234 230 0 
90 55 225 240 0 
90 55 230 240 0 
84 57 237 244 0 
86 60 238 245 0 
91 59 253 257 0 
93 58 256 264 0 
89 56 258 261 0 
82 55 268 254 0 
81 55 275 252 0 
81 60 272 251 0 
84 65 275 266 0 
85 62 287 274 0 
88 64 286 273 0 
87 65 292 294 0 
89 61 296 292 0 
95 56 300 290 0 
93 52 288 304 0 
99 45 297 308 0 
101 41 293 311 0 
101 36 300 316 0 
99 37 297 319 0 
105 33 291 315 0 
105 35 304 324 0 
111 36 307 343 0 
115 38 314 355 0 
114 40 313 326 0 
122 40 316 328 0 
126 38 329 325 0 
123 39 325 337 0 
128 39 326 344 0 
128 39 315 358 0 
134 38 318 357 0 
133 33 326 366 0 
132 33 329 383 0 
134 34 333 394 0 
139 31 335 404 0 
144 34 352 412 0 
143 34 359 427 0 
139 35 365 435 0 
142 37 366 426 0 
137 35 359 422 0 
133 37 369 427 0 
134 38 374 435 0 
128 40 377 443 0 
131 41 382 441 0 
129 42 392 448 0 
128 42 396 440 0 
123 43 379 457 4 
125 41 388 431 0 
127 39 405 439 0 
127 36 416 449 0 
124 33 421 450 0 
127 34 429 442 0 
135 30 430 457 0 
132 28 435 457 0 
132 32 449 474 0 
140 36 441 465 0 
144 39 470 476 0 
144 39 463 486 0 
153 43 483 486 0 
152 44 495 490 0 
147 46 494 485 0 
142 45 516 481 0 
142 44 517 494 0 
147 43 525 482 0 
145 44 531 477 0 
140 47 537 475 0 
137 48 559 495 0 
131 40 558 504 0 
129 44 532 505 0 
132 41 531 502 0 
134 38 545 492 0 
136 39 534 489 0 
137 41 538 486 0 
139 37 559 497 0 
147 34 565 510 0 
146 38 568 529 0 
151 34 573 526 0 
148 34 585 524 0 
150 38 593 520 0 
145 40 600 522 0 
139 38 587 517 0 
140 39 602 523 0 
133 42 613 507 3 
131 43 601 518 0 
129 43 609 520 3 
135 40 607 521 0 
132 43 595 524 0 
122 40 591 521 0 
128 40 599 519 0 
116 38 588 526 0 
115 33 593 525 0 
122 34 597 514 0 
117 32 615 523 3 
115 31 622 521 3 
118 33 647 525 3 
122 36 624 526 3 
121 36 637 524 3 
131 39 649 513 3 
131 34 660 518 3 
127 36 658 517 3 
125 41 658 512 3 
131 38 670 518 3 
129 39 678 525 3 
126 41 690 531 3 
125 43 699 542 3 
127 45 689 546 3 
126 44 664 555 3 
125 44 651 546 3 
117 46 675 545 3 
117 49 674 540 3 
113 50 656 553 3 
109 45 658 574 0 
106 44 663 577 0 
108 46 674 590 0 
115 50 690 595 3 
114 50 676 597 0 
113 50 673 597 0 
117 50 685 590 3 
113 49 705 588 3 
116 53 698 599 3 
112 50 692 600 0 
117 48 683 592 0 
120 55 668 588 0 
119 55 666 593 0 
125 56 671 591 0 
120 45 669 596 0 
122 46 684 586 3 
116 49 671 586 0 
117 48 667 598 0 
113 46 670 600 0 
116 46 663 618 0 
122 49 650 611 0 
117 51 660 601 0 
114 51 636 607 0 
115 50 634 597 0 
115 48 634 597 0 
112 50 621 607 0 
114 51 607 617 0 
118 50 619 605 0 
111 52 620 613 0 
113 60 625 621 0 
116 61 618 619 0 
118 63 620 627 0 
119 56 628 627 0 
119 52 643 655 0 
124 46 644 642 0 
122 45 658 647 0 
125 44 648 632 0 
126 50 643 633 0 
132 50 646 625 0 
130 52 649 619 0 
127 48 659 588 0 
125 48 652 596 0 
128 49 666 589 0 
129 45 675 588 0 
137 42 667 585 0 
135 44 667 595 0 
136 43 684 599 0 
124 41 699 594 3 
126 40 705 597 3 
131 37 714 612 3 
126 37 719 607 3 
118 41 721 597 3 
126 45 752 585 3 
128 48 758 587 3 
136 53 753 583 3 
137 53 735 593 3 
131 54 757 621 3 
135 49 756 611 3 
126 45 769 620 3 
128 49 757 629 3 
128 47 755 633 3 
122 47 741 614 3 
121 49 722 613 3 
121 49 745 617 3 
111 51 733 634 3 
112 55 739 633 3 
107 55 735 642 0 
101 56 723 657 0 
98 58 741 664 0 
106 57 753 664 0 
106 58 736 673 0 
105 60 729 659 0 
103 59 712 651 0 
107 58 707 651 0 
111 60 704 653 0 
122 59 701 655 0 
122 58 700 635 0 
119 63 701 625 0 
121 62 690 623 0 
125 66 703 616 0 
121 63 718 613 3 
129 65 719 615 3 
124 71 724 636 0 
116 66 729 634 0 
120 66 717 634 0 
111 62 729 618 3 
116 62 739 614 3 
116 60 734 593 3 
119 59 719 600 3 
118 55 733 621 3 
118 57 732 632 3 
115 63 715 625 0 
112 64 716 627 0 
110 60 707 644 0 
107 66 727 635 0 
113 64 743 646 3 
114 59 737 657 0 
113 61 732 635 3 
111 60 738 631 3 
114 56 739 643 3 
117 54 737 660 0 
112 56 730 639 0 
117 57 727 641 0 
108 59 736 671 0 
106 61 733 690 0 
109 56 736 702 0 
111 55 735 686 0 
112 61 748 691 0 
107 60 736 679 0 
111 56 738 684 0 
112 53 727 683 0 
105 57 734 692 0 
101 63 718 687 0 
101 61 706 691 0 
95 63 707 710 0 
96 64 728 699 0 
96 63 716 699 0 
97 66 710 704 0 
98 69 710 716 0 
99 64 707 729 0 
99 61 706 719 0 
96 60 699 729 0 
95 57 680 735 0 
87 55 679 739 0 
91 55 686 736 0 
89 55 694 734 0 
88 61 710 730 0 
87 65 729 728 0 
81 64 717 722 0 
80 68 710 762 0 
80 65 705 769 0 
74 68 682 759 0 
68 66 689 762 0 
70 67 697 747 0 
62 69 692 737 0 
61 66 690 730 0 
61 62 699 722 0 
63 64 718 718 0 
74 61 730 714 0 
71 57 733 712 0 
70 54 730 718 0 
74 57 721 721 0 
79 58 738 714 0 
81 58 763 711 0 
72 58 760 737 0 
68 68 763 726 0 
66 63 753 726 0 
67 65 743 705 0 
68 66 758 701 0 
67 61 770 713 0 
71 67 786 725 0 
72 66 801 706 0 
67 63 770 714 0 
71 65 761 709 0 
69 65 769 707 0 
69 61 745 701 0 
73 61 752 705 0 
72 60 768 705 0 
76 60 784 689 0 
76 62 757 687 0 
79 67 741 691 0 
73 76 741 682 0 
74 77 762 693 0 
78 81 759 685 0 
75 78 782 680 3 
80 81 793 653 3 
74 81 793 651 3 
81 90 780 662 3 
84 89 790 666 3 
85 86 773 670 3 
89 89 758 672 0 
87 92 755 702 0 
83 92 753 707 0 
82 99 744 711 0 
85 95 725 687 0 
85 95 761 683 0 
94 89 761 667 0 
89 88 759 638 3 
93 96 750 649 3 
88 91 750 639 3 
89 95 752 654 3 
88 98 753 646 3 
82 98 741 630 3 
82 99 733 639 0 
80 99 747 618 3 
79 93 747 631 3 
77 90 739 636 3 
81 95 750 625 3 
80 93 767 615 3 
84 103 765 616 3 
81 99 752 587 3 
76 99 745 581 3 
72 96 764 592 3 
70 90 764 590 3 
71 88 779 612 3 
79 87 770 594 3 
77 89 780 595 3 
75 92 786 602 3 
78 93 795 613 3 
75 91 799 610 3 
77 90 804 622 3 
76 91 786 590 3 
71 92 783 582 3 
76 90 798 584 3 
80 92 809 608 3 
76 86 819 596 3 
76 87 827 601 3 
75 85 832 599 3 
75 78 827 601 3 
79 69 813 595 3 
87 71 828 597 3 
89 73 837 592 3 
92 78 833 586 3 
92 68 834 588 3 
98 77 833 590 3 
88 77 827 592 3 
89 83 850 591 3 
84 84 861 580 3 
78 84 855 549 3 
81 86 823 564 3 
80 80 846 544 3 
84 80 875 544 3 
78 76 847 529 3 
78 74 840 538 3 
81 65 841 548 3 
81 71 818 546 3 
83 67 793 528 3 
85 72 797 551 3 
84 76 779 561 3 
77 79 803 574 3 
83 76 795 568 3 
83 82 810 558 3 
79 79 797 547 3 
83 76 801 546 3 
80 75 787 534 3 
81 80 778 541 3 
85 88 796 542 3 
87 94 788 540 3 
87 97 810 542 3 
86 98 803 545 3 
80 98 819 561 3 
81 102 813 559 3 
81 98 798 544 3 
82 99 830 554 3 
85 103 803 554 3 
87 103 811 536 3 
86 101 818 537 3 
91 103 815 545 3 
91 104 820 537 3 
87 107 817 533 3 
86 102 840 552 3 
81 108 841 552 3 
79 116 824 544 3 
74 117 842 559 3 
69 115 843 549 3 
69 115 839 555 3 
74 121 841 563 3 
73 120 819 563 3 
69 121 812 560 3 
68 119 816 554 3 
72 112 814 539 3 
66 108 826 550 3 
69 119 809 563 3 
63 116 805 555 3 
63 115 795 544 3 
66 113 793 553 3 
64 107 794 552 3 
66 112 809 562 3 
66 110 805 561 3 
62 119 817 548 3 
64 121 822 537 3 
69 122 820 536 3 
67 125 811 540 3 
65 124 816 529 3 
68 116 823 529 3 
65 111 833 531 3 
65 109 829 535 3 
62 103 816 537 3 
59 106 818 548 3 
58 102 816 541 3 
59 92 821 548 3 
61 93 816 554 3 
63 95 822 540 3 
61 91 843 542 3 
60 90 840 559 3 
57 88 834 557 3 
57 83 812 575 3 
58 78 828 587 3 
56 78 829 572 3 
60 78 825 558 3 
60 71 812 574 3 
64 71 810 600 3 
58 66 807 593 3 
59 63 803 581 3 
67 64 795 586 3 
72 65 817 590 3 
68 62 791 584 3 
65 64 799 585 3 
60 68 814 587 3 
58 68 811 587 3 
57 68 780 584 3 
51 68 802 572 3 
49 72 805 595 3 
57 70 795 576 3 
56 68 781 576 3 
60 64 776 575 3 
61 70 797 577 3 
60 65 809 578 3 
60 62 826 587 3 
66 59 820 597 3 
61 56 821 601 3 
56 57 807 593 3 
59 58 811 609 3 
55 58 810 612 3 
55 59 822 622 3 
56 55 822 622 3 
55 56 823 622 3 
56 54 821 617 3 
55 54 819 637 3 
56 55 820 630 3 
61 55 828 617 3 
60 51 828 617 3 
60 51 819 628 3 
60 52 822 640 3 
63 51 817 646 3 
67 54 845 639 3 
68 53 858 621 3 
72 48 852 609 3 
71 47 868 601 3 
74 46 882 614 3 
70 44 879 602 3 
67 46 866 591 3 
68 45 881 597 3 
66 40 879 591 3 
66 40 872 587 3 
65 37 861 584 3 
57 36 882 587 3 
57 36 876 591 3 
55 38 871 595 3 
54 39 869 594 3 
51 43 877 591 3 
53 46 867 595 3 
55 48 842 603 3 
53 50 850 605 3 
52 50 859 610 3 
54 51 861 620 3 
57 51 832 603 3 
60 52 829 606 3 
62 48 826 589 3 
57 50 839 598 3 
60 49 858 607 3 
60 55 873 598 3 
57 55 859 606 3 
58 57 847 608 3 
56 55 850 598 3 
53 57 822 593 3 
59 54 828 588 3 
62 53 837 605 3 
61 55 810 626 3 
61 55 817 614 3 
58 54 826 616 3 
54 57 825 619 3 
53 54 822 606 3 
56 48 825 615 3 
58 49 846 617 3 
51 51 845 612 3 
55 56 862 588 3 
58 58 865 589 3 
59 58 859 586 3 
62 59 844 569 3 
61 63 828 554 3 
63 66 832 562 3 
60 72 855 559 3 
65 75 850 557 3 
70 73 842 556 3 
67 73 841 556 3 
65 69 839 572 3 
67 77 858 574 3 
73 71 837 571 3 
71 72 833 572 3 
70 68 825 571 3 
72 71 823 574 3 
75 65 813 604 3 
81 68 822 594 3 
83 66 825 595 3 
76 71 836 576 3 
78 67 841 565 3 
76 63 844 564 3 
69 69 837 564 3 
66 67 842 569 3 
73 66 852 557 3 
75 68 856 554 3 
78 68 836 548 3 
77 64 838 540 3 
77 64 853 549 3 
79 67 873 529 3 
82 63 878 554 3 
80 69 875 555 3 
85 67 863 549 3 
83 63 858 555 3 
79 63 872 553 3 
69 66 872 536 3 
67 67 877 556 3 
62 65 862 547 3 
64 67 863 525 3 
64 73 859 510 3 
60 71 859 523 3 
64 72 864 524 3 
59 74 862 522 3 
61 71 870 527 3 
56 71 860 523 3 
57 74 866 530 3 
54 74 893 524 3 
50 73 874 533 3 
52 70 896 540 3 
55 64 891 536 3 
52 66 882 538 3 
59 68 883 548 3 
64 63 867 543 3 
58 69 853 542 3 
56 65 848 552 3 
61 69 853 562 3 
63 68 851 561 3 
57 73 857 568 3 
58 77 846 581 3 
60 76 851 563 3 
65 74 864 561 3 
66 86 875 575 3 
65 75 875 577 3 
71 76 854 571 3 
67 75 850 567 3 
71 69 859 560 3 
71 76 840 556 3 
71 77 837 555 3 
67 74 873 558 3 
62 76 864 554 3 
64 72 870 553 3 
65 77 864 563 3 
66 75 872 579 3 
72 74 867 584 3 
70 71 837 583 3 
65 71 850 579 3 
67 68 866 571 3 
75 72 862 560 3 
70 73 863 556 3 
72 74 856 552 3 
72 81 849 554 3 
65 78 883 552 3 
73 75 874 571 3 
69 68 890 570 3 
68 74 909 567 3 
70 71 906 562 3 
69 71 909 570 3 
75 65 901 566 3 
77 70 912 567 3 
72 69 912 548 3 
74 69 912 528 3 
77 74 914 522 3 
70 75 902 530 3 
72 76 911 529 3 
71 68 915 514 3 
68 71 940 535 3 
70 72 920 531 3 
69 77 943 536 3 
76 78 934 541 3 
80 78 907 545 3 
85 74 895 555 3 
85 77 892 561 3 
89 80 863 569 3 
92 77 857 572 3 
94 74 852 563 3 
94 77 849 565 3 
94 76 845 555 3 
90 73 851 552 3 
97 73 856 557 3 
98 75 883 566 3 
102 68 877 583 3 
92 71 885 585 3 
93 73 864 590 3 
93 68 890 580 3 
95 59 887 588 3 
93 61 872 566 3 
98 64 883 569 3 
105 68 880 557 3 
110 62 872 566 3 
105 60 867 559 3 
103 60 859 547 3 
97 59 856 556 3 
96 61 853 541 3 
101 61 833 542 3 
99 62 837 541 3 
103 65 833 516 3 
100 63 838 496 3 
97 62 836 501 3 
96 68 852 511 3 
93 75 874 509 3 
92 74 874 511 3 
93 74 879 518 3 
89 78 878 516 3 
90 73 893 505 3 
89 72 904 491 3 
91 77 928 503 3 
90 77 931 524 3 
89 75 927 513 3 
91 73 912 525 3 
95 75 936 517 3 
92 66 922 526 3 
92 67 921 538 3 
86 64 916 560 3 
92 67 895 552 3 
91 69 895 541 3 
101 70 896 527 3 
103 71 910 512 3 
100 75 918 515 3 
102 72 920 511 3 
103 71 931 514 3 
105 76 932 501 3 
101 82 920 500 3 
96 83 899 491 3 
96 82 915 479 3 
95 83 923 474 3 
91 84 932 481 3 
93 97 927 478 3 
94 99 917 463 3 
93 97 902 449 3 
108 86 918 441 3 
109 82 912 433 3 
108 81 895 428 3 
95 81 898 438 3 
94 81 922 428 3 
93 75 914 419 3 
100 71 921 423 3 
103 68 930 430 3 
106 72 936 441 3 
108 78 930 433 3 
113 73 954 432 3 
116 74 958 436 3 
117 73 974 435 3 
119 81 959 431 3 
121 87 952 425 3 
120 85 962 423 3 
126 86 948 426 3 
127 86 958 409 3 
131 86 979 394 3 
130 81 977 393 3 
129 83 975 388 3 
118 84 962 388 3 
124 85 929 381 3 
123 87 923 400 3 
121 90 927 404 3 
122 84 934 411 3 
120 83 937 430 3 
117 81 935 429 3 
114 83 940 422 3 
120 84 911 416 3 
117 80 933 416 3 
117 79 947 410 3 
108 85 943 412 3 
103 88 965 424 3 
99 84 974 436 3 
105 79 965 448 3 
105 80 957 447 3 
107 81 958 456 3 
100 85 962 450 3 
95 83 959 460 3 
86 83 946 465 3 
89 84 962 471 3 
86 78 986 463 3 
92 79 961 459 3 
91 80 980 461 3 
97 84 956 435 3 
96 83 957 420 3 
102 78 928 416 3 
105 80 928 413 3 
110 76 945 412 3 
114 73 965 407 3 
109 71 983 408 3 
114 72 980 400 3 
118 71 981 387 3 
117 76 966 375 3 
113 74 978 376 3 
117 78 988 375 3 
119 78 976 377 3 
120 76 951 378 3 
117 80 938 376 3 
118 85 941 368 3 
117 86 923 384 3 
115 85 924 385 3 
118 85 908 388 3 
120 87 914 377 3 
118 90 906 371 3 
118 88 930 362 3 
115 89 944 363 3 
122 81 947 359 3 
125 79 949 351 3 
126 78 957 355 3 
121 78 921 366 3 
129 77 932 372 3 
129 73 934 352 3 
126 71 940 351 3 
128 71 942 350 3 
126 72 954 350 3 
125 76 985 348 3 
131 73 976 350 3 
132 71 974 350 3 
138 67 976 363 3 
139 63 979 361 3 
131 61 995 361 3 
132 61 1000 367 3 
139 55 1004 357 3 
136 56 1007 360 3 
137 54 1020 350 3 
137 55 1041 351 3 
132 54 1027 359 3 
134 54 1034 350 3 
142 53 1056 342 3 
136 51 1061 358 3 
143 53 1029 364 3 
136 50 1047 392 3 
139 50 1053 381 3 
133 52 1066 382 3 
135 46 1057 385 3 
138 48 1044 367 3 
131 48 1026 367 3 
140 45 1033 369 3 
146 45 1057 379 3 
142 45 1026 380 3 
135 47 1008 382 3 
126 48 1018 378 3 
128 53 1031 382 3 
126 57 1028 392 3 
122 55 1027 392 3 
120 53 1024 384 3 
123 57 1030 386 3 
126 56 1032 398 3 
121 57 1033 398 3 
125 55 1026 397 3 
123 58 1017 396 3 
132 54 1007 395 3 
130 55 996 386 3 
133 55 985 382 3 
138 55 996 376 3 
139 52 996 387 3 
139 55 992 388 3 
140 53 990 372 3 
135 51 988 362 3 
137 51 989 358 3 
137 53 1001 379 3 
142 55 1005 375 3 
146 54 1007 357 3 
146 51 1027 366 3 
143 56 1006 355 3 
143 57 1014 350 3 
142 58 1031 343 3 
141 60 1043 344 3 
139 55 1030 326 3 
137 52 1032 325 3 
133 56 1020 338 3 
133 55 1035 332 3 
134 55 1043 324 3 
136 54 1036 325 3 
134 53 1018 326 3 
143 50 1021 332 3 
140 48 1044 333 3 
137 47 1036 336 3 
141 50 1020 339 3 
143 50 1015 338 3 
141 54 1019 337 3 
145 56 1012 344 3 
144 56 1012 334 3 
136 56 1015 341 3 
134 53 1013 332 3 
133 56 1015 339 3 
136 55 1018 339 3 
143 56 995 344 3 
140 61 986 341 3 
143 57 965 339 3 
149 55 985 332 3 
143 53 999 338 3 
145 53 977 340 3 
150 56 1005 331 3 
142 57 991 326 3 
155 58 983 321 3 
146 60 974 322 3 
148 60 992 315 3 
145 65 1022 319 3 
146 63 1034 300 3 
142 64 1022 295 3 
144 68 1037 301 3 
141 70 1032 295 3 
145 65 998 308 3 
143 71 984 311 3 
146 73 988 307 3 
144 70 996 309 3 
149 70 999 310 3 
136 66 981 301 3 
127 65 968 298 3 
138 64 966 309 3 
128 61 975 308 3 
126 60 986 313 3 
130 58 972 309 3 
128 61 1006 304 3 
134 59 1008 310 3 
134 61 1000 300 3 
125 57 1002 303 3 
125 60 1008 313 3 
125 57 1009 308 3 
132 52 1000 323 3 
126 50 1003 328 3 
128 48 1011 327 3 
132 44 1016 325 3 
133 44 1023 330 3 
139 41 1028 329 3 
146 41 1044 333 3 
141 39 1040 336 3 
142 38 1035 337 3 
141 42 1048 339 3 
135 44 1042 338 3 
141 43 1052 339 3 
145 46 1077 340 3 
152 49 1066 342 3 
155 55 1058 353 3 
151 56 1043 345 3 
