0 0 0 0 0 
0 0 1 0 0 
1 0 1 0 0 
2 0 1 0 0 
3 0 1 0 0 
2 0 1 1 0 
2 0 1 1 0 
2 0 1 2 0 
1 1 2 2 0 
1 1 3 3 0 
1 1 3 3 0 
1 1 3 2 0 
1 1 3 3 0 
1 1 4 3 0 
1 1 5 4 0 
0 2 5 4 0 
1 3 6 4 0 
1 4 5 4 0 
1 3 5 5 0 
2 3 5 4 0 
2 3 5 3 0 
2 3 4 2 0 
3 3 4 2 0 
3 4 5 2 0 
3 5 7 2 0 
3 5 5 2 0 
5 6 5 2 0 
6 7 5 2 0 
6 10 5 3 0 
5 10 6 5 0 
4 6 5 4 0 
4 7 4 6 0 
4 5 4 6 0 
5 6 3 6 0 
7 5 2 7 0 
9 5 2 5 0 
10 5 3 8 0 
11 4 5 7 0 
13 3 5 8 0 
13 5 5 11 0 
11 5 6 9 0 
10 4 7 12 0 
12 3 8 12 0 
12 1 9 14 0 
12 0 10 14 0 
15 0 13 16 0 
16 0 20 19 0 
16 0 24 19 0 
16 2 25 17 0 
15 1 27 19 0 
14 2 27 19 0 
14 3 25 21 0 
14 2 30 22 0 
15 2 31 22 0 
15 2 28 23 0 
16 2 28 26 0 
16 2 30 28 0 
18 2 30 28 0 
17 2 29 28 0 
14 2 32 34 0 
11 3 30 33 0 
12 2 33 31 0 
10 3 32 34 0 
9 5 35 37 0 
9 6 36 36 0 
11 7 38 38 0 
13 8 44 37 0 
15 8 46 40 0 
14 8 50 44 0 
13 8 55 45 0 
13 7 52 47 0 
13 8 49 47 0 
12 10 42 44 0 
14 8 43 47 0 
15 10 46 43 0 
16 10 45 43 0 
16 12 47 44 0 
15 12 49 41 0 
15 11 50 43 0 
18 12 55 50 0 
16 13 53 48 0 
19 14 52 49 0 
18 15 52 46 0 
18 15 56 42 0 
21 16 63 45 0 
23 16 64 45 0 
23 17 69 51 0 
21 18 67 56 0 
22 17 75 58 0 
27 16 75 63 0 
27 15 69 66 0 
25 11 60 64 0 
24 13 69 63 0 
30 13 70 59 0 
33 12 72 65 0 
28 13 80 75 0 
32 11 75 87 0 
33 7 75 81 0 
33 9 76 77 0 
35 10 76 74 0 
29 9 76 71 0 
28 10 71 73 0 
30 8 72 79 0 
33 9 72 76 0 
34 8 76 77 0 
38 7 86 80 0 
39 7 81 85 0 
35 8 82 89 0 
35 9 83 95 0 
36 10 81 97 0 
35 11 92 100 0 
36 10 91 99 0 
33 10 96 102 0 
34 11 100 100 0 
35 13 96 101 0 
36 14 98 108 0 
36 14 99 108 0 
36 16 95 107 0 
39 18 91 105 0 
36 19 96 106 0 
34 18 91 116 0 
39 18 104 112 0 
41 17 107 121 0 
40 18 112 114 0 
39 20 121 114 0 
40 20 122 131 0 
41 17 132 135 0 
42 17 131 134 0 
42 17 131 136 0 
39 19 131 131 0 
46 18 135 137 0 
41 19 142 138 0 
44 21 141 138 0 
40 25 150 145 0 
39 27 152 149 0 
42 31 157 150 0 
44 29 160 155 0 
44 28 159 155 0 
42 28 174 158 0 
41 24 175 162 0 
42 22 176 166 0 
40 18 174 167 0 
41 16 186 173 0 
46 17 194 187 0 
45 16 189 200 0 
49 16 190 201 0 
48 15 193 212 0 
46 16 197 206 0 
46 20 200 218 0 
46 19 197 225 0 
47 19 200 222 0 
49 16 211 233 0 
46 20 210 230 0 
49 16 218 223 0 
49 16 216 220 0 
49 16 226 218 0 
50 16 234 221 0 
53 15 247 224 0 
52 13 254 221 0 
49 12 253 224 0 
50 11 253 225 0 
51 8 257 231 0 
51 9 247 234 0 
53 9 250 235 0 
51 8 242 239 0 
53 7 256 237 0 
51 8 260 240 0 
52 9 258 236 0 
54 11 248 257 0 
56 8 252 266 0 
60 6 253 275 0 
61 6 256 278 0 
61 7 248 286 0 
59 9 257 291 0 
64 9 269 284 0 
65 9 277 288 0 
64 8 281 299 0 
63 10 280 308 0 
67 12 275 316 0 
73 13 281 326 0 
73 14 277 327 0 
71 17 265 330 4 
69 20 276 329 0 
72 19 274 336 0 
72 17 271 346 4 
67 15 271 374 4 
68 14 273 388 4 
66 17 270 414 4 
65 16 266 419 4 
68 18 285 428 4 
68 17 297 440 4 
66 18 304 431 4 
63 17 309 430 4 
62 20 304 430 4 
64 17 305 433 4 
53 17 310 434 4 
55 18 316 433 4 
53 17 324 442 4 
51 18 328 449 4 
51 19 323 443 4 
47 20 324 443 4 
47 21 324 456 4 
46 23 320 452 4 
44 21 329 478 4 
41 24 342 475 4 
45 26 336 476 4 
48 31 352 490 4 
50 32 347 517 4 
47 31 353 528 4 
48 32 355 521 4 
46 34 347 527 4 
49 39 359 547 4 
52 38 356 550 4 
58 44 368 539 4 
59 39 375 539 4 
57 40 365 539 4 
51 46 364 550 4 
53 37 380 543 4 
57 37 377 542 4 
57 33 370 561 4 
54 36 373 570 4 
56 37 372 564 4 
57 38 382 565 4 
58 36 403 578 4 
45 32 400 593 4 
45 31 422 586 4 
50 36 432 588 4 
50 33 423 579 4 
49 33 433 596 4 
47 37 457 581 4 
54 36 462 582 4 
56 34 470 571 4 
56 28 473 573 4 
56 30 481 591 4 
55 32 482 583 4 
52 32 472 608 4 
53 29 481 602 4 
50 28 489 618 4 
51 34 478 640 4 
54 36 505 635 4 
55 39 521 623 4 
60 39 520 628 4 
58 44 521 648 4 
61 45 511 653 4 
61 44 512 641 4 
64 41 511 637 4 
63 39 510 643 4 
62 40 505 636 4 
64 40 509 643 4 
68 44 510 643 4 
67 43 528 657 4 
63 48 526 669 4 
72 49 527 674 4 
75 51 527 679 4 
72 47 528 672 4 
69 47 519 644 4 
69 43 519 635 4 
74 44 530 659 4 
75 46 531 692 4 
75 53 532 700 4 
72 51 527 713 4 
70 51 539 728 4 
66 55 544 736 4 
68 57 567 726 4 
70 53 563 736 4 
71 54 572 753 4 
75 50 575 749 4 
77 49 583 733 4 
75 47 592 740 4 
71 43 590 741 4 
72 41 581 741 4 
72 43 573 761 4 
66 40 577 776 4 
64 44 569 784 4 
57 42 572 783 4 
56 43 564 782 4 
55 42 574 778 4 
53 39 557 771 4 
56 39 572 765 4 
58 41 594 762 4 
54 41 577 771 4 
55 39 592 765 4 
56 38 592 783 4 
64 43 598 780 4 
68 42 595 789 4 
72 44 593 793 4 
70 43 604 792 4 
76 45 598 792 4 
82 46 595 781 4 
85 43 588 787 4 
83 44 579 791 4 
85 46 577 790 4 
82 43 589 782 4 
86 42 584 776 4 
91 43 587 763 4 
87 40 582 764 4 
88 42 602 755 4 
82 43 591 762 4 
84 48 595 769 4 
79 48 588 777 4 
77 48 581 766 4 
83 49 585 796 4 
82 49 596 793 4 
74 49 590 779 4 
73 50 577 743 4 
75 49 564 746 4 
76 52 584 759 4 
78 57 568 773 4 
73 59 584 782 4 
75 53 587 785 4 
72 61 574 791 4 
68 62 572 799 4 
70 65 573 818 4 
72 65 590 801 4 
75 65 574 776 4 
74 67 595 785 4 
78 77 588 794 4 
77 86 586 788 4 
79 89 587 770 4 
82 84 604 755 4 
84 83 603 771 4 
88 81 605 792 4 
80 86 589 775 4 
76 85 597 772 4 
75 97 582 781 4 
72 85 585 788 4 
68 86 592 784 4 
63 84 589 788 4 
57 80 598 813 4 
58 78 587 809 4 
56 71 579 819 4 
58 67 593 829 4 
68 67 599 812 4 
68 71 583 814 4 
67 72 582 795 4 
69 74 592 798 4 
69 72 603 804 4 
76 69 595 791 4 
73 65 577 797 4 
70 71 575 809 4 
68 66 574 828 4 
68 60 567 845 4 
69 61 560 836 4 
67 64 560 848 4 
77 65 551 843 4 
68 63 568 830 4 
70 60 560 826 4 
74 59 566 827 4 
74 62 572 827 4 
68 66 564 844 4 
71 72 569 836 4 
70 72 570 850 4 
71 69 567 848 4 
69 65 571 858 4 
72 62 582 849 4 
71 64 573 855 4 
77 69 558 872 4 
78 67 561 866 4 
80 71 563 878 4 
77 72 564 878 4 
70 73 575 877 4 
63 70 549 877 4 
66 72 554 876 4 
70 70 544 887 4 
77 73 544 873 4 
72 75 544 879 4 
76 69 532 869 4 
72 68 536 852 4 
66 67 541 850 4 
69 67 538 853 4 
69 71 554 875 4 
72 71 559 875 4 
73 69 572 857 4 
77 64 550 882 4 
78 61 561 878 4 
78 61 560 855 4 
79 67 572 867 4 
81 67 574 867 4 
81 64 580 869 4 
79 67 578 872 4 
78 75 576 868 4 
79 72 582 868 4 
83 69 567 854 4 
88 72 561 864 4 
83 70 552 845 4 
80 71 548 837 4 
75 74 532 842 4 
71 68 534 865 4 
65 71 521 868 4 
63 65 522 888 4 
63 65 528 888 4 
66 72 531 888 4 
70 77 516 908 4 
62 75 534 904 4 
68 70 526 888 4 
70 67 523 881 4 
68 63 519 887 4 
68 63 528 885 4 
67 67 534 867 4 
66 63 555 876 4 
66 58 545 887 4 
69 57 544 889 4 
65 53 551 865 4 
66 54 554 878 4 
67 50 554 886 4 
64 48 565 876 4 
64 48 573 861 4 
63 48 578 860 4 
65 45 575 851 4 
64 46 568 857 4 
63 46 567 861 4 
68 46 561 859 4 
63 47 580 843 4 
66 44 583 851 4 
71 50 581 841 4 
74 49 578 843 4 
80 45 586 832 4 
83 44 586 846 4 
83 47 579 848 4 
77 50 559 838 4 
80 50 546 849 4 
79 48 549 851 4 
81 47 560 865 4 
79 50 556 848 4 
87 46 550 835 4 
83 52 560 843 4 
89 49 558 839 4 
95 49 566 836 4 
101 47 571 835 4 
103 47 573 835 4 
112 43 568 828 4 
107 40 559 836 4 
101 42 561 855 4 
99 44 540 849 4 
105 40 526 865 4 
97 42 535 864 4 
95 40 558 887 4 
96 40 565 893 4 
88 39 571 900 4 
85 39 572 900 4 
84 36 574 883 4 
90 37 564 848 4 
89 36 553 850 4 
90 37 556 861 4 
88 37 544 870 4 
84 36 545 864 4 
78 36 562 864 4 
76 37 567 859 4 
76 38 575 870 4 
74 41 590 860 4 
78 41 603 843 4 
75 37 604 845 4 
74 36 594 830 4 
77 38 576 837 4 
76 37 584 843 4 
80 35 592 823 4 
82 37 594 822 4 
85 37 590 840 4 
91 39 597 836 4 
91 35 604 848 4 
85 35 598 841 4 
79 36 605 846 4 
80 37 607 852 4 
80 35 603 864 4 
83 31 587 877 4 
80 34 591 887 4 
80 37 589 894 4 
77 36 597 889 4 
72 35 606 868 4 
73 34 613 859 4 
76 38 614 869 4 
73 40 629 881 4 
67 48 634 868 4 
72 48 631 858 4 
69 42 612 858 4 
77 42 603 854 4 
81 41 601 833 4 
86 40 600 832 4 
81 45 596 846 4 
86 49 605 854 4 
86 50 600 854 4 
73 54 576 866 4 
83 52 572 866 4 
84 50 571 880 4 
86 48 559 884 4 
87 43 544 883 4 
90 47 536 875 4 
87 47 531 860 4 
85 48 533 852 4 
79 49 535 857 4 
77 50 541 848 4 
84 50 541 825 4 
87 47 548 837 4 
90 44 570 831 4 
90 46 577 838 4 
87 46 573 834 4 
92 50 558 855 4 
91 46 562 858 4 
94 44 570 852 4 
92 47 585 851 4 
89 47 590 846 4 
90 47 584 838 4 
97 44 590 835 4 
98 43 587 858 4 
87 42 597 849 4 
86 46 586 873 4 
85 45 574 869 4 
82 50 568 866 4 
81 55 584 850 4 
79 55 594 851 4 
80 55 581 857 4 
77 54 579 849 4 
75 58 584 856 4 
80 55 560 843 4 
83 56 562 838 4 
82 62 583 843 4 
79 63 581 840 4 
80 69 562 845 4 
75 62 563 857 4 
75 62 563 863 4 
73 61 560 860 4 
73 65 559 869 4 
73 67 554 848 4 
65 69 575 861 4 
60 63 570 872 4 
67 65 571 870 4 
66 64 580 900 4 
67 64 591 893 4 
70 60 589 905 4 
72 64 596 904 4 
70 62 587 911 4 
71 58 584 915 4 
70 57 578 896 4 
73 61 571 893 4 
72 63 566 856 4 
71 59 557 861 4 
74 57 542 857 4 
70 53 550 868 4 
71 53 540 893 4 
75 51 559 876 4 
74 50 568 878 4 
74 60 585 855 4 
73 62 573 852 4 
74 59 585 843 4 
77 60 584 846 4 
81 62 586 839 4 
80 57 576 817 4 
87 59 577 788 4 
88 59 583 796 4 
90 55 588 799 4 
87 52 581 786 4 
83 56 566 756 4 
84 55 561 745 4 
83 58 567 776 4 
85 62 586 774 4 
91 63 587 783 4 
99 66 590 773 4 
99 66 585 792 4 
99 61 614 804 4 
98 69 615 780 4 
97 67 617 786 4 
95 64 612 763 4 
93 65 609 783 4 
90 66 601 770 4 
92 71 601 766 4 
96 73 610 764 4 
98 71 608 769 4 
102 78 612 766 4 
107 81 613 760 4 
102 79 629 752 4 
108 76 616 751 4 
113 74 614 760 4 
110 72 612 775 4 
102 80 610 761 4 
100 87 600 769 4 
101 88 605 754 4 
102 91 600 754 4 
104 89 622 752 4 
99 83 613 727 4 
99 78 610 748 4 
96 74 614 737 4 
88 72 599 742 4 
92 72 579 743 4 
94 74 584 743 4 
93 76 579 746 4 
92 80 579 746 4 
93 82 583 746 4 
97 78 578 744 4 
94 77 580 730 4 
98 76 577 735 4 
96 76 576 721 4 
96 72 584 723 4 
92 76 580 729 4 
87 72 581 722 4 
93 71 585 738 4 
87 76 562 744 4 
86 78 573 734 4 
93 78 575 724 4 
100 82 582 716 4 
100 85 574 721 4 
105 90 586 725 4 
109 90 579 710 4 
116 88 597 716 4 
111 91 627 730 4 
115 95 632 708 0 
120 89 625 697 0 
119 91 639 706 0 
123 86 656 705 0 
127 85 657 713 0 
125 95 668 701 0 
116 93 681 705 0 
117 93 680 693 0 
113 81 682 687 0 
108 75 671 703 0 
105 77 661 698 0 
116 73 661 706 0 
106 69 659 707 0 
106 63 659 705 0 
111 59 631 709 0 
115 60 635 719 0 
107 61 624 706 0 
108 57 611 688 0 
104 54 612 697 0 
100 59 619 687 0 
97 51 636 688 0 
96 50 646 687 0 
95 49 644 683 0 
96 50 635 689 0 
99 52 625 685 0 
94 50 624 695 0 
98 49 622 698 0 
102 49 626 706 0 
111 50 619 726 4 
114 52 614 727 4 
109 51 620 726 4 
107 51 622 739 4 
113 50 620 746 4 
110 55 623 724 4 
106 54 634 712 0 
103 51 651 705 0 
104 51 644 701 0 
106 56 629 700 0 
94 58 622 694 0 
102 57 622 699 0 
99 62 644 708 0 
106 60 627 720 0 
109 55 632 761 4 
108 53 638 774 4 
106 50 625 774 4 
109 49 631 772 4 
120 50 641 781 4 
122 52 650 777 4 
121 51 662 787 4 
117 55 660 784 4 
115 52 649 795 4 
111 57 645 790 4 
114 57 651 804 4 
115 53 640 779 4 
115 54 630 772 4 
116 51 615 774 4 
119 44 638 782 4 
118 45 631 776 4 
120 46 630 773 4 
117 45 649 753 4 
118 48 653 756 4 
116 48 641 764 4 
116 48 653 770 4 
112 49 653 760 4 
119 42 659 755 0 
119 44 666 752 0 
123 46 684 753 0 
119 46 683 746 0 
113 44 690 758 0 
114 46 685 730 0 
107 47 702 734 0 
112 46 700 729 0 
109 46 692 724 0 
108 46 697 737 0 
103 40 709 749 0 
105 37 714 754 0 
108 35 707 774 0 
108 36 702 784 0 
110 39 705 759 0 
112 42 700 759 0 
108 45 702 748 0 
104 42 704 740 0 
101 44 691 751 0 
98 50 687 761 0 
101 45 679 772 0 
95 47 679 778 4 
91 47 677 763 0 
91 53 696 728 0 
88 51 693 751 0 
92 57 703 743 0 
96 59 689 745 0 
95 61 676 737 0 
98 60 669 737 0 
105 54 669 744 0 
107 54 676 728 0 
108 57 672 750 0 
106 61 665 760 0 
109 65 679 772 0 
107 59 666 752 0 
112 67 661 744 0 
113 70 640 747 4 
115 68 655 756 4 
111 63 654 741 0 
107 64 656 739 0 
103 68 633 734 4 
97 73 626 713 0 
102 77 617 731 4 
94 74 616 740 4 
102 76 598 716 4 
105 74 580 729 4 
100 79 592 716 4 
106 79 584 713 4 
106 75 590 698 4 
108 76 598 704 4 
110 82 623 699 0 
104 75 628 685 0 
102 76 638 685 0 
104 74 638 682 0 
102 71 641 699 0 
99 67 641 704 0 
100 67 628 710 0 
104 68 617 722 4 
98 57 609 726 4 
101 59 619 735 4 
104 61 619 757 4 
104 62 631 765 4 
106 62 626 743 4 
103 64 619 740 4 
104 61 609 736 4 
113 60 622 730 4 
115 65 619 720 4 
110 66 602 708 4 
113 65 579 719 4 
117 63 572 716 4 
115 65 572 726 4 
114 66 567 732 4 
119 62 559 734 4 
113 62 575 745 4 
109 62 583 731 4 
112 64 573 748 4 
107 67 596 741 4 
109 72 591 750 4 
113 72 593 753 4 
115 76 586 745 4 
112 74 584 731 4 
111 73 570 732 4 
112 73 563 712 4 
115 71 566 696 4 
108 79 569 700 4 
113 78 577 706 4 
115 78 569 706 4 
119 80 567 712 4 
119 79 552 745 4 
114 79 551 756 4 
112 76 549 760 4 
115 76 557 747 4 
108 82 554 740 4 
113 88 560 741 4 
114 89 566 748 4 
105 92 579 744 4 
106 97 583 757 4 
96 94 577 747 4 
94 96 576 754 4 
94 100 596 737 4 
93 91 607 737 4 
91 92 601 736 4 
94 103 606 721 4 
97 107 621 715 0 
96 106 619 720 4 
103 103 619 722 4 
105 105 612 729 4 
107 106 621 721 4 
115 107 616 720 4 
121 107 622 713 0 
104 109 611 703 0 
106 99 608 714 4 
104 93 607 727 4 
105 92 613 743 4 
99 87 630 723 0 
99 90 621 728 4 
92 83 605 713 4 
87 80 598 733 4 
82 78 584 711 4 
73 83 579 715 4 
71 90 573 713 4 
69 93 562 711 4 
70 90 552 713 4 
64 86 564 713 4 
65 84 569 713 4 
66 89 561 721 4 
67 81 576 732 4 
69 86 601 749 4 
70 92 608 736 4 
68 92 631 739 4 
70 91 637 740 4 
70 86 641 709 0 
68 90 628 722 0 
66 90 635 724 0 
68 84 626 701 0 
66 85 619 696 0 
68 92 602 718 4 
70 95 595 712 4 
71 91 603 691 0 
73 91 594 715 4 
71 90 591 723 4 
66 88 588 708 4 
66 94 578 702 4 
70 99 599 720 4 
65 98 604 738 4 
63 100 605 752 4 
62 103 609 752 4 
61 106 612 730 4 
61 101 609 725 4 
65 101 611 734 4 
72 94 620 751 4 
68 94 593 751 4 
69 96 578 768 4 
76 94 581 771 4 
73 98 585 759 4 
76 96 597 763 4 
77 93 589 763 4 
78 97 588 767 4 
81 101 602 757 4 
79 107 598 741 4 
84 111 608 726 4 
83 115 600 717 4 
83 118 590 733 4 
82 113 600 740 4 
77 110 612 729 4 
71 115 610 724 4 
72 115 625 743 4 
72 116 622 741 4 
68 111 624 738 4 
65 106 625 738 4 
64 106 612 741 4 
64 100 616 725 4 
60 96 609 739 4 
61 96 613 731 4 
58 93 615 728 4 
58 91 626 739 4 
56 90 626 734 4 
61 91 632 724 0 
66 93 607 722 4 
68 98 630 723 0 
71 92 628 735 4 
69 96 647 738 0 
68 97 645 730 0 
72 100 650 743 0 
76 99 654 755 4 
74 102 659 761 4 
74 98 670 767 0 
79 105 669 754 0 
77 106 666 738 0 
81 105 661 745 0 
83 107 665 750 0 
88 100 657 736 0 
91 107 661 750 0 
96 108 648 731 0 
87 104 632 744 4 
91 108 629 733 4 
96 110 647 728 0 
104 118 635 721 0 
105 115 657 730 0 
102 124 667 718 0 
104 129 646 716 0 
100 130 629 716 0 
95 125 613 714 4 
100 130 609 701 0 
104 125 622 718 4 
105 119 646 708 0 
107 119 642 707 0 
112 113 659 697 0 
107 112 669 702 0 
116 112 680 710 0 
109 112 673 710 0 
113 109 662 707 0 
113 113 654 700 0 
111 114 672 698 0 
110 118 675 704 0 
115 115 667 685 0 
115 120 665 692 0 
120 125 664 692 0 
128 128 657 686 0 
121 132 682 688 0 
130 128 686 680 0 
129 125 690 677 0 
128 128 696 685 0 
125 128 696 668 0 
122 134 692 659 0 
120 130 688 657 0 
120 138 709 650 0 
118 133 710 653 0 
124 131 688 632 0 
121 127 692 617 0 
118 127 691 638 0 
116 126 690 657 0 
118 124 695 648 0 
128 125 690 647 0 
127 128 681 641 0 
136 124 688 645 0 
131 126 704 613 0 
131 134 706 620 0 
131 129 701 623 0 
134 124 701 623 0 
125 128 690 627 0 
127 128 692 609 0 
131 128 693 617 0 
133 126 682 625 0 
130 128 675 634 0 
130 129 669 634 0 
133 122 658 625 0 
125 123 661 622 0 
128 127 666 631 0 
129 124 679 626 0 
128 122 665 636 0 
127 123 655 637 0 
122 122 656 647 0 
121 119 668 630 0 
120 118 671 618 0 
120 118 657 637 0 
126 118 660 621 0 
118 112 650 590 0 
114 111 656 592 0 
117 112 652 598 0 
115 116 651 596 0 
114 118 649 584 0 
112 114 630 594 0 
107 106 638 605 0 
107 112 652 618 0 
102 102 649 628 0 
101 102 650 632 0 
96 108 649 624 0 
101 108 644 644 0 
98 106 656 642 0 
98 105 665 652 0 
96 101 651 645 0 
99 109 644 639 0 
102 106 666 634 0 
103 109 664 629 0 
98 109 673 625 0 
98 108 678 625 0 
98 103 677 611 0 
100 101 668 621 0 
105 104 666 624 0 
105 101 663 622 0 
104 100 648 616 0 
108 102 634 596 0 
110 96 648 595 0 
118 99 650 602 0 
127 102 661 613 0 
126 103 646 607 0 
125 104 650 606 0 
130 108 640 614 0 
127 100 651 611 0 
130 95 661 594 0 
131 91 642 597 0 
130 93 660 569 3 
122 93 656 567 0 
125 97 655 570 0 
125 109 657 577 0 
126 105 661 566 3 
131 103 668 548 3 
125 100 666 550 3 
125 99 680 568 3 
117 94 677 570 3 
116 96 674 580 3 
118 91 673 580 3 
120 96 671 601 0 
116 91 679 624 0 
117 94 669 624 0 
119 88 663 627 0 
120 83 663 627 0 
124 87 693 640 0 
116 87 700 632 0 
114 87 697 620 0 
112 86 683 621 0 
114 87 709 633 0 
111 87 701 620 0 
113 84 711 626 0 
115 88 708 649 0 
111 86 708 660 0 
110 83 705 656 0 
107 79 698 653 0 
106 80 697 642 0 
103 76 711 638 0 
108 74 711 647 0 
108 84 714 631 0 
110 87 717 633 0 
118 91 716 630 0 
115 91 734 640 0 
108 91 730 625 3 
109 88 715 604 3 
106 84 715 599 3 
105 82 726 597 3 
104 86 738 601 3 
105 89 751 617 3 
