0 1 0 0 0 
0 1 1 0 0 
0 1 2 0 0 
0 1 2 1 0 
0 2 3 1 0 
0 2 3 3 0 
0 2 3 4 0 
0 2 3 4 0 
0 2 3 5 0 
0 1 2 5 0 
0 1 1 7 0 
0 1 1 8 0 
0 1 1 8 0 
0 0 1 10 4 
1 0 1 10 4 
1 0 2 9 0 
2 0 2 9 0 
2 0 2 8 0 
4 0 2 10 0 
3 0 3 12 0 
5 0 4 10 0 
5 0 4 10 0 
3 0 4 11 0 
3 1 5 8 0 
3 1 5 7 0 
3 1 7 8 0 
2 2 7 10 0 
3 3 8 9 0 
3 5 7 8 0 
3 5 7 9 0 
3 5 8 10 0 
2 6 9 10 0 
3 4 9 10 0 
4 3 8 12 0 
4 2 8 12 0 
4 2 11 12 0 
4 2 12 15 0 
4 3 13 14 0 
6 2 13 15 0 
5 2 14 17 0 
6 2 14 19 0 
8 3 12 19 0 
10 5 12 22 0 
10 6 13 24 0 
11 5 13 21 0 
10 5 12 22 0 
11 5 11 24 0 
15 6 9 23 0 
12 6 10 20 0 
12 6 13 23 0 
11 9 17 25 0 
13 9 18 32 0 
13 10 17 31 0 
13 10 16 33 0 
13 11 19 36 0 
12 11 19 36 0 
14 12 20 41 4 
12 14 18 42 4 
10 17 19 42 4 
11 19 21 45 4 
9 19 22 44 4 
10 22 24 41 0 
10 24 27 41 0 
10 22 29 41 0 
12 23 27 42 0 
12 26 27 48 0 
11 28 28 53 4 
11 29 30 57 4 
11 26 31 58 4 
9 27 31 61 4 
9 28 33 69 4 
10 29 37 66 4 
11 33 42 61 0 
13 31 48 62 0 
13 33 43 72 4 
13 34 42 75 4 
14 33 45 78 4 
15 33 47 80 4 
17 37 50 80 4 
17 38 48 80 4 
20 36 49 79 4 
20 35 54 90 4 
18 32 60 91 0 
19 28 61 98 4 
18 29 66 99 0 
14 30 68 101 0 
15 30 69 108 4 
18 34 73 118 4 
20 33 75 129 4 
23 32 69 135 4 
24 34 77 131 4 
24 37 72 129 4 
27 41 69 129 4 
22 40 69 134 4 
22 38 71 139 4 
27 46 71 145 4 
28 48 75 151 4 
24 44 80 155 4 
22 47 81 157 4 
19 49 79 150 4 
20 54 87 155 4 
17 52 87 156 4 
17 52 91 162 4 
17 54 96 155 4 
16 59 90 160 4 
14 54 93 157 4 
13 60 89 161 4 
12 61 91 165 4 
14 62 87 168 4 
14 66 98 167 4 
15 66 107 168 4 
10 64 112 170 4 
10 68 119 176 4 
14 71 129 180 4 
17 74 130 181 4 
13 75 131 184 4 
14 80 127 190 4 
12 83 135 194 4 
12 88 133 205 4 
13 87 140 209 4 
13 87 137 209 4 
14 90 135 203 4 
12 92 141 214 4 
14 94 147 210 4 
14 101 152 203 4 
16 98 153 210 4 
17 103 149 216 4 
17 113 152 217 4 
15 121 165 226 4 
14 124 171 227 4 
15 128 168 228 4 
20 127 171 244 4 
17 127 173 241 4 
17 115 175 254 4 
15 119 183 250 4 
18 123 180 254 4 
19 117 178 257 4 
21 113 182 252 4 
22 121 184 259 4 
23 113 190 263 4 
21 112 191 269 4 
24 113 197 265 4 
24 116 202 270 4 
27 117 199 271 4 
30 117 203 267 4 
28 110 210 276 4 
26 104 218 273 0 
29 107 224 270 0 
31 94 228 284 0 
32 96 238 298 4 
33 90 240 289 0 
35 95 242 293 0 
35 98 236 305 4 
38 93 242 300 0 
46 87 246 308 4 
45 91 251 320 4 
43 89 254 327 4 
45 97 257 342 4 
47 102 259 363 4 
52 99 266 375 4 
56 92 279 368 4 
62 95 273 354 4 
59 104 268 363 4 
57 110 280 371 4 
58 108 270 367 4 
53 99 286 373 4 
56 98 287 362 4 
57 90 291 369 4 
59 86 274 379 4 
54 90 287 371 4 
51 89 291 379 4 
58 90 308 377 4 
63 85 309 392 4 
60 79 318 402 4 
65 78 324 394 4 
63 82 308 400 4 
62 85 315 407 4 
60 86 311 424 4 
58 81 316 424 4 
57 79 323 436 4 
59 87 331 448 4 
69 93 329 445 4 
67 88 328 438 4 
69 85 335 452 4 
71 80 354 461 4 
67 85 362 469 4 
68 82 378 478 4 
75 83 391 488 4 
78 79 398 477 4 
75 79 405 486 4 
73 80 407 489 4 
75 80 407 490 4 
74 85 407 486 4 
69 91 413 492 4 
72 92 399 500 4 
70 93 393 503 4 
68 100 388 509 4 
70 102 393 503 4 
71 98 412 532 4 
70 96 411 534 4 
72 88 407 540 4 
74 88 400 555 4 
80 97 414 557 4 
85 98 428 578 4 
83 95 425 565 4 
84 92 419 577 4 
83 95 426 587 4 
86 101 419 592 4 
85 98 413 585 4 
82 90 423 593 4 
80 93 430 585 4 
81 95 429 603 4 
77 95 439 611 4 
75 99 449 617 4 
70 99 439 606 4 
76 99 447 601 4 
74 102 460 615 4 
76 103 476 614 4 
71 106 474 613 4 
68 101 481 607 4 
61 95 496 604 4 
61 96 500 601 4 
66 104 499 592 4 
68 102 522 608 0 
70 98 536 607 0 
66 96 525 603 0 
61 92 535 605 0 
61 97 541 622 0 
62 100 555 632 0 
62 108 570 628 0 
64 107 577 613 0 
68 103 576 607 0 
74 94 557 628 0 
70 100 568 636 0 
69 106 561 648 0 
65 108 555 644 0 
70 112 542 629 0 
73 103 549 633 0 
75 98 548 661 4 
73 101 551 669 4 
75 95 556 681 4 
79 91 563 660 4 
76 88 547 673 4 
80 77 545 685 4 
82 80 557 687 4 
86 81 554 693 4 
84 87 569 667 4 
83 81 574 674 4 
83 79 568 671 4 
78 86 568 670 4 
76 91 561 695 4 
80 85 578 705 4 
86 82 584 692 4 
86 79 605 695 0 
76 80 615 708 0 
76 75 610 711 4 
77 77 628 726 4 
80 79 639 732 0 
76 80 625 715 0 
69 77 605 718 4 
66 73 598 708 4 
69 74 591 710 4 
64 77 611 706 4 
67 81 615 706 0 
68 86 618 701 0 
75 85 627 696 0 
76 82 635 694 0 
79 82 628 702 0 
75 81 629 682 0 
81 82 624 693 0 
80 81 617 695 0 
79 76 618 699 0 
81 78 626 724 4 
84 74 637 736 4 
82 73 641 728 0 
92 80 643 738 0 
91 78 632 756 4 
83 71 622 749 4 
91 68 614 751 4 
93 67 618 735 4 
93 67 628 724 4 
95 70 638 720 0 
96 68 645 713 0 
94 71 640 716 0 
93 71 655 705 0 
99 70 639 691 0 
93 68 638 700 0 
88 68 648 690 0 
94 68 643 696 0 
93 70 653 676 0 
102 67 653 668 0 
97 68 661 658 0 
97 72 667 670 0 
94 76 675 695 0 
98 75 680 695 0 
97 76 634 680 0 
93 78 653 679 0 
90 79 651 681 0 
94 88 652 674 0 
91 90 650 685 0 
93 87 647 682 0 
96 87 655 682 0 
93 89 662 684 0 
96 91 659 685 0 
97 85 665 687 0 
101 86 669 669 0 
98 85 688 682 0 
92 86 672 681 0 
95 84 678 675 0 
95 86 683 698 0 
102 88 656 696 0 
108 87 644 689 0 
105 84 648 704 0 
106 86 678 693 0 
113 89 684 690 0 
118 85 685 692 0 
108 83 706 693 0 
102 85 697 688 0 
108 85 699 695 0 
99 81 681 701 0 
93 75 704 708 0 
89 74 718 693 0 
95 76 719 696 0 
90 80 733 696 0 
86 83 732 691 0 
82 84 729 697 0 
79 83 723 696 0 
73 89 716 694 0 
75 87 712 697 0 
75 89 707 685 0 
73 87 729 666 0 
76 88 735 659 0 
77 93 744 660 0 
76 92 742 666 0 
78 95 734 660 0 
77 94 730 663 0 
76 98 726 653 0 
80 99 726 677 0 
81 101 740 692 0 
76 106 716 689 0 
75 98 707 682 0 
77 93 705 677 0 
78 86 700 681 0 
77 90 706 693 0 
83 87 705 704 0 
80 90 711 717 0 
86 89 720 699 0 
82 92 731 710 0 
84 91 725 709 0 
86 94 719 677 0 
84 97 720 663 0 
84 97 747 673 0 
79 93 760 685 0 
74 97 760 683 0 
76 86 756 667 0 
79 80 751 670 0 
77 87 730 650 0 
79 85 736 657 0 
81 86 736 642 0 
84 89 745 638 3 
89 89 735 641 0 
92 83 719 632 0 
94 93 714 633 0 
94 95 733 638 0 
96 89 721 642 0 
106 90 710 648 0 
103 89 716 661 0 
103 92 698 679 0 
109 92 696 663 0 
110 91 685 669 0 
108 91 668 667 0 
104 88 676 670 0 
114 85 668 655 0 
118 85 664 664 0 
123 79 658 660 0 
124 76 636 670 0 
126 76 642 686 0 
140 75 647 682 0 
143 71 640 696 0 
144 76 636 707 0 
144 88 651 704 0 
144 86 643 690 0 
149 85 657 707 0 
151 79 670 718 0 
146 77 655 713 0 
145 85 656 711 0 
141 82 665 704 0 
140 86 658 698 0 
133 91 657 692 0 
132 95 645 678 0 
133 94 628 684 0 
129 95 617 687 0 
133 95 608 706 4 
129 93 595 710 4 
129 98 597 717 4 
119 97 598 731 4 
118 96 598 736 4 
120 100 600 727 4 
126 109 598 732 4 
122 109 594 723 4 
129 110 602 730 4 
127 104 600 727 4 
126 102 598 715 4 
125 105 603 734 4 
126 102 610 730 4 
127 108 609 731 4 
125 103 618 736 4 
117 113 615 724 4 
117 120 594 702 4 
118 131 576 719 4 
121 126 580 702 4 
115 119 584 689 4 
118 124 601 677 0 
118 119 597 677 0 
115 116 593 692 4 
119 122 576 700 4 
114 122 590 700 4 
112 126 600 690 0 
118 123 586 695 4 
123 116 577 679 4 
128 114 560 677 4 
129 119 552 679 4 
121 118 539 669 4 
113 123 550 673 4 
114 127 555 666 4 
116 123 584 676 4 
123 127 577 675 4 
121 124 570 673 4 
128 128 576 674 4 
130 130 578 654 0 
131 134 574 669 4 
125 124 572 677 4 
126 120 578 676 4 
122 117 567 690 4 
124 113 565 699 4 
120 116 584 713 4 
116 117 596 712 4 
107 121 594 704 4 
106 123 593 720 4 
112 118 593 725 4 
113 111 613 719 4 
111 112 622 712 0 
117 115 608 703 4 
123 120 618 708 0 
120 123 620 714 0 
124 119 610 722 4 
124 114 633 732 4 
123 107 644 735 0 
124 104 654 736 0 
126 103 645 731 0 
139 99 637 734 4 
134 96 640 727 0 
135 94 626 723 4 
134 94 631 702 0 
140 98 621 702 0 
135 96 639 688 0 
132 98 633 714 0 
135 93 645 718 0 
133 96 641 720 0 
135 95 638 728 0 
130 96 631 727 4 
135 98 633 719 0 
136 96 644 720 0 
142 105 635 708 0 
135 104 641 713 0 
129 98 618 714 4 
132 100 628 728 4 
136 95 625 713 0 
131 94 618 713 4 
138 93 603 704 4 
141 91 587 693 4 
133 92 569 712 4 
133 93 571 697 4 
137 92 576 674 4 
135 87 571 662 4 
133 84 567 666 4 
127 85 582 674 4 
126 85 587 679 4 
118 89 599 663 0 
114 87 602 659 0 
117 84 607 660 0 
116 90 604 656 0 
120 90 611 649 0 
119 84 618 665 0 
117 86 600 665 0 
111 93 604 663 0 
108 91 594 661 0 
110 90 585 664 0 
106 94 575 672 4 
105 89 580 672 4 
102 89 597 671 0 
101 86 614 691 0 
102 79 619 686 0 
103 76 620 679 0 
105 79 631 683 0 
104 77 632 691 0 
109 78 636 685 0 
111 73 643 702 0 
103 70 655 712 0 
97 68 663 703 0 
95 66 652 715 0 
98 67 677 698 0 
102 65 674 685 0 
106 62 673 684 0 
106 59 688 661 0 
105 59 689 659 0 
110 64 696 655 0 
111 69 703 657 0 
111 73 706 661 0 
108 75 704 674 0 
103 72 700 668 0 
108 67 689 690 0 
109 71 686 694 0 
110 73 693 700 0 
108 73 687 689 0 
113 77 699 686 0 
106 80 682 701 0 
114 79 684 695 0 
101 81 657 686 0 
100 79 653 673 0 
100 78 642 680 0 
97 74 631 692 0 
96 75 643 709 0 
98 76 645 695 0 
106 78 644 687 0 
110 82 633 680 0 
117 82 641 685 0 
113 75 646 684 0 
114 75 649 668 0 
118 74 636 675 0 
115 75 626 688 0 
118 76 633 687 0 
119 79 639 686 0 
116 72 650 690 0 
114 74 633 693 0 
123 74 633 689 0 
119 71 633 689 0 
123 71 648 695 0 
127 76 646 701 0 
133 74 653 710 0 
127 71 663 713 0 
135 75 670 722 0 
137 72 662 724 0 
139 69 652 704 0 
133 64 651 718 0 
144 68 645 717 0 
143 66 654 710 0 
139 66 669 712 0 
135 71 668 706 0 
142 71 658 692 0 
138 77 660 692 0 
130 68 650 689 0 
137 70 649 713 0 
139 69 656 712 0 
128 65 651 712 0 
128 65 650 720 0 
125 55 668 727 0 
134 50 666 718 0 
135 52 666 735 0 
140 53 662 696 0 
141 50 672 698 0 
131 52 691 712 0 
136 59 692 695 0 
133 57 699 686 0 
133 59 699 688 0 
128 56 701 696 0 
127 54 688 708 0 
131 48 688 715 0 
138 54 682 722 0 
139 58 661 722 0 
133 56 656 712 0 
130 54 665 696 0 
134 54 671 711 0 
137 56 676 722 0 
140 62 676 706 0 
136 59 669 723 0 
136 59 658 731 0 
136 65 661 731 0 
139 74 646 707 0 
133 76 647 723 0 
137 70 640 738 4 
125 65 652 746 0 
119 61 646 738 0 
120 65 649 740 0 
112 68 651 738 0 
113 66 642 736 0 
116 57 632 723 0 
115 58 626 709 0 
116 63 633 728 0 
116 63 631 732 4 
117 62 655 737 0 
115 60 653 735 0 
118 65 646 718 0 
113 63 638 720 0 
118 62 641 719 0 
126 70 642 707 0 
130 69 644 700 0 
129 69 644 715 0 
131 65 636 728 0 
120 68 634 722 0 
118 67 633 735 4 
116 68 625 726 4 
115 71 644 724 0 
113 71 648 742 0 
99 67 647 740 0 
97 68 643 751 4 
99 76 661 752 0 
104 78 656 736 0 
108 81 653 738 0 
104 89 660 747 0 
100 88 670 730 0 
102 89 670 737 0 
106 88 655 741 0 
106 82 651 728 0 
100 83 653 725 0 
97 83 639 712 0 
97 83 652 731 0 
105 85 647 736 0 
106 82 642 741 4 
107 82 635 720 0 
106 83 640 702 0 
110 86 654 702 0 
112 85 653 698 0 
113 82 662 712 0 
116 88 661 702 0 
115 82 656 703 0 
113 79 643 704 0 
120 84 651 702 0 
114 83 651 692 0 
113 80 640 694 0 
115 82 648 720 0 
107 79 636 734 4 
102 75 614 717 4 
103 69 605 705 4 
100 64 610 720 4 
101 63 597 722 4 
101 59 583 736 4 
102 58 600 732 4 
97 57 609 734 4 
85 58 624 744 4 
90 63 617 756 4 
93 61 613 744 4 
90 56 619 737 4 
100 56 612 739 4 
95 54 619 746 4 
93 49 603 738 4 
97 52 624 742 4 
98 56 652 745 0 
99 56 659 748 0 
96 53 641 761 4 
102 50 657 777 4 
105 57 657 766 4 
103 59 672 778 4 
99 59 661 785 4 
99 56 670 787 4 
110 58 682 793 4 
112 59 683 780 0 
114 65 693 769 0 
116 59 696 774 0 
111 55 688 765 0 
112 51 683 762 0 
114 47 689 747 0 
115 50 683 743 0 
110 49 680 738 0 
114 49 667 748 0 
113 51 675 742 0 
106 46 667 758 0 
109 47 681 764 0 
109 47 672 797 4 
108 45 677 784 4 
102 47 674 784 4 
98 52 689 773 0 
102 52 682 774 0 
102 48 684 783 4 
108 45 665 766 4 
107 45 669 766 0 
98 43 666 770 4 
100 47 662 784 4 
100 50 665 778 4 
104 54 667 783 4 
106 51 664 790 4 
99 49 669 784 4 
102 49 674 773 4 
97 48 668 782 4 
93 46 651 786 4 
98 44 666 769 4 
101 47 669 759 0 
102 49 666 738 0 
104 53 641 734 0 
113 50 635 722 0 
111 44 620 710 0 
102 41 627 714 0 
98 40 607 706 4 
100 39 622 695 0 
105 39 625 681 0 
99 36 649 695 0 
104 34 659 696 0 
103 36 671 696 0 
100 38 669 679 0 
97 37 666 699 0 
98 38 675 688 0 
102 38 674 694 0 
107 37 687 684 0 
106 37 689 686 0 
104 35 684 680 0 
104 34 683 678 0 
114 34 681 714 0 
110 32 666 723 0 
105 30 656 737 0 
106 33 662 743 0 
99 35 663 753 0 
101 35 643 753 4 
96 35 655 766 4 
96 38 654 754 4 
94 39 649 777 4 
93 38 648 783 4 
95 45 655 764 4 
96 41 647 770 4 
103 37 640 783 4 
102 36 629 799 4 
93 34 619 791 4 
93 39 626 782 4 
100 43 618 775 4 
104 43 614 762 4 
105 44 602 760 4 
104 45 605 760 4 
107 43 621 761 4 
95 43 624 760 4 
98 41 627 783 4 
99 44 631 797 4 
92 44 634 780 4 
90 47 640 777 4 
81 48 668 795 4 
81 51 646 794 4 
81 51 672 790 4 
81 44 674 779 4 
75 49 692 764 0 
74 51 712 744 0 
65 55 718 729 0 
66 59 724 718 0 
63 55 721 717 0 
64 53 714 716 0 
61 54 723 706 0 
61 53 718 694 0 
61 53 704 692 0 
58 55 693 701 0 
59 54 689 689 0 
56 53 698 686 0 
56 50 691 690 0 
56 46 677 696 0 
57 47 665 703 0 
59 48 673 704 0 
60 48 695 706 0 
61 46 688 718 0 
64 47 699 704 0 
66 45 703 696 0 
70 45 697 696 0 
69 43 709 708 0 
74 45 721 732 0 
74 44 732 746 0 
79 41 738 746 0 
76 40 751 745 0 
72 43 745 755 0 
70 39 738 760 0 
69 38 735 739 0 
67 43 743 736 0 
72 42 728 731 0 
75 49 722 718 0 
76 47 720 718 0 
74 46 713 698 0 
73 44 732 693 0 
71 46 712 686 0 
69 43 720 681 0 
69 41 718 688 0 
69 44 716 686 0 
77 43 729 681 0 
83 49 715 693 0 
83 50 720 695 0 
78 52 734 689 0 
79 51 753 690 0 
78 46 772 694 0 
78 46 772 688 0 
82 49 773 689 0 
83 50 762 685 0 
86 43 778 692 0 
85 39 764 683 0 
86 39 753 684 0 
87 42 747 688 0 
87 43 739 684 0 
86 43 748 705 0 
85 45 746 704 0 
87 49 762 719 0 
85 53 764 722 0 
83 50 765 731 0 
82 52 775 727 0 
88 50 781 696 0 
89 49 778 681 0 
89 50 777 691 0 
90 51 776 694 0 
96 56 767 694 0 
95 52 760 703 0 
98 53 768 694 0 
95 58 771 698 0 
94 55 781 697 0 
97 57 754 701 0 
98 59 752 707 0 
98 60 762 698 0 
97 59 766 681 0 
98 59 776 659 3 
98 58 804 671 3 
97 61 794 646 3 
103 63 781 671 3 
102 55 778 669 3 
95 57 749 685 0 
93 57 741 705 0 
92 55 743 702 0 
93 58 742 708 0 
93 59 728 688 0 
93 58 744 677 0 
95 51 747 656 0 
86 55 739 668 0 
83 56 749 690 0 
83 59 750 674 0 
84 64 752 668 0 
84 63 750 670 0 
81 60 739 667 0 
72 55 769 681 0 
72 55 772 685 0 
67 56 777 671 3 
69 61 765 686 0 
70 58 780 690 0 
71 59 778 688 0 
70 60 767 696 0 
66 61 769 681 0 
62 63 760 666 0 
66 65 750 666 0 
70 68 777 657 3 
73 75 794 665 3 
75 74 786 662 3 
76 77 814 659 3 
75 74 800 660 3 
75 68 800 683 3 
77 71 798 691 3 
80 74 792 686 3 
75 70 804 688 3 
77 73 806 695 3 
74 67 797 673 3 
67 70 797 681 3 
65 69 798 689 3 
67 68 797 680 3 
67 73 790 664 3 
67 71 787 667 3 
67 69 790 676 3 
67 75 773 662 3 
66 72 750 669 0 
69 63 752 673 0 
68 67 746 661 0 
73 67 741 664 0 
69 64 749 666 0 
68 73 743 663 0 
71 69 742 656 0 
70 72 739 651 0 
70 77 736 635 3 
76 81 749 637 3 
75 74 762 626 3 
74 80 761 638 3 
76 78 775 644 3 
81 75 779 641 3 
80 69 796 655 3 
82 65 778 656 3 
87 69 779 639 3 
91 66 767 654 3 
100 64 767 668 3 
101 62 760 653 3 
108 69 762 669 0 
117 68 764 662 3 
119 72 736 666 0 
119 72 737 642 0 
113 72 754 628 3 
116 75 753 636 3 
114 79 749 642 3 
115 76 753 644 3 
113 78 766 644 3 
111 80 755 639 3 
114 84 733 666 0 
108 88 720 659 0 
114 84 708 654 0 
109 81 716 636 0 
111 79 712 624 0 
113 79 715 608 3 
115 74 703 599 3 
116 70 686 626 0 
112 68 693 641 0 
114 74 687 639 0 
106 77 695 628 0 
112 84 706 611 3 
104 85 714 618 3 
108 83 719 609 3 
106 86 706 602 3 
114 90 717 601 3 
109 89 744 584 3 
106 95 735 597 3 
105 93 735 593 3 
104 82 736 582 3 
106 84 733 574 3 
108 81 725 583 3 
105 82 747 585 3 
103 86 759 576 3 
100 82 740 579 3 
104 82 753 568 3 
104 80 746 570 3 
111 74 745 564 3 
110 73 748 569 3 
115 76 732 570 3 
116 76 736 572 3 
112 73 749 570 3 
110 74 740 573 3 
110 72 738 568 3 
110 72 732 572 3 
104 76 725 567 3 
98 76 734 577 3 
94 81 743 573 3 
94 77 741 582 3 
94 78 746 591 3 
96 75 731 601 3 
92 74 725 605 3 
86 80 729 593 3 
86 81 745 581 3 
86 81 739 604 3 
90 82 741 599 3 
98 79 739 595 3 
101 81 740 592 3 
101 78 726 584 3 
103 75 731 598 3 
105 75 728 608 3 
104 73 728 600 3 
111 70 723 614 3 
111 67 739 601 3 
113 68 737 586 3 
112 74 720 587 3 
112 74 735 581 3 
108 80 766 583 3 
109 74 752 595 3 
110 75 749 600 3 
105 69 755 602 3 
106 65 751 605 3 
109 66 762 604 3 
113 70 742 602 3 
111 73 720 605 3 
110 72 704 619 0 
112 72 699 616 0 
109 76 722 614 3 
112 75 729 615 3 
103 71 732 610 3 
102 74 716 605 3 
103 72 725 605 3 
102 73 716 619 3 
102 80 735 610 3 
102 80 739 614 3 
99 75 741 623 3 
99 78 737 627 3 
99 74 733 630 3 
97 78 726 626 3 
99 82 729 629 3 
104 78 731 646 0 
105 77 744 651 0 
102 80 739 654 0 
102 82 744 664 0 
100 85 734 663 0 
99 81 752 659 0 
96 82 752 684 0 
97 83 752 663 0 
95 78 751 652 3 
93 81 770 653 3 
92 81 774 666 3 
94 73 784 660 3 
100 72 771 653 3 
96 74 757 666 0 
93 73 734 679 0 
93 69 733 690 0 
91 70 718 676 0 
82 73 724 666 0 
81 73 738 678 0 
78 72 722 659 0 
84 71 724 656 0 
86 72 711 649 0 
91 73 702 650 0 
95 79 695 649 0 
93 83 692 642 0 
93 85 707 653 0 
98 86 706 647 0 
102 87 714 655 0 
101 86 716 631 0 
103 84 721 621 3 
96 85 732 618 3 
89 86 710 613 3 
91 82 699 634 0 
91 82 676 637 0 
87 84 655 631 0 
80 80 670 636 0 
