0 0 1 0 0 
0 2 1 0 0 
0 2 0 1 0 
0 2 0 1 0 
1 3 0 1 0 
2 4 1 1 0 
3 6 2 1 0 
4 6 2 1 0 
3 6 4 1 0 
3 6 4 2 0 
3 8 6 3 0 
3 8 8 5 0 
4 9 8 6 0 
4 11 9 5 0 
4 9 8 7 0 
4 12 8 7 0 
3 12 7 7 0 
5 8 7 9 0 
6 8 9 9 0 
6 8 9 9 0 
6 9 10 11 0 
7 11 10 8 0 
8 14 11 6 0 
8 14 12 6 0 
8 13 12 7 0 
8 13 12 9 0 
9 12 16 11 0 
12 12 17 12 0 
13 13 17 10 0 
13 11 17 15 0 
15 11 20 16 0 
15 10 19 17 0 
15 9 21 22 0 
13 11 21 25 0 
14 15 24 26 0 
13 18 27 25 0 
13 20 29 28 0 
16 23 30 28 0 
19 23 31 26 0 
19 21 32 26 0 
22 20 33 26 0 
23 25 35 28 0 
26 23 38 30 0 
23 22 41 32 0 
21 22 43 31 0 
23 24 41 33 0 
24 21 41 39 0 
27 22 44 39 0 
31 19 48 38 0 
32 18 46 38 0 
33 22 47 36 0 
31 19 50 36 0 
33 24 48 39 0 
29 28 51 42 0 
31 29 52 40 0 
33 28 56 43 0 
36 29 55 45 0 
36 33 63 52 0 
40 32 66 55 0 
41 31 72 54 0 
43 30 77 57 0 
41 30 77 50 0 
43 32 82 53 0 
44 34 79 52 0 
45 32 82 56 0 
46 35 86 60 0 
49 34 94 61 3 
45 33 97 56 3 
43 29 103 54 3 
44 28 102 58 3 
46 29 103 52 3 
45 31 102 51 3 
52 32 104 53 3 
52 33 109 56 3 
48 34 110 53 3 
58 35 112 59 3 
60 36 113 60 3 
59 36 112 63 3 
57 39 112 64 3 
62 39 110 65 3 
64 39 112 65 3 
60 37 113 67 3 
62 39 124 76 3 
65 38 122 73 3 
63 36 132 67 3 
64 34 138 71 3 
61 33 145 72 3 
67 29 145 69 3 
61 31 143 70 3 
61 31 147 73 3 
57 33 152 75 3 
58 33 157 80 3 
59 35 164 81 3 
63 37 161 83 3 
63 38 158 84 3 
63 34 171 90 3 
62 34 184 95 3 
64 35 186 100 3 
64 37 194 105 3 
69 37 197 113 3 
69 38 196 102 3 
68 39 200 104 3 
73 40 202 103 3 
73 43 203 99 3 
73 43 204 98 3 
67 45 214 101 3 
71 47 220 111 3 
69 41 221 117 3 
70 40 218 114 3 
69 39 224 120 3 
66 37 221 121 3 
70 39 225 124 3 
76 38 244 124 3 
72 43 244 127 3 
75 45 266 129 3 
72 46 276 130 3 
78 44 288 129 3 
84 41 291 126 3 
83 42 284 133 3 
86 44 278 136 3 
93 45 282 131 3 
84 43 292 127 3 
85 40 286 122 3 
87 40 299 127 3 
87 41 289 140 3 
89 40 291 144 3 
93 41 298 146 3 
90 42 306 146 3 
87 41 314 154 3 
82 45 324 156 3 
79 42 325 162 3 
78 39 320 167 3 
75 45 325 172 3 
74 46 314 167 3 
72 46 320 173 3 
74 43 336 179 3 
73 45 349 180 3 
77 44 339 182 3 
74 39 345 192 3 
75 42 354 200 3 
83 42 375 203 3 
87 43 377 207 3 
86 42 388 209 3 
86 42 391 209 3 
86 44 404 220 3 
84 48 415 227 3 
82 44 407 238 3 
75 42 415 243 3 
75 42 428 240 3 
75 40 420 251 3 
78 33 425 261 3 
86 33 427 266 3 
88 30 428 268 3 
83 31 426 267 3 
88 34 427 274 3 
83 35 428 282 3 
85 40 439 283 3 
82 45 465 280 3 
87 45 468 278 3 
88 45 473 287 3 
89 49 486 288 3 
97 47 480 301 3 
102 51 469 303 3 
99 52 456 297 3 
106 48 451 293 3 
101 44 461 289 3 
109 46 459 300 3 
112 45 455 298 3 
107 53 466 312 3 
104 54 480 306 3 
101 55 471 313 3 
100 58 483 301 3 
102 60 480 292 3 
106 55 478 293 3 
109 59 488 309 3 
104 62 490 307 3 
100 62 507 315 3 
102 65 514 320 3 
112 67 512 327 3 
114 68 500 327 3 
114 63 503 324 3 
121 64 505 323 3 
124 63 500 320 3 
117 68 509 304 3 
121 62 517 309 3 
124 63 516 331 3 
131 62 523 342 3 
130 66 526 353 3 
129 72 521 346 3 
132 62 545 343 3 
128 60 546 340 3 
122 54 557 344 3 
130 53 556 341 3 
130 56 560 350 3 
132 62 553 351 3 
136 61 566 348 3 
139 57 576 349 3 
143 57 562 347 3 
151 54 576 346 3 
145 50 567 354 3 
145 47 580 351 3 
144 45 566 347 3 
145 42 565 364 3 
143 44 561 372 3 
146 47 567 367 3 
153 46 564 369 3 
151 44 572 375 3 
160 40 592 375 3 
160 39 591 366 3 
162 38 595 380 3 
160 35 613 385 3 
165 39 601 394 3 
161 41 601 405 3 
162 42 617 410 3 
160 48 628 417 3 
159 46 637 422 3 
155 46 647 424 3 
157 45 654 440 3 
150 53 671 448 3 
153 51 667 442 3 
157 51 659 449 3 
144 52 651 449 3 
150 57 661 449 3 
146 58 653 444 3 
139 52 658 455 3 
135 52 654 470 3 
132 47 650 471 3 
134 46 659 483 3 
135 48 684 477 3 
125 51 685 473 3 
128 53 680 479 3 
124 48 687 480 3 
119 47 685 473 3 
114 46 681 475 3 
115 48 692 479 3 
122 48 697 483 3 
119 51 696 479 3 
114 49 706 486 3 
107 50 721 493 3 
106 48 701 466 3 
111 47 698 461 3 
109 45 700 446 3 
109 43 700 448 3 
103 39 702 447 3 
100 38 699 455 3 
90 39 711 457 3 
89 38 726 456 3 
82 46 724 456 3 
77 49 695 460 3 
78 49 698 457 3 
83 47 706 456 3 
85 46 701 451 3 
83 46 712 455 3 
91 46 717 458 3 
93 47 725 461 3 
94 49 722 466 3 
99 50 724 478 3 
94 50 738 485 3 
100 51 739 488 3 
101 52 733 507 3 
109 58 724 504 3 
108 59 738 521 3 
111 53 734 508 3 
111 49 727 507 3 
109 53 728 506 3 
108 60 735 523 3 
111 63 723 534 3 
104 61 719 532 3 
116 55 710 526 3 
111 56 708 509 3 
117 60 711 498 3 
112 60 712 513 3 
114 57 724 521 3 
119 55 746 514 3 
120 56 742 519 3 
125 60 722 512 3 
130 58 719 526 3 
132 56 731 523 3 
139 60 747 518 3 
139 58 745 525 3 
135 59 729 516 3 
135 54 739 511 3 
129 51 755 526 3 
134 46 759 528 3 
133 46 768 531 3 
124 47 778 534 3 
128 53 785 537 3 
124 52 771 529 3 
130 48 766 535 3 
129 48 762 555 3 
127 46 772 541 3 
119 40 773 551 3 
127 40 756 557 3 
120 41 771 550 3 
120 42 774 560 3 
122 42 784 552 3 
124 44 798 557 3 
128 44 820 564 3 
126 48 825 561 3 
130 47 813 562 3 
132 48 805 562 3 
125 50 787 556 3 
127 47 792 552 3 
129 44 771 563 3 
124 42 792 570 3 
121 43 788 573 3 
121 42 784 575 3 
123 43 791 584 3 
129 43 793 600 3 
136 45 785 591 3 
134 49 803 589 3 
125 48 806 593 3 
120 48 824 608 3 
125 48 811 616 3 
131 49 826 603 3 
133 45 833 601 3 
132 44 825 593 3 
131 46 809 579 3 
130 43 798 594 3 
130 40 795 589 3 
130 43 788 583 3 
130 43 814 582 3 
130 43 831 586 3 
126 44 817 592 3 
123 46 796 584 3 
125 47 785 587 3 
123 50 791 603 3 
127 53 794 589 3 
134 51 791 573 3 
131 56 786 575 3 
141 62 764 576 3 
145 62 768 561 3 
142 63 783 580 3 
142 69 775 598 3 
144 66 778 581 3 
148 59 765 574 3 
147 66 746 573 3 
136 62 737 583 3 
138 69 740 585 3 
143 67 763 592 3 
137 70 762 600 3 
143 72 771 592 3 
151 73 787 586 3 
152 72 793 567 3 
146 67 775 554 3 
150 65 765 541 3 
146 62 758 558 3 
151 63 766 570 3 
152 62 764 584 3 
156 62 753 578 3 
157 63 754 585 3 
168 61 760 580 3 
162 62 756 587 3 
163 59 751 583 3 
167 60 726 561 3 
162 56 757 555 3 
162 51 734 573 3 
163 49 733 575 3 
170 54 745 557 3 
162 55 747 572 3 
157 60 730 577 3 
160 56 732 574 3 
164 62 712 593 3 
154 65 705 601 3 
154 65 712 593 3 
153 67 706 604 3 
150 65 702 597 3 
149 64 701 592 3 
153 63 697 588 3 
160 62 695 578 3 
164 62 708 579 3 
154 62 716 587 3 
163 62 720 571 3 
169 56 716 569 3 
171 64 725 569 3 
165 65 750 566 3 
160 60 748 594 3 
160 57 741 602 3 
161 56 754 594 3 
160 59 749 619 3 
163 60 745 622 3 
169 64 735 638 3 
176 64 734 636 3 
176 63 736 641 0 
175 64 747 644 3 
177 55 743 662 0 
168 56 741 667 0 
162 58 740 659 0 
166 60 734 658 0 
172 56 754 657 3 
169 54 758 650 3 
163 59 771 658 3 
162 59 775 656 3 
168 60 775 641 3 
160 54 771 649 3 
166 52 754 648 3 
166 54 767 635 3 
163 56 754 634 3 
156 60 761 621 3 
161 59 758 625 3 
164 52 748 622 3 
163 54 756 617 3 
165 53 751 624 3 
169 54 763 628 3 
177 54 767 603 3 
185 54 777 593 3 
184 50 774 591 3 
177 49 773 582 3 
166 48 794 560 3 
154 45 807 567 3 
147 47 785 557 3 
155 47 790 546 3 
159 53 786 552 3 
157 51 776 554 3 
156 51 764 564 3 
166 49 788 574 3 
174 50 784 569 3 
171 48 788 564 3 
166 53 806 557 3 
163 57 809 548 3 
166 61 803 536 3 
175 60 806 538 3 
169 57 808 548 3 
166 58 793 556 3 
162 57 779 549 3 
160 54 764 556 3 
161 53 768 559 3 
164 51 772 558 3 
151 52 775 561 3 
155 51 784 548 3 
148 55 780 538 3 
149 57 774 541 3 
143 57 790 536 3 
142 53 802 538 3 
157 48 804 540 3 
154 50 792 538 3 
156 55 791 547 3 
157 57 786 550 3 
150 56 796 561 3 
143 54 809 562 3 
148 57 806 552 3 
146 56 817 556 3 
144 55 812 560 3 
149 59 819 570 3 
148 57 825 561 3 
144 54 822 554 3 
147 47 822 566 3 
150 44 812 548 3 
148 45 796 556 3 
146 49 780 553 3 
145 50 768 559 3 
144 53 769 539 3 
144 57 775 533 3 
132 54 779 523 3 
137 54 789 530 3 
132 57 794 523 3 
131 58 771 533 3 
131 62 768 525 3 
133 63 775 532 3 
131 65 767 537 3 
128 64 768 540 3 
130 63 749 544 3 
134 60 729 527 3 
135 65 717 537 3 
131 62 734 532 3 
129 59 722 531 3 
124 65 722 532 3 
140 60 736 533 3 
139 59 730 531 3 
137 61 740 541 3 
140 58 746 543 3 
136 64 753 534 3 
138 62 746 539 3 
137 65 755 554 3 
142 73 744 539 3 
147 70 744 533 3 
147 68 756 551 3 
145 72 772 534 3 
141 75 781 541 3 
140 69 775 544 3 
139 69 782 552 3 
135 68 798 557 3 
131 66 813 566 3 
129 58 806 579 3 
139 62 826 594 3 
131 62 817 587 3 
136 66 826 583 3 
139 66 820 584 3 
137 56 848 579 3 
134 63 834 571 3 
131 64 836 586 3 
126 66 827 592 3 
130 72 823 591 3 
120 72 822 589 3 
119 65 824 570 3 
119 61 836 578 3 
122 68 842 560 3 
120 73 839 547 3 
120 74 839 540 3 
118 78 850 549 3 
115 76 849 548 3 
122 74 833 546 3 
119 76 830 563 3 
121 77 816 552 3 
123 75 803 560 3 
115 78 800 575 3 
117 80 812 551 3 
116 81 835 551 3 
122 85 821 550 3 
125 73 804 558 3 
123 68 826 564 3 
123 62 826 555 3 
123 61 815 563 3 
119 63 819 556 3 
123 64 825 566 3 
126 67 831 559 3 
130 68 820 534 3 
124 61 828 522 3 
117 65 842 518 3 
123 65 851 540 3 
122 70 835 546 3 
122 70 837 557 3 
121 66 845 548 3 
122 61 842 552 3 
124 57 836 554 3 
122 58 834 569 3 
127 60 843 573 3 
137 59 824 579 3 
134 59 814 577 3 
130 59 823 579 3 
135 57 829 580 3 
137 60 825 569 3 
131 62 827 567 3 
133 60 826 575 3 
135 60 820 564 3 
129 58 824 556 3 
135 62 812 555 3 
133 66 810 553 3 
129 63 819 570 3 
131 68 811 562 3 
130 74 834 561 3 
136 72 817 565 3 
132 70 820 559 3 
125 67 827 579 3 
122 67 816 568 3 
127 63 815 574 3 
119 63 830 573 3 
115 62 826 586 3 
109 67 839 600 3 
111 66 839 603 3 
110 59 834 594 3 
113 56 842 586 3 
118 58 832 580 3 
120 60 858 575 3 
127 61 860 579 3 
126 56 840 587 3 
128 61 841 593 3 
137 58 833 584 3 
139 60 831 573 3 
142 57 828 556 3 
146 53 838 549 3 
147 46 837 548 3 
145 48 834 551 3 
140 52 840 563 3 
141 52 852 566 3 
140 54 848 588 3 
141 58 827 563 3 
131 58 824 556 3 
134 57 825 556 3 
127 59 829 554 3 
132 62 831 554 3 
130 59 824 547 3 
129 57 810 530 3 
124 57 826 537 3 
128 53 812 523 3 
130 58 813 514 3 
132 57 814 513 3 
128 59 786 525 3 
127 58 780 531 3 
121 59 774 528 3 
117 55 793 535 3 
117 53 780 537 3 
118 47 771 530 3 
115 48 778 548 3 
119 49 757 548 3 
122 51 762 537 3 
126 51 760 548 3 
121 56 745 544 3 
116 55 757 546 3 
113 58 771 540 3 
117 55 774 547 3 
115 53 755 548 3 
115 59 757 540 3 
115 58 761 527 3 
126 55 762 517 3 
126 56 793 517 3 
126 56 792 524 3 
129 58 807 517 3 
129 55 810 515 3 
129 52 795 496 3 
129 45 800 486 3 
136 45 822 493 3 
134 46 831 493 3 
124 44 798 490 3 
127 45 786 498 3 
129 48 801 495 3 
137 46 806 504 3 
131 49 823 502 3 
137 48 813 507 3 
137 50 820 497 3 
135 56 822 489 3 
136 51 811 492 3 
127 50 819 506 3 
120 51 812 515 3 
110 54 815 520 3 
107 50 814 517 3 
104 48 816 509 3 
104 47 810 523 3 
102 49 818 505 3 
99 50 819 507 3 
98 51 818 505 3 
91 49 835 513 3 
89 55 822 505 3 
85 58 834 513 3 
85 66 856 513 3 
86 66 853 530 3 
89 66 841 510 3 
84 60 853 511 3 
89 66 865 534 3 
94 70 857 529 3 
95 70 880 535 3 
94 71 873 548 3 
88 68 899 529 3 
91 71 909 540 3 
89 68 911 531 3 
86 68 905 520 3 
91 68 889 533 3 
89 62 889 534 3 
90 62 887 536 3 
91 60 900 537 3 
88 64 899 535 3 
95 69 919 529 3 
91 72 916 525 3 
91 74 908 530 3 
88 75 897 525 3 
85 79 924 525 3 
83 80 935 514 3 
82 74 921 513 3 
76 67 902 526 3 
85 63 904 540 3 
82 56 889 544 3 
85 55 900 538 3 
87 60 916 527 3 
89 59 915 513 3 
90 58 906 511 3 
89 57 918 496 3 
86 58 915 493 3 
84 59 929 494 3 
84 56 922 506 3 
83 54 932 514 3 
75 53 937 511 3 
75 57 939 516 3 
77 53 937 525 3 
71 49 960 512 3 
69 53 965 498 3 
66 55 961 486 3 
65 58 938 492 3 
66 57 940 504 3 
61 57 940 498 3 
60 59 935 519 3 
59 62 928 521 3 
65 62 901 530 3 
64 63 885 526 3 
62 66 881 530 3 
63 67 880 534 3 
63 68 887 542 3 
62 68 904 548 3 
61 67 929 535 3 
62 66 911 532 3 
64 58 921 538 3 
64 62 893 540 3 
65 63 910 532 3 
68 60 908 522 3 
70 58 925 524 3 
69 49 899 528 3 
65 52 876 501 3 
70 51 905 500 3 
66 47 905 509 3 
69 46 899 515 3 
71 45 901 515 3 
73 48 905 530 3 
78 47 902 525 3 
82 52 893 519 3 
84 53 890 515 3 
78 55 890 520 3 
82 51 888 525 3 
82 48 894 506 3 
80 53 880 511 3 
77 60 885 496 3 
79 60 873 501 3 
79 59 875 511 3 
84 60 879 507 3 
86 54 874 524 3 
87 53 889 518 3 
92 50 911 518 3 
95 48 916 511 3 
97 51 915 510 3 
93 54 916 519 3 
93 52 898 503 3 
95 49 903 507 3 
100 50 913 493 3 
105 53 923 485 3 
105 56 923 479 3 
108 54 927 480 3 
110 51 917 481 3 
108 56 915 475 3 
105 55 889 486 3 
104 59 906 483 3 
110 57 917 497 3 
110 55 936 497 3 
109 60 927 504 3 
104 57 918 501 3 
105 51 942 514 3 
106 49 941 510 3 
105 50 939 511 3 
100 48 941 501 3 
100 48 952 498 3 
104 51 942 503 3 
108 48 957 505 3 
113 46 968 510 3 
109 48 976 497 3 
109 47 986 509 3 
111 46 976 504 3 
110 48 961 481 3 
103 49 955 501 3 
100 50 948 500 3 
99 52 960 508 3 
100 49 958 509 3 
100 48 964 493 3 
110 44 963 490 3 
104 42 941 490 3 
110 43 935 487 3 
111 42 907 488 3 
101 44 937 477 3 
99 42 944 491 3 
95 42 936 477 3 
99 44 919 487 3 
100 49 924 489 3 
106 48 918 484 3 
104 51 917 485 3 
102 52 914 499 3 
93 53 909 500 3 
88 50 891 515 3 
90 54 894 507 3 
89 56 898 496 3 
86 53 900 480 3 
84 52 893 488 3 
90 52 873 478 3 
91 52 873 485 3 
96 55 859 469 3 
95 59 870 477 3 
90 62 875 469 3 
89 64 877 473 3 
89 62 864 463 3 
91 61 861 476 3 
91 59 861 480 3 
84 63 841 481 3 
84 64 854 477 3 
82 65 858 484 3 
85 65 863 488 3 
85 63 851 487 3 
87 54 850 499 3 
85 55 860 507 3 
80 55 839 512 3 
76 56 840 513 3 
72 54 842 512 3 
69 51 857 521 3 
69 48 860 517 3 
70 50 844 520 3 
70 49 826 514 3 
74 46 833 516 3 
69 46 832 529 3 
74 45 856 528 3 
70 42 859 520 3 
76 45 863 525 3 
76 38 874 512 3 
71 39 851 502 3 
68 40 841 511 3 
68 40 869 520 3 
67 39 853 522 3 
66 37 875 519 3 
70 40 870 517 3 
70 37 877 519 3 
67 36 885 516 3 
71 39 880 508 3 
77 41 880 503 3 
80 43 881 502 3 
82 43 866 506 3 
85 43 862 501 3 
82 40 861 488 3 
82 40 872 489 3 
82 40 869 508 3 
86 42 898 531 3 
84 45 902 526 3 
86 44 904 535 3 
82 41 888 517 3 
83 44 884 531 3 
83 46 875 539 3 
84 43 880 534 3 
87 43 890 537 3 
88 44 902 519 3 
82 44 902 521 3 
81 36 898 517 3 
82 33 902 527 3 
81 29 892 521 3 
78 31 892 521 3 
73 28 884 518 3 
76 28 906 533 3 
72 29 886 529 3 
73 34 886 527 3 
69 39 890 535 3 
74 38 887 543 3 
70 39 904 547 3 
75 38 916 542 3 
76 39 929 547 3 
78 41 922 540 3 
82 43 922 539 3 
79 43 915 549 3 
79 49 918 525 3 
81 49 928 535 3 
73 45 925 527 3 
80 50 917 516 3 
82 55 924 527 3 
86 50 951 526 3 
80 48 943 520 3 
79 45 939 513 3 
74 45 942 518 3 
74 42 941 510 3 
75 42 935 509 3 
73 47 928 512 3 
75 47 913 520 3 
76 47 891 515 3 
74 42 884 523 3 
74 46 900 538 3 
74 47 876 542 3 
74 45 869 532 3 
76 49 869 514 3 
76 51 884 512 3 
73 52 885 518 3 
72 57 872 512 3 
76 54 869 507 3 
75 53 883 521 3 
72 53 876 525 3 
77 54 892 531 3 
76 55 892 523 3 
77 50 899 519 3 
72 48 900 525 3 
75 48 890 532 3 
79 48 892 535 3 
78 44 905 533 3 
74 42 905 548 3 
82 44 907 563 3 
82 46 919 557 3 
88 49 913 559 3 
86 53 886 569 3 
84 55 904 570 3 
83 53 894 567 3 
85 51 882 558 3 
89 53 890 575 3 
88 55 883 568 3 
87 55 880 591 3 
90 56 896 574 3 
87 54 883 559 3 
84 52 882 567 3 
85 53 874 560 3 
81 54 849 573 3 
87 52 860 584 3 
87 59 839 592 3 
86 60 829 565 3 
82 60 821 573 3 
81 51 816 591 3 
78 55 833 589 3 
80 57 841 614 3 
83 62 843 614 3 
78 58 851 600 3 
76 57 847 602 3 
75 56 853 592 3 
73 49 848 583 3 
73 54 853 574 3 
72 54 868 568 3 
76 50 885 545 3 
87 49 897 559 3 
87 46 896 555 3 
91 49 914 541 3 
88 50 916 554 3 
80 48 911 555 3 
72 49 917 570 3 
74 47 903 569 3 
74 47 918 562 3 
78 46 922 554 3 
75 49 898 549 3 
70 45 903 548 3 
69 40 916 555 3 
74 40 897 579 3 
75 36 907 585 3 
77 36 898 594 3 
82 39 895 601 3 
80 41 895 601 3 
80 43 897 600 3 
84 41 896 622 3 
78 42 912 628 3 
81 46 900 619 3 
86 47 898 635 3 
85 47 890 608 3 
87 47 889 606 3 
92 43 895 612 3 
90 47 902 615 3 
90 51 898 617 3 
91 52 895 612 3 
91 45 884 627 3 
90 45 891 628 3 
90 38 912 619 3 
88 38 890 609 3 
93 39 877 581 3 
96 42 893 587 3 
100 42 887 604 3 
100 44 868 610 3 
100 45 880 609 3 
94 45 885 627 3 
93 44 880 634 3 
93 43 876 625 3 
86 44 880 623 3 
89 44 877 627 3 
89 42 891 624 3 
88 38 885 641 3 
91 35 878 622 3 
86 36 875 630 3 
90 32 865 609 3 
85 32 857 609 3 
83 35 831 600 3 
88 30 822 604 3 
84 33 823 597 3 
88 34 824 600 3 
90 32 832 611 3 
88 30 830 620 3 
88 32 842 623 3 
89 29 852 632 3 
86 31 862 620 3 
88 32 862 629 3 
85 33 873 621 3 
81 36 849 616 3 
82 34 862 620 3 
83 34 860 606 3 
87 34 839 604 3 
86 36 851 606 3 
82 36 859 590 3 
90 39 863 584 3 
100 41 834 589 3 
105 44 849 599 3 
111 41 860 592 3 
107 45 835 601 3 
103 48 820 607 3 
91 49 839 610 3 
86 44 825 607 3 
84 46 824 611 3 
83 45 827 617 3 
89 44 818 602 3 
89 43 830 592 3 
81 45 838 589 3 
81 43 830 595 3 
79 43 834 576 3 
81 45 823 569 3 
78 51 814 569 3 
75 53 809 562 3 
74 52 817 585 3 
73 57 837 593 3 
77 55 823 599 3 
79 59 841 610 3 
88 63 833 616 3 
82 64 830 609 3 
82 70 838 608 3 
84 72 818 599 3 
87 73 841 601 3 
87 68 833 592 3 
85 63 818 602 3 
85 59 808 610 3 
91 57 819 605 3 
94 59 808 610 3 
86 55 812 611 3 
88 60 804 609 3 
84 62 806 603 3 
91 62 799 596 3 
89 65 803 596 3 
85 69 811 606 3 
80 74 806 602 3 
89 73 789 623 3 
93 72 800 623 3 
92 69 805 601 3 
91 71 805 593 3 
92 71 797 594 3 
