0 0 0 2 0 
0 1 0 1 0 
0 3 0 1 0 
1 3 0 1 0 
1 2 0 2 0 
0 3 1 3 0 
1 2 1 3 0 
1 4 1 2 0 
1 3 2 2 0 
2 3 1 2 0 
2 6 1 2 0 
4 6 1 2 0 
5 7 1 4 0 
5 8 1 5 0 
4 9 1 6 0 
4 8 2 8 0 
5 9 2 7 0 
4 9 4 7 0 
5 9 4 8 0 
7 9 4 8 0 
7 8 4 8 0 
8 12 4 9 0 
7 14 4 12 0 
8 16 4 14 0 
10 18 4 16 0 
11 20 5 14 0 
12 21 4 17 0 
13 24 5 13 0 
14 23 5 13 0 
12 25 3 15 0 
12 23 5 13 0 
15 25 3 17 0 
13 25 4 18 0 
11 26 4 16 0 
13 29 5 18 0 
12 31 6 21 0 
11 27 5 20 0 
10 30 6 21 0 
12 33 8 22 0 
12 32 8 23 0 
14 32 9 24 0 
13 32 10 26 0 
12 35 11 24 0 
13 37 12 26 0 
14 35 15 24 0 
16 37 15 28 0 
18 36 18 31 0 
19 34 18 30 0 
21 36 20 28 0 
22 35 21 28 0 
25 34 21 29 0 
25 32 20 28 0 
26 32 19 26 0 
27 32 19 26 0 
29 32 19 30 0 
31 30 18 32 0 
27 31 17 31 0 
25 31 19 30 0 
26 32 17 32 0 
29 32 18 37 0 
28 35 18 37 0 
28 38 20 40 0 
33 40 21 42 0 
34 40 25 41 0 
34 39 25 45 0 
32 39 26 44 0 
29 41 28 47 0 
29 42 27 49 0 
34 44 31 51 0 
38 45 32 53 0 
35 45 32 58 0 
38 43 32 63 0 
38 50 33 68 0 
36 53 32 68 0 
34 52 31 65 0 
34 54 32 64 0 
41 56 36 66 0 
43 53 39 69 0 
40 53 38 73 0 
43 52 34 78 0 
38 57 37 83 0 
42 61 39 90 0 
42 56 35 95 4 
42 55 38 92 4 
47 62 42 96 4 
45 66 44 103 4 
49 71 44 107 4 
47 66 42 111 4 
50 73 44 121 4 
50 75 50 121 4 
53 68 53 127 4 
53 72 50 133 4 
54 75 53 139 4 
55 76 53 136 4 
58 75 54 138 4 
57 77 54 139 4 
56 79 52 142 4 
63 74 47 143 4 
62 77 45 154 4 
65 78 42 150 4 
57 79 42 154 4 
66 83 40 154 4 
69 90 41 160 4 
67 89 41 166 4 
66 96 42 156 4 
72 101 44 149 4 
75 100 50 151 4 
82 102 51 157 4 
86 100 52 160 4 
85 96 52 161 4 
80 103 48 163 4 
83 104 49 169 4 
77 106 55 163 4 
82 104 55 163 4 
75 109 58 164 4 
73 116 60 164 4 
69 117 60 162 4 
70 121 59 169 4 
68 119 56 165 4 
68 116 54 172 4 
74 115 55 163 4 
65 115 63 163 4 
59 113 64 173 4 
63 113 65 173 4 
66 107 66 176 4 
73 103 63 181 4 
71 104 62 181 4 
70 98 66 200 4 
70 97 74 203 4 
68 91 78 199 4 
77 96 83 198 4 
87 99 82 201 4 
83 98 76 205 4 
83 91 73 217 4 
90 99 74 229 4 
90 110 82 227 4 
79 106 88 226 4 
76 106 96 227 4 
74 109 99 235 4 
73 108 99 232 4 
80 109 101 235 4 
77 112 106 247 4 
79 110 107 257 4 
75 120 111 260 4 
72 117 113 268 4 
68 124 112 284 4 
72 119 112 277 4 
78 117 107 279 4 
84 121 115 291 4 
85 117 112 291 4 
81 121 112 281 4 
73 118 118 286 4 
74 118 129 289 4 
77 116 131 286 4 
80 121 139 292 4 
76 118 149 305 4 
79 107 154 304 4 
75 112 157 307 4 
76 104 158 305 4 
77 106 162 296 4 
76 105 160 297 4 
79 109 169 306 4 
76 106 182 305 4 
76 102 178 307 4 
79 106 187 314 4 
93 109 185 305 4 
89 110 189 304 4 
90 112 192 303 4 
87 113 186 316 4 
89 111 187 318 4 
91 114 199 329 4 
90 110 205 332 4 
87 109 212 331 4 
77 108 219 347 4 
81 116 218 340 4 
82 115 218 356 4 
81 114 216 362 4 
89 117 218 365 4 
87 112 227 370 4 
83 100 214 373 4 
89 103 220 373 4 
84 105 223 366 4 
83 106 227 377 4 
80 109 230 397 4 
85 105 237 396 4 
89 105 240 403 4 
91 104 239 407 4 
97 105 237 401 4 
95 107 245 398 4 
87 105 241 409 4 
81 104 260 399 4 
88 110 259 409 4 
98 117 272 419 4 
101 117 280 417 4 
98 115 276 415 4 
95 114 270 417 4 
102 119 272 425 4 
94 116 280 423 4 
100 116 279 416 4 
103 120 273 421 4 
108 119 275 418 4 
104 118 281 413 4 
107 126 290 414 4 
107 129 304 407 4 
101 137 308 412 4 
102 134 318 423 4 
103 142 327 425 4 
106 142 322 438 4 
108 142 310 445 4 
110 143 319 451 4 
116 147 321 468 4 
116 153 334 470 4 
111 151 331 482 4 
104 148 340 483 4 
107 149 334 488 4 
114 154 335 494 4 
112 154 345 498 4 
111 148 342 510 4 
114 150 351 496 4 
115 150 339 488 4 
112 159 355 470 4 
120 161 360 490 4 
124 159 370 513 4 
116 162 371 514 4 
104 154 378 518 4 
105 149 377 529 4 
103 151 373 525 4 
113 140 364 536 4 
123 132 361 531 4 
121 136 368 544 4 
117 129 368 535 4 
106 134 368 533 4 
104 138 383 534 4 
99 138 372 565 4 
102 140 376 582 4 
98 147 372 579 4 
103 146 370 562 4 
98 142 382 569 4 
101 158 384 585 4 
103 157 385 585 4 
99 156 405 589 4 
107 161 410 591 4 
116 163 425 588 4 
108 154 409 595 4 
105 155 412 602 4 
113 164 413 601 4 
112 159 425 606 4 
107 157 428 592 4 
111 155 438 593 4 
113 156 436 599 4 
111 149 433 590 4 
111 154 447 579 4 
112 159 441 600 4 
107 157 434 607 4 
107 165 439 616 4 
108 157 447 607 4 
108 160 457 604 4 
103 157 474 605 4 
104 151 478 598 4 
107 157 482 618 4 
106 159 476 599 4 
108 166 481 598 4 
108 175 498 609 4 
101 174 494 616 4 
101 170 492 606 4 
97 176 481 610 4 
100 178 496 613 4 
108 168 509 598 4 
112 169 500 611 4 
115 173 496 607 4 
112 171 485 590 4 
113 172 497 586 4 
114 168 504 595 4 
113 175 507 596 4 
110 176 516 606 4 
115 185 511 587 0 
115 200 511 595 0 
111 198 508 593 0 
102 194 521 584 0 
101 188 518 571 0 
102 191 513 561 0 
105 189 517 565 0 
104 177 517 564 0 
102 182 499 569 0 
102 186 486 577 4 
106 188 481 578 4 
106 192 457 571 4 
101 199 447 583 4 
99 187 453 597 4 
99 194 452 605 4 
98 194 459 626 4 
101 205 459 636 4 
106 200 459 626 4 
105 194 460 626 4 
113 184 453 626 4 
109 184 451 610 4 
106 186 447 604 4 
111 193 455 616 4 
123 191 456 624 4 
119 186 461 623 4 
124 191 471 616 4 
132 193 469 618 4 
124 185 471 627 4 
127 176 491 631 4 
133 174 499 627 4 
133 166 498 626 4 
124 168 504 625 4 
126 172 489 630 4 
131 170 487 641 4 
139 167 497 648 4 
136 162 501 659 4 
137 162 508 665 4 
143 152 505 674 4 
147 157 505 658 4 
142 150 504 658 4 
138 150 513 663 4 
139 149 525 657 4 
130 144 545 664 4 
121 154 540 657 4 
113 160 548 661 4 
116 148 543 658 4 
120 151 533 655 4 
118 148 530 643 4 
126 147 520 651 4 
126 151 526 659 4 
119 146 522 663 4 
118 153 516 676 4 
117 161 526 683 4 
117 162 537 664 4 
112 162 542 653 4 
114 160 565 658 4 
112 158 584 653 0 
107 157 584 641 0 
111 158 590 638 0 
112 152 584 661 0 
114 151 590 659 0 
116 147 592 673 0 
114 148 597 679 0 
118 146 589 661 0 
122 141 600 668 0 
123 129 610 667 0 
124 131 606 685 0 
124 137 579 687 4 
125 136 579 702 4 
133 136 571 694 4 
130 139 564 685 4 
127 134 576 678 4 
129 136 581 669 0 
119 127 585 676 0 
116 126 592 672 0 
105 134 590 658 0 
107 144 579 660 0 
116 146 586 662 0 
117 149 597 655 0 
116 145 593 655 0 
115 144 593 661 0 
107 138 613 658 0 
106 140 620 646 0 
103 137 585 642 0 
97 134 592 647 0 
102 130 587 657 0 
104 128 575 659 0 
101 129 590 654 0 
108 128 601 664 0 
100 125 594 659 0 
103 126 589 676 0 
109 125 594 684 0 
115 124 604 661 0 
126 118 608 665 0 
124 121 611 647 0 
128 119 606 659 0 
124 118 619 673 0 
128 120 621 669 0 
130 122 617 659 0 
132 124 630 651 0 
135 123 639 649 0 
131 124 642 657 0 
138 133 622 655 0 
141 134 619 667 0 
145 126 632 656 0 
145 127 623 656 0 
144 127 632 657 0 
153 125 632 642 0 
157 121 640 648 0 
166 119 634 653 0 
168 127 628 645 0 
163 122 612 647 0 
168 115 616 647 0 
163 116 606 666 0 
171 108 612 674 0 
177 113 610 693 0 
183 117 589 695 4 
178 117 569 686 4 
175 119 558 670 4 
169 119 570 673 4 
166 121 571 680 4 
164 118 593 674 0 
166 122 576 654 0 
176 123 586 653 0 
181 128 585 657 0 
173 135 593 656 0 
175 138 590 656 0 
171 141 604 643 0 
175 142 597 632 0 
172 149 606 651 0 
172 156 615 645 0 
167 165 604 639 0 
178 164 596 642 0 
170 163 593 649 0 
178 153 599 655 0 
179 151 602 663 0 
173 149 599 664 0 
173 155 597 662 0 
168 146 610 639 0 
162 153 612 649 0 
157 151 619 644 0 
154 142 602 639 0 
155 146 585 639 0 
152 139 584 641 0 
143 145 588 649 0 
145 141 592 644 0 
148 150 600 649 0 
143 154 579 651 0 
136 158 567 659 4 
141 163 567 639 0 
144 162 571 657 0 
142 167 582 655 0 
141 158 594 679 0 
139 154 596 677 0 
137 163 596 669 0 
146 159 596 666 0 
142 164 602 674 0 
145 162 601 677 0 
143 163 603 671 0 
132 159 608 666 0 
131 158 619 650 0 
129 150 607 658 0 
133 153 607 647 0 
133 159 589 643 0 
128 152 604 628 0 
129 147 593 651 0 
131 150 597 656 0 
125 147 608 646 0 
128 149 601 644 0 
136 141 602 637 0 
130 153 585 635 0 
128 158 592 622 0 
132 158 604 611 0 
128 150 600 608 0 
132 151 596 615 0 
131 152 602 612 0 
135 151 591 598 0 
131 158 590 600 0 
124 155 585 597 0 
124 156 591 605 0 
127 154 600 593 0 
123 151 596 580 0 
126 147 602 596 0 
127 154 610 604 0 
122 146 611 593 0 
119 141 596 589 0 
129 145 606 586 0 
135 146 615 578 0 
134 147 613 585 0 
120 159 630 573 0 
121 160 637 582 0 
118 156 644 576 0 
113 159 645 569 0 
111 148 664 580 0 
108 158 665 579 0 
110 158 664 577 0 
110 153 644 574 0 
108 154 634 574 0 
108 152 645 570 0 
104 139 656 564 3 
97 128 661 562 3 
90 131 633 554 0 
89 129 629 548 0 
91 125 650 541 3 
94 134 667 543 3 
90 132 668 540 3 
87 129 663 532 3 
88 132 667 543 3 
91 132 648 550 3 
98 123 653 546 3 
100 120 658 553 3 
102 123 657 547 3 
108 123 648 553 3 
105 123 649 552 3 
103 117 647 556 3 
102 124 645 566 0 
107 124 649 565 0 
107 124 652 588 0 
101 123 649 591 0 
107 112 653 583 0 
103 107 656 579 0 
104 116 671 589 0 
110 114 647 593 0 
110 107 637 601 0 
104 104 628 579 0 
106 105 631 593 0 
111 101 636 594 0 
118 103 646 601 0 
125 107 640 605 0 
127 106 646 595 0 
122 103 636 580 0 
120 102 639 570 0 
120 102 645 572 0 
123 103 675 569 3 
127 100 682 578 3 
118 107 672 564 3 
118 103 668 574 3 
120 104 678 579 3 
111 107 672 580 3 
114 111 688 594 3 
114 109 674 605 0 
111 109 676 604 0 
115 112 665 611 0 
113 111 663 603 0 
107 119 681 600 0 
104 122 656 588 0 
106 122 652 591 0 
107 122 652 603 0 
112 117 641 618 0 
110 116 659 633 0 
109 116 663 630 0 
113 116 669 633 0 
109 119 662 624 0 
111 124 663 606 0 
104 127 666 589 0 
105 131 676 595 0 
113 128 677 591 0 
110 126 688 599 0 
111 128 683 600 0 
111 135 664 607 0 
103 132 684 599 0 
101 127 668 591 0 
108 128 682 579 3 
106 128 684 587 3 
98 127 685 581 3 
101 130 659 589 0 
96 129 646 603 0 
98 127 664 619 0 
92 122 661 611 0 
92 123 660 634 0 
86 120 656 625 0 
86 129 666 628 0 
91 122 669 622 0 
92 113 677 613 0 
88 116 667 598 0 
89 111 676 607 0 
92 110 662 621 0 
89 108 681 624 0 
92 113 675 614 0 
82 115 692 596 3 
89 117 692 603 0 
87 109 701 600 3 
86 112 699 606 0 
90 108 690 606 0 
89 101 690 615 0 
90 101 683 621 0 
89 102 683 637 0 
90 103 693 641 0 
92 99 670 649 0 
89 102 671 655 0 
88 100 666 661 0 
89 93 668 669 0 
89 99 683 656 0 
83 101 672 634 0 
78 92 687 640 0 
76 93 695 631 0 
80 96 705 638 0 
87 96 706 626 0 
85 93 698 618 0 
90 101 706 615 0 
86 102 711 613 3 
85 101 722 627 3 
84 96 727 622 3 
82 94 736 633 3 
90 93 738 635 3 
90 91 741 637 3 
89 86 749 642 3 
84 82 750 645 3 
83 84 759 633 3 
83 94 760 622 3 
80 96 778 618 3 
79 96 783 593 3 
78 95 775 594 3 
78 94 782 594 3 
82 94 777 598 3 
83 96 782 600 3 
83 95 799 613 3 
83 97 787 617 3 
80 91 785 629 3 
81 95 782 621 3 
77 99 784 634 3 
78 97 800 647 3 
73 89 783 629 3 
72 84 800 634 3 
68 91 777 648 3 
69 96 763 634 3 
68 96 788 624 3 
61 95 791 635 3 
59 96 778 637 3 
62 97 771 625 3 
60 101 751 628 3 
61 96 753 646 3 
56 90 746 656 0 
62 91 732 647 0 
61 96 736 640 3 
64 93 743 640 3 
68 92 736 641 0 
69 88 744 659 0 
75 89 735 674 0 
73 81 723 664 0 
72 74 739 653 0 
76 80 726 629 3 
71 78 727 646 0 
79 77 735 642 0 
76 78 733 633 3 
72 74 746 631 3 
77 72 762 635 3 
73 82 778 646 3 
75 83 779 661 3 
73 84 786 657 3 
76 86 788 638 3 
76 87 787 662 3 
77 90 770 673 0 
80 88 758 669 0 
76 86 762 670 0 
79 84 732 658 0 
85 85 740 653 0 
83 87 747 650 3 
79 83 750 642 3 
78 83 753 639 3 
72 79 724 630 0 
68 84 731 622 3 
68 77 741 633 3 
67 80 725 647 0 
73 78 730 654 0 
71 80 736 652 0 
73 86 741 667 0 
76 86 746 656 0 
76 83 750 680 0 
75 77 751 694 0 
74 78 770 681 0 
73 78 774 679 0 
76 77 759 689 0 
75 71 753 677 0 
77 72 765 676 0 
82 72 771 657 3 
80 69 782 658 3 
83 70 780 667 3 
80 69 775 657 3 
75 67 783 658 3 
75 67 787 654 3 
74 77 788 647 3 
73 78 767 666 3 
74 83 756 659 3 
79 84 751 646 3 
82 82 777 658 3 
85 78 782 670 3 
82 81 777 661 3 
90 84 766 650 3 
90 85 776 645 3 
97 88 771 645 3 
94 96 777 642 3 
92 97 786 627 3 
91 91 774 629 3 
98 92 792 649 3 
103 93 792 656 3 
101 95 772 649 3 
106 101 757 644 3 
109 98 755 642 3 
113 98 774 627 3 
115 89 762 622 3 
115 91 789 628 3 
111 84 787 642 3 
111 85 793 642 3 
112 86 782 637 3 
104 89 782 640 3 
105 95 777 636 3 
101 91 773 644 3 
107 94 759 644 3 
110 94 762 653 3 
107 93 764 671 0 
106 96 777 655 3 
105 92 784 647 3 
102 90 786 643 3 
105 91 789 646 3 
98 83 780 655 3 
93 83 779 665 3 
92 80 802 659 3 
89 78 789 659 3 
84 78 807 653 3 
85 75 806 654 3 
83 78 818 653 3 
84 71 823 659 3 
82 72 823 678 3 
76 68 802 690 3 
72 64 795 694 3 
68 55 799 671 3 
64 57 796 696 3 
63 58 783 708 0 
61 59 768 708 0 
64 56 769 710 0 
61 53 777 704 0 
58 59 785 708 0 
61 54 800 696 3 
61 47 801 682 3 
61 44 778 693 0 
65 44 771 685 0 
61 45 763 671 0 
61 46 757 685 0 
59 39 743 678 0 
57 36 754 684 0 
58 37 755 687 0 
57 44 768 684 0 
54 46 774 692 0 
52 42 763 700 0 
54 41 765 707 0 
58 42 768 708 0 
54 43 778 718 0 
53 42 765 718 0 
57 47 776 710 0 
62 49 765 714 0 
66 53 764 728 0 
69 57 767 712 0 
72 55 744 696 0 
73 55 743 702 0 
71 55 745 700 0 
77 56 740 694 0 
80 54 751 674 0 
74 56 738 691 0 
65 58 748 693 0 
65 56 729 713 0 
56 60 717 717 0 
53 58 725 720 0 
56 58 737 724 0 
55 57 734 698 0 
57 59 716 689 0 
55 63 736 674 0 
63 64 726 665 0 
66 65 735 661 0 
72 69 724 652 0 
76 71 731 656 0 
76 67 726 664 0 
81 69 735 654 0 
78 76 729 631 3 
81 74 738 630 3 
84 67 718 628 0 
87 71 719 630 0 
86 70 737 641 3 
86 74 742 644 3 
88 83 754 653 3 
85 80 754 650 3 
86 78 765 634 3 
78 76 767 654 3 
82 80 765 660 3 
76 78 773 666 3 
72 78 757 668 0 
73 78 771 643 3 
71 79 778 648 3 
77 86 798 657 3 
69 84 811 661 3 
64 76 808 656 3 
59 84 809 634 3 
58 78 813 635 3 
64 77 816 632 3 
62 74 821 650 3 
66 73 814 655 3 
62 68 799 637 3 
64 66 800 623 3 
65 67 815 622 3 
54 67 815 606 3 
46 64 830 604 3 
45 68 829 605 3 
45 67 830 621 3 
41 69 834 626 3 
39 75 830 628 3 
40 79 835 632 3 
39 81 834 619 3 
39 76 868 615 3 
38 73 861 614 3 
37 77 881 588 3 
44 74 884 589 3 
40 81 887 582 3 
40 75 863 592 3 
43 78 860 596 3 
43 79 858 596 3 
45 83 837 610 3 
46 81 834 609 3 
46 77 844 619 3 
46 80 833 627 3 
49 81 838 605 3 
51 81 841 622 3 
49 85 861 616 3 
47 85 845 603 3 
50 85 848 611 3 
47 91 844 606 3 
48 84 861 605 3 
50 89 849 605 3 
55 96 848 587 3 
53 92 836 591 3 
49 91 859 592 3 
48 102 865 584 3 
46 102 876 582 3 
41 102 881 570 3 
35 98 885 573 3 
37 102 888 584 3 
36 108 888 574 3 
38 109 881 562 3 
37 110 866 560 3 
39 114 869 567 3 
39 105 872 590 3 
37 110 875 571 3 
40 105 884 576 3 
40 98 865 584 3 
41 96 870 585 3 
41 99 854 583 3 
39 102 844 583 3 
43 105 845 602 3 
47 106 832 595 3 
47 112 819 607 3 
47 112 816 601 3 
46 103 815 600 3 
49 101 796 571 3 
49 94 790 573 3 
49 94 791 569 3 
52 89 787 570 3 
50 90 795 561 3 
50 89 817 569 3 
48 87 818 581 3 
49 84 833 591 3 
45 85 829 602 3 
43 79 817 596 3 
45 81 802 577 3 
44 79 791 583 3 
44 81 805 615 3 
45 82 802 606 3 
46 89 812 615 3 
50 87 806 631 3 
50 91 797 621 3 
48 87 815 622 3 
48 86 810 621 3 
49 90 820 634 3 
48 89 820 620 3 
51 86 813 624 3 
53 86 818 644 3 
53 82 820 636 3 
51 81 817 641 3 
53 79 828 632 3 
60 75 824 650 3 
54 76 821 625 3 
53 81 830 627 3 
56 85 838 619 3 
53 87 835 623 3 
54 89 839 618 3 
59 87 840 623 3 
60 86 830 643 3 
56 85 822 651 3 
58 85 821 649 3 
56 84 805 628 3 
60 83 813 620 3 
54 81 832 617 3 
56 86 845 634 3 
55 85 858 627 3 
59 87 856 622 3 
61 85 869 631 3 
56 84 870 628 3 
56 89 863 621 3 
55 86 849 621 3 
59 84 843 633 3 
58 85 854 624 3 
58 84 843 639 3 
56 77 806 631 3 
62 74 807 648 3 
60 74 829 649 3 
57 69 829 647 3 
62 72 855 655 3 
65 70 845 658 3 
70 74 851 642 3 
68 78 850 647 3 
65 80 852 632 3 
60 78 848 638 3 
59 84 831 638 3 
63 83 815 635 3 
68 79 816 633 3 
71 83 811 619 3 
68 86 822 598 3 
74 82 813 586 3 
75 82 797 607 3 
73 88 809 596 3 
80 92 807 602 3 
79 94 823 594 3 
83 95 814 591 3 
92 98 827 589 3 
92 98 817 609 3 
89 102 805 613 3 
96 110 789 612 3 
94 107 804 610 3 
84 109 807 611 3 
79 104 804 595 3 
81 103 798 592 3 
77 105 807 588 3 
78 109 808 577 3 
75 110 806 569 3 
76 117 826 575 3 
75 117 833 570 3 
76 116 832 567 3 
76 120 828 564 3 
77 127 829 554 3 
79 132 808 560 3 
70 132 822 550 3 
66 127 828 562 3 
70 128 835 561 3 
69 126 837 552 3 
72 127 853 550 3 
74 128 841 552 3 
71 127 845 566 3 
72 127 852 555 3 
65 119 847 560 3 
66 115 827 574 3 
69 117 809 582 3 
67 116 799 584 3 
68 115 802 578 3 
70 120 799 579 3 
69 117 796 572 3 
72 125 811 562 3 
75 115 836 555 3 
77 107 829 542 3 
76 101 835 540 3 
78 95 812 551 3 
82 98 819 542 3 
77 102 788 548 3 
75 98 775 546 3 
79 103 780 559 3 
78 110 783 549 3 
77 104 774 546 3 
74 104 749 549 3 
73 100 773 569 3 
73 100 762 575 3 
72 97 763 574 3 
79 99 769 565 3 
79 94 765 570 3 
79 88 757 578 3 
79 85 751 572 3 
74 83 740 562 3 
72 81 737 552 3 
76 79 727 554 3 
84 78 742 535 3 
80 80 754 537 3 
82 78 753 535 3 
87 78 742 540 3 
88 78 764 544 3 
99 77 776 555 3 
98 80 794 549 3 
97 78 799 536 3 
97 80 796 535 3 
96 77 803 546 3 
102 81 804 570 3 
104 74 815 565 3 
110 75 819 562 3 
111 80 826 574 3 
106 78 832 563 3 
110 81 853 569 3 
110 82 848 563 3 
111 78 848 552 3 
107 81 822 551 3 
107 81 818 562 3 
110 85 822 577 3 
115 78 820 575 3 
115 80 830 570 3 
105 78 819 578 3 
109 77 818 561 3 
113 78 812 549 3 
107 83 819 539 3 
110 83 798 530 3 
102 82 793 530 3 
102 87 782 535 3 
110 89 773 530 3 
106 89 772 549 3 
106 91 786 554 3 
115 90 776 558 3 
112 88 769 551 3 
113 87 775 566 3 
113 84 768 562 3 
106 82 760 545 3 
103 89 766 551 3 
102 95 766 551 3 
100 93 765 541 3 
101 97 773 552 3 
102 97 771 557 3 
104 91 781 559 3 
99 81 763 549 3 
101 83 785 549 3 
101 83 798 559 3 
103 83 802 551 3 
98 82 800 552 3 
100 80 820 533 3 
