0 0 1 0 0 
0 0 1 1 0 
0 0 1 2 0 
0 0 1 4 0 
0 0 2 4 0 
0 0 3 3 0 
1 0 4 2 0 
1 0 3 3 0 
1 0 2 3 0 
1 0 3 3 0 
1 0 2 3 0 
2 0 2 5 0 
2 1 3 5 0 
2 1 3 5 0 
2 1 3 6 0 
2 1 4 8 0 
3 1 7 7 0 
2 1 9 7 0 
3 1 9 8 0 
3 2 8 10 0 
4 2 12 11 0 
4 2 14 12 0 
4 2 14 11 0 
5 3 14 12 0 
7 1 17 13 0 
6 1 18 13 0 
6 1 19 13 0 
7 1 18 13 0 
8 2 17 13 0 
12 1 17 12 0 
13 3 17 14 0 
13 4 19 13 0 
15 6 18 11 0 
17 6 18 11 0 
15 4 20 12 0 
14 6 24 10 0 
15 6 26 10 0 
15 5 23 9 0 
17 5 25 11 0 
14 4 27 13 0 
14 5 23 16 0 
13 4 23 16 0 
13 5 23 16 0 
13 5 24 15 0 
11 7 25 16 0 
9 6 26 15 0 
9 6 24 14 0 
9 6 26 17 0 
8 6 26 14 0 
9 6 33 18 0 
11 8 32 19 0 
13 7 33 19 0 
15 8 37 18 0 
13 11 32 18 0 
15 10 33 19 0 
13 9 40 20 3 
17 9 39 18 3 
15 10 41 18 3 
12 8 40 18 3 
12 8 35 17 0 
16 8 38 17 3 
15 8 40 16 3 
14 12 38 18 3 
17 14 37 19 0 
18 14 36 18 0 
20 13 40 19 3 
19 11 41 16 3 
20 11 39 18 0 
19 11 42 19 3 
20 12 38 23 0 
20 12 40 23 0 
21 15 34 25 0 
22 14 33 31 0 
20 14 34 35 0 
20 15 37 40 0 
18 15 39 39 0 
20 15 39 43 0 
19 17 40 41 0 
20 17 44 45 0 
22 17 45 44 0 
23 21 48 42 0 
24 21 48 45 0 
25 26 52 49 0 
23 27 59 50 0 
24 28 55 50 0 
23 31 53 52 0 
24 34 51 55 0 
24 33 51 55 0 
28 32 52 56 0 
26 36 53 59 0 
23 35 52 56 0 
20 37 52 60 0 
21 34 56 59 0 
20 34 54 59 0 
20 32 57 60 0 
17 30 62 63 0 
15 34 67 64 0 
15 35 71 70 0 
13 37 77 72 0 
12 43 81 74 0 
13 46 83 74 0 
14 47 80 76 0 
14 48 86 80 0 
14 47 86 82 0 
12 45 87 81 0 
11 46 89 83 0 
12 45 92 84 0 
16 46 89 87 0 
16 48 89 91 0 
17 48 88 87 0 
16 50 93 88 0 
16 49 101 93 0 
17 45 97 86 0 
15 44 100 88 0 
15 49 102 98 0 
11 45 113 100 0 
14 46 115 105 0 
13 48 115 103 0 
14 50 121 98 0 
16 50 117 104 0 
17 46 119 110 0 
15 47 116 109 0 
16 44 124 111 0 
15 42 126 115 0 
17 42 132 114 0 
20 47 134 112 0 
18 45 141 119 0 
18 48 134 110 0 
18 49 130 115 0 
19 48 132 119 0 
17 48 129 123 0 
18 52 134 123 0 
17 51 129 126 0 
16 46 134 123 0 
16 45 133 125 0 
14 46 134 136 0 
16 45 141 141 0 
14 42 141 146 0 
14 46 140 148 0 
16 47 136 144 0 
16 47 140 143 0 
16 50 152 156 0 
18 52 148 147 0 
21 53 156 158 0 
19 52 164 163 0 
19 60 162 166 0 
20 62 169 166 0 
19 68 176 167 0 
20 63 181 167 0 
19 63 183 168 0 
19 62 182 170 0 
22 70 193 169 0 
24 75 197 169 0 
24 72 199 172 0 
26 72 192 174 0 
27 77 190 173 0 
31 81 178 178 0 
35 77 178 188 0 
39 76 173 192 0 
44 78 180 187 0 
44 81 184 186 0 
42 88 191 187 0 
45 89 191 188 0 
46 90 196 195 0 
42 86 204 197 0 
42 87 212 198 0 
41 83 211 216 0 
43 76 214 212 0 
42 72 217 215 0 
41 67 212 214 0 
44 67 225 209 0 
47 70 235 228 0 
53 73 234 235 0 
55 68 236 248 0 
55 68 237 250 0 
54 71 236 261 0 
60 69 243 262 0 
54 64 245 266 0 
53 63 248 264 0 
55 60 250 255 0 
55 53 247 264 0 
57 57 253 274 0 
58 58 268 289 0 
57 62 268 299 0 
60 72 268 305 0 
59 71 271 316 0 
58 75 276 321 0 
57 72 280 320 0 
54 70 279 317 0 
55 81 279 323 0 
51 81 284 321 0 
49 79 303 322 0 
51 79 303 323 0 
53 82 309 333 0 
51 86 305 339 0 
47 86 311 349 0 
52 93 308 345 0 
51 86 319 357 0 
54 80 317 354 0 
53 78 316 351 0 
55 77 306 351 0 
50 71 319 356 0 
46 68 328 344 0 
43 70 334 339 0 
45 62 340 339 0 
48 68 333 351 0 
44 66 340 363 0 
45 67 341 360 0 
40 70 342 367 0 
39 73 353 372 0 
40 76 361 371 0 
41 84 353 360 0 
45 83 376 366 0 
47 84 373 377 0 
47 88 385 384 0 
46 87 389 387 0 
48 93 394 392 0 
54 95 387 408 0 
57 97 393 421 0 
63 96 382 412 0 
61 99 383 418 0 
66 99 368 420 0 
67 104 361 428 0 
74 98 375 418 0 
80 99 381 406 0 
77 98 378 395 0 
76 104 368 412 0 
78 107 367 421 0 
77 103 364 421 0 
72 109 370 434 0 
77 106 388 430 0 
84 108 391 449 0 
81 107 397 463 0 
79 102 384 483 4 
78 101 386 483 4 
75 105 393 476 4 
77 107 401 483 4 
80 109 404 489 4 
77 115 388 496 4 
75 114 408 491 4 
70 111 403 485 4 
72 112 407 480 0 
77 119 396 494 4 
73 117 386 498 4 
79 110 382 503 4 
83 108 378 506 4 
82 114 377 519 4 
91 115 390 517 4 
88 115 383 527 4 
91 116 378 529 4 
100 109 372 532 4 
98 112 371 539 4 
97 111 382 528 4 
93 112 385 533 4 
97 117 390 569 4 
94 116 402 570 4 
96 112 389 564 4 
91 115 399 577 4 
86 115 412 571 4 
81 111 425 578 4 
84 115 439 580 4 
81 119 443 585 4 
78 117 437 598 4 
77 114 444 596 4 
78 113 438 581 4 
79 114 433 585 4 
80 119 440 586 4 
81 127 442 596 4 
79 134 444 620 4 
82 124 456 625 4 
80 124 446 622 4 
86 129 457 628 4 
91 129 470 622 4 
91 134 477 625 4 
89 127 476 634 4 
93 129 488 630 4 
90 127 501 639 4 
88 120 491 628 4 
89 121 495 623 4 
95 119 499 605 4 
95 117 503 591 4 
101 124 497 602 4 
96 120 499 615 4 
89 126 501 629 4 
91 123 505 621 4 
88 117 508 621 4 
87 115 511 632 4 
84 111 530 644 4 
77 106 529 652 4 
77 107 545 648 4 
75 105 553 660 4 
75 112 552 662 4 
79 111 544 653 4 
82 111 550 650 4 
87 108 556 641 0 
87 109 545 637 4 
90 112 560 651 4 
89 118 554 663 4 
93 119 548 653 4 
94 117 553 661 4 
96 118 564 662 4 
98 121 557 673 4 
96 126 538 680 4 
90 130 546 679 4 
87 141 542 670 4 
90 144 529 660 4 
93 136 536 665 4 
86 133 563 654 4 
86 132 560 654 4 
91 131 572 673 4 
82 128 572 688 4 
80 133 577 676 4 
79 130 583 677 4 
85 129 590 670 0 
88 127 583 689 4 
88 122 574 700 4 
89 127 577 682 4 
92 123 605 683 0 
88 125 601 683 0 
86 125 614 692 0 
80 129 625 683 0 
83 124 615 703 0 
82 116 614 704 0 
80 118 624 711 0 
80 125 623 707 0 
78 127 635 713 0 
79 126 628 727 4 
74 118 621 731 4 
75 117 629 721 0 
76 115 643 715 0 
73 117 649 702 0 
75 119 641 699 0 
72 117 653 724 0 
74 115 639 718 0 
70 116 644 717 0 
69 115 669 699 0 
71 111 668 689 0 
75 115 675 684 0 
81 106 700 690 0 
75 110 693 688 0 
78 120 695 700 0 
75 117 688 707 0 
77 113 674 698 0 
80 112 668 718 0 
82 114 675 713 0 
77 119 662 690 0 
78 120 647 710 0 
79 114 657 724 0 
78 116 669 716 0 
81 109 663 722 0 
86 106 657 716 0 
80 110 654 725 0 
85 112 659 721 0 
87 107 650 733 0 
91 106 662 728 0 
91 100 677 739 0 
90 103 683 725 0 
87 95 674 736 0 
83 95 672 760 0 
81 92 691 746 0 
87 97 699 746 0 
80 94 692 743 0 
79 93 680 761 0 
78 91 692 769 0 
72 88 696 794 0 
74 91 702 779 0 
79 93 710 788 0 
83 87 709 767 0 
80 96 709 760 0 
85 96 697 742 0 
86 95 703 736 0 
90 97 710 724 0 
96 101 722 725 0 
92 99 718 713 0 
89 101 714 710 0 
94 106 690 702 0 
90 105 679 680 0 
93 98 676 685 0 
91 102 681 680 0 
95 108 698 693 0 
94 107 700 695 0 
98 102 684 696 0 
98 101 682 698 0 
99 105 686 700 0 
100 104 714 703 0 
95 104 712 705 0 
90 101 700 712 0 
89 100 705 714 0 
88 104 703 714 0 
95 114 708 704 0 
91 113 714 695 0 
88 116 702 708 0 
79 118 699 706 0 
77 107 712 687 0 
78 109 721 684 0 
77 111 727 699 0 
74 113 721 696 0 
77 112 708 689 0 
73 112 723 698 0 
74 114 716 687 0 
74 107 715 702 0 
73 105 714 674 0 
80 108 730 673 0 
82 111 740 676 0 
86 111 729 672 0 
89 104 725 682 0 
78 105 727 668 0 
80 108 729 683 0 
77 111 728 684 0 
75 106 730 690 0 
76 115 725 700 0 
73 115 746 697 0 
69 119 739 703 0 
64 120 748 700 0 
58 115 753 703 0 
61 117 755 701 0 
62 115 779 681 0 
65 116 762 670 0 
67 118 762 669 0 
61 119 769 679 0 
58 126 772 652 3 
58 128 770 652 3 
55 120 776 652 3 
55 121 790 648 3 
56 127 782 652 3 
61 131 795 654 3 
62 126 763 653 3 
63 128 748 640 3 
69 130 728 648 0 
64 132 737 652 0 
61 129 724 659 0 
62 138 719 655 0 
59 134 729 661 0 
58 136 715 668 0 
59 136 705 652 0 
57 139 704 656 0 
48 137 729 676 0 
53 133 755 657 3 
43 129 745 664 0 
41 132 733 665 0 
39 124 747 669 0 
41 118 750 662 0 
40 119 759 650 3 
40 112 772 654 3 
35 110 773 643 3 
40 113 769 646 3 
47 114 761 636 3 
44 115 766 642 3 
42 113 747 650 3 
42 118 758 654 3 
39 121 753 646 3 
40 112 740 648 0 
37 114 736 658 0 
38 113 746 664 0 
40 112 730 677 0 
41 108 741 668 0 
38 106 748 663 0 
37 113 750 657 0 
38 105 754 654 3 
38 111 726 653 0 
36 113 722 634 0 
34 118 737 638 3 
33 119 723 628 3 
32 120 726 625 3 
33 116 752 613 3 
41 111 754 615 3 
46 107 753 626 3 
46 100 745 638 3 
42 98 753 626 3 
41 97 747 635 3 
43 105 750 622 3 
35 109 743 631 3 
37 115 741 646 0 
35 112 769 638 3 
33 105 787 635 3 
31 106 764 635 3 
31 109 773 639 3 
31 113 785 630 3 
33 126 771 630 3 
32 127 773 625 3 
29 120 779 624 3 
31 127 782 619 3 
32 131 760 624 3 
35 130 763 624 3 
38 130 744 622 3 
32 125 734 619 3 
36 118 748 630 3 
41 115 745 618 3 
39 114 763 623 3 
38 115 770 610 3 
43 115 779 604 3 
47 118 787 615 3 
51 114 789 603 3 
55 110 804 608 3 
59 106 803 598 3 
58 103 809 583 3 
59 102 808 583 3 
59 97 803 596 3 
54 97 807 590 3 
57 101 808 594 3 
59 99 834 597 3 
69 94 831 608 3 
66 98 816 623 3 
61 105 817 608 3 
60 105 823 595 3 
63 103 815 616 3 
68 98 827 605 3 
72 99 827 626 3 
71 97 824 622 3 
65 97 840 639 3 
64 97 830 641 3 
61 96 840 644 3 
62 93 827 641 3 
60 93 817 637 3 
63 94 810 635 3 
61 99 819 622 3 
58 87 830 641 3 
53 91 837 642 3 
52 94 825 636 3 
48 92 813 645 3 
55 91 816 640 3 
54 91 818 629 3 
55 95 810 623 3 
56 90 804 619 3 
53 95 812 604 3 
61 101 819 606 3 
63 104 812 609 3 
65 107 801 590 3 
61 116 805 573 3 
61 110 810 563 3 
64 108 794 562 3 
60 112 794 563 3 
60 108 791 573 3 
62 106 796 576 3 
61 117 794 568 3 
58 119 794 540 3 
58 115 797 533 3 
59 111 806 544 3 
64 116 810 548 3 
63 114 834 547 3 
63 120 832 535 3 
65 128 824 529 3 
63 129 816 531 3 
66 126 824 540 3 
65 130 824 543 3 
66 132 814 532 3 
64 130 800 526 3 
63 128 803 547 3 
65 127 796 514 3 
72 137 792 511 3 
69 135 771 516 3 
63 129 777 539 3 
62 127 781 543 3 
61 129 788 522 3 
59 134 782 524 3 
54 128 776 529 3 
59 130 766 525 3 
58 128 779 497 3 
61 132 784 509 3 
65 135 786 515 3 
61 129 801 512 3 
59 123 801 516 3 
56 123 765 532 3 
55 124 751 543 3 
60 121 755 538 3 
58 122 758 522 3 
58 118 766 528 3 
58 112 755 527 3 
67 115 776 529 3 
69 114 750 518 3 
63 113 752 526 3 
61 114 780 529 3 
54 107 775 525 3 
59 103 786 526 3 
62 103 794 534 3 
58 103 782 536 3 
58 102 790 534 3 
59 103 784 537 3 
68 97 787 531 3 
72 93 786 534 3 
76 93 806 525 3 
71 93 818 514 3 
71 92 841 529 3 
72 88 838 520 3 
69 87 861 516 3 
71 93 851 514 3 
78 96 840 503 3 
81 93 872 499 3 
77 88 878 502 3 
78 90 861 500 3 
82 83 852 505 3 
82 82 832 505 3 
86 81 843 514 3 
87 79 841 503 3 
81 78 848 503 3 
84 78 833 515 3 
85 70 852 520 3 
88 75 823 516 3 
86 71 837 521 3 
83 73 840 511 3 
87 73 855 504 3 
93 79 858 504 3 
91 77 854 510 3 
94 76 884 519 3 
91 76 903 532 3 
86 73 897 547 3 
83 74 910 541 3 
88 72 900 541 3 
89 66 879 545 3 
89 63 878 546 3 
93 61 869 554 3 
96 61 895 552 3 
97 62 884 546 3 
103 64 901 547 3 
103 71 882 550 3 
98 68 878 552 3 
97 59 899 561 3 
99 52 887 573 3 
103 49 885 561 3 
104 50 869 559 3 
100 52 875 562 3 
104 55 871 551 3 
105 57 882 535 3 
103 60 896 535 3 
102 62 915 534 3 
99 56 917 530 3 
102 56 910 524 3 
103 59 897 523 3 
102 59 889 517 3 
111 57 888 508 3 
111 57 873 511 3 
106 57 864 497 3 
109 59 852 487 3 
114 62 860 498 3 
106 61 863 507 3 
112 66 864 519 3 
116 64 842 509 3 
109 59 836 509 3 
108 55 842 512 3 
118 55 844 512 3 
109 55 847 519 3 
121 51 858 520 3 
118 50 875 529 3 
115 55 876 525 3 
109 54 883 532 3 
118 50 891 532 3 
117 51 901 524 3 
116 48 892 521 3 
119 48 895 506 3 
112 50 919 499 3 
107 48 918 495 3 
112 46 923 484 3 
116 44 914 488 3 
111 40 932 487 3 
104 46 933 493 3 
103 46 938 491 3 
108 48 938 499 3 
112 46 933 506 3 
110 48 953 508 3 
108 47 952 518 3 
103 46 949 529 3 
108 47 937 509 3 
107 46 928 523 3 
107 44 935 530 3 
102 46 922 546 3 
104 51 937 553 3 
106 54 941 561 3 
104 49 935 551 3 
106 48 917 556 3 
109 44 946 561 3 
112 43 922 553 3 
116 40 902 540 3 
115 36 921 550 3 
112 39 906 555 3 
104 44 896 554 3 
105 43 898 542 3 
101 45 918 543 3 
98 48 904 552 3 
97 47 886 559 3 
101 42 884 571 3 
100 39 882 555 3 
108 36 901 553 3 
105 36 896 554 3 
107 37 904 553 3 
109 38 910 551 3 
106 36 903 549 3 
98 31 923 544 3 
97 35 906 536 3 
91 34 883 541 3 
88 37 873 513 3 
90 36 874 509 3 
90 35 889 519 3 
98 34 906 524 3 
99 33 898 533 3 
95 35 889 535 3 
100 39 875 538 3 
96 39 851 541 3 
96 37 857 541 3 
96 32 869 539 3 
101 32 871 540 3 
100 29 873 550 3 
101 30 884 562 3 
99 29 910 542 3 
97 29 917 537 3 
96 28 926 540 3 
90 26 932 549 3 
83 26 924 538 3 
80 27 907 531 3 
79 29 912 508 3 
77 26 909 506 3 
72 28 917 505 3 
69 34 911 506 3 
67 33 886 503 3 
70 34 890 501 3 
75 33 902 497 3 
75 37 886 487 3 
73 37 909 497 3 
79 40 885 504 3 
75 40 921 493 3 
74 41 925 505 3 
77 36 929 497 3 
81 36 933 502 3 
80 35 936 506 3 
80 34 940 497 3 
77 34 937 507 3 
73 36 933 504 3 
74 37 957 500 3 
76 42 968 505 3 
75 45 983 498 3 
73 44 965 486 3 
74 44 940 474 3 
70 51 909 457 3 
67 49 944 461 3 
63 45 941 467 3 
66 49 932 463 3 
62 51 922 470 3 
63 58 919 471 3 
68 59 926 470 3 
67 56 920 478 3 
67 62 925 475 3 
67 68 931 483 3 
66 69 940 487 3 
70 70 937 497 3 
76 72 923 502 3 
80 76 925 518 3 
76 78 935 507 3 
77 78 934 531 3 
76 78 935 518 3 
78 82 916 528 3 
82 83 935 529 3 
78 85 947 519 3 
75 87 945 514 3 
79 90 911 506 3 
78 91 904 502 3 
79 87 924 494 3 
88 90 936 509 3 
87 87 920 504 3 
93 94 906 484 3 
90 97 919 471 3 
86 93 921 468 3 
84 98 928 472 3 
85 100 909 459 3 
86 97 908 449 3 
85 95 932 452 3 
87 106 910 441 3 
89 107 898 441 3 
89 109 908 457 3 
81 114 905 441 3 
80 114 888 438 3 
78 117 896 432 3 
74 117 883 433 3 
77 121 882 420 3 
73 121 889 427 3 
72 114 896 417 3 
70 105 910 417 3 
75 105 901 426 3 
68 108 917 417 3 
69 99 925 412 3 
72 101 916 411 3 
67 95 914 427 3 
73 94 904 432 3 
75 94 911 441 3 
72 87 923 441 3 
71 91 944 442 3 
80 92 945 438 3 
81 90 943 428 3 
86 85 944 431 3 
84 88 934 434 3 
85 84 937 445 3 
87 81 948 427 3 
87 71 958 428 3 
86 75 976 432 3 
94 77 983 419 3 
91 72 969 426 3 
89 68 950 428 3 
93 67 953 438 3 
97 66 966 427 3 
104 64 938 439 3 
95 64 930 455 3 
90 64 930 427 3 
90 68 920 430 3 
84 63 926 439 3 
84 55 957 426 3 
87 61 955 430 3 
93 63 966 428 3 
92 64 947 426 3 
93 66 952 429 3 
96 66 956 441 3 
93 63 966 428 3 
92 62 978 425 3 
94 57 965 425 3 
92 58 938 439 3 
95 54 906 438 3 
94 53 914 441 3 
98 54 925 450 3 
96 50 943 444 3 
94 53 948 446 3 
96 53 917 422 3 
101 56 905 420 3 
103 55 910 427 3 
103 52 921 430 3 
102 54 930 417 3 
106 50 934 414 3 
114 49 955 415 3 
120 53 933 418 3 
119 51 940 430 3 
113 52 958 445 3 
114 52 968 436 3 
120 57 951 438 3 
123 56 949 434 3 
123 54 940 424 3 
116 56 945 422 3 
117 59 950 426 3 
118 58 948 436 3 
118 53 970 439 3 
109 55 985 450 3 
113 57 988 439 3 
110 59 975 449 3 
113 63 980 437 3 
112 65 968 430 3 
111 66 968 419 3 
109 73 947 420 3 
107 77 971 412 3 
104 79 981 407 3 
103 75 981 412 3 
106 73 969 415 3 
109 82 987 420 3 
105 83 995 415 3 
103 84 980 411 3 
102 86 977 402 3 
104 86 990 393 3 
102 85 980 376 3 
99 84 976 369 3 
104 88 967 370 3 
105 88 971 372 3 
102 92 994 375 3 
102 90 996 377 3 
100 96 984 376 3 
101 94 983 385 3 
109 92 994 400 3 
104 92 985 398 3 
109 88 984 396 3 
110 88 990 384 3 
110 90 994 384 3 
109 87 981 382 3 
105 85 961 400 3 
104 85 956 396 3 
108 86 944 396 3 
104 84 971 384 3 
109 85 966 384 3 
108 83 949 386 3 
110 85 941 381 3 
107 82 929 394 3 
106 80 915 393 3 
111 69 901 408 3 
106 68 911 412 3 
108 71 925 401 3 
105 75 918 405 3 
103 75 928 397 3 
107 72 922 386 3 
110 72 932 382 3 
115 67 938 376 3 
120 64 922 366 3 
119 67 912 378 3 
126 66 923 372 3 
131 68 907 387 3 
135 65 912 390 3 
140 63 913 388 3 
146 65 921 401 3 
151 68 901 391 3 
150 70 881 394 3 
156 66 885 391 3 
151 65 904 383 3 
149 65 903 374 3 
160 61 902 382 3 
165 65 911 380 3 
160 66 921 371 3 
165 71 918 372 3 
162 73 923 364 3 
160 75 925 368 3 
172 74 915 371 3 
166 71 909 379 3 
159 73 940 380 3 
169 71 960 364 3 
159 67 973 361 3 
153 65 969 353 3 
163 66 965 355 3 
167 67 976 355 3 
170 62 981 366 3 
164 54 990 356 3 
159 58 992 352 3 
162 60 995 348 3 
158 64 980 349 3 
158 63 994 342 3 
153 57 1003 340 3 
162 60 1015 344 3 
153 65 1025 355 3 
158 57 1013 364 3 
151 59 1002 352 3 
150 59 1003 353 3 
144 59 998 335 3 
132 64 1006 341 3 
138 63 998 340 3 
138 65 992 339 3 
143 61 991 349 3 
132 60 985 352 3 
130 62 984 352 3 
135 59 965 357 3 
133 60 962 355 3 
131 60 981 347 3 
133 63 976 343 3 
113 59 959 337 3 
114 59 946 328 3 
117 58 944 323 3 
118 54 974 328 3 
111 51 937 325 3 
103 49 945 331 3 
104 52 954 336 3 
106 58 981 331 3 
103 54 973 338 3 
102 46 996 338 3 
110 45 986 358 3 
108 48 1003 355 3 
111 46 1021 364 3 
109 43 1036 359 3 
120 43 1016 360 3 
116 47 1018 360 3 
110 48 993 350 3 
111 46 1029 359 3 
117 47 1045 361 3 
110 52 1045 349 3 
118 53 1053 352 3 
120 57 1051 338 3 
121 56 1064 336 3 
122 61 1034 334 3 
121 63 1050 330 3 
115 59 1064 338 3 
117 55 1065 339 3 
122 53 1058 347 3 
123 53 1066 354 3 
121 52 1092 366 3 
128 52 1090 364 3 
127 53 1085 360 3 
124 55 1107 356 3 
125 50 1101 364 3 
126 47 1095 360 3 
127 50 1117 368 3 
126 47 1126 376 3 
125 49 1133 362 3 
126 49 1135 349 3 
123 49 1124 357 3 
120 48 1139 354 3 
128 51 1118 349 3 
128 52 1109 348 3 
124 52 1123 350 3 
127 51 1123 347 3 
128 52 1149 347 3 
130 57 1129 341 3 
127 58 1135 340 3 
128 51 1117 343 3 
115 46 1101 345 3 
119 51 1100 345 3 
125 50 1131 340 3 
125 47 1115 327 3 
123 51 1101 330 3 
121 49 1074 332 3 
121 49 1058 332 3 
121 49 1058 334 3 
129 54 1038 339 3 
130 58 1040 348 3 
124 60 1025 338 3 
129 60 1026 335 3 
117 63 1023 325 3 
115 68 1028 325 3 
122 66 1044 315 3 
121 67 1030 311 3 
119 66 1023 320 3 
125 60 1036 323 3 
123 66 1037 321 3 
123 64 1038 318 3 
