1 0 0 0 0 
1 0 0 1 0 
2 0 0 1 0 
3 0 0 2 0 
3 0 0 4 0 
3 0 1 4 0 
3 0 1 4 0 
3 0 1 5 0 
3 0 1 4 0 
4 1 0 5 0 
4 2 0 5 0 
3 3 0 6 0 
3 4 0 8 0 
3 2 0 9 0 
4 2 0 9 0 
4 2 0 9 0 
4 3 0 6 0 
5 3 0 5 0 
5 4 1 6 0 
7 6 1 5 0 
7 3 1 8 0 
7 3 0 8 0 
7 5 0 9 0 
8 6 0 10 0 
9 6 0 9 0 
11 6 0 11 0 
9 9 0 11 0 
10 10 0 11 0 
11 11 0 14 0 
12 10 0 17 0 
14 11 0 18 0 
16 12 0 19 0 
17 14 0 21 0 
15 15 0 27 0 
16 15 0 28 0 
18 14 0 28 0 
18 13 1 25 0 
16 13 1 20 0 
16 11 2 23 0 
16 11 3 24 0 
14 11 5 25 0 
14 12 7 23 0 
13 16 8 26 0 
14 14 8 28 0 
13 17 12 30 0 
13 18 12 29 0 
14 17 10 33 0 
13 18 10 35 0 
14 17 13 34 0 
14 18 13 33 0 
15 21 16 35 0 
14 21 18 33 0 
16 18 18 41 4 
17 19 18 40 4 
19 20 16 43 4 
21 23 18 42 0 
23 24 20 43 0 
22 24 26 42 0 
23 22 28 44 0 
26 24 28 47 0 
31 18 27 51 0 
30 17 28 53 0 
31 18 26 56 4 
33 15 26 52 0 
30 18 28 54 4 
32 19 30 58 4 
31 21 26 61 4 
32 20 29 57 4 
33 20 31 60 4 
34 18 33 58 0 
31 18 41 56 0 
32 19 46 59 0 
33 17 51 59 0 
33 18 53 61 0 
36 15 50 61 0 
38 18 56 66 0 
35 20 55 70 0 
41 20 62 67 0 
39 23 69 72 0 
41 24 67 76 0 
40 23 67 78 0 
40 26 67 90 0 
38 24 68 91 0 
42 23 71 90 0 
44 24 67 96 0 
42 25 59 98 4 
44 26 54 103 4 
44 22 56 95 4 
43 25 60 101 4 
39 24 56 105 4 
42 27 57 103 4 
45 25 58 98 4 
43 24 59 101 4 
42 27 64 101 4 
42 25 71 104 0 
40 22 72 112 4 
43 26 73 122 4 
43 29 70 118 4 
44 32 67 115 4 
46 36 66 112 4 
46 34 63 111 4 
48 34 77 117 4 
49 37 81 120 4 
54 39 86 117 0 
57 40 86 118 0 
59 39 91 124 0 
60 39 94 124 0 
60 40 94 131 0 
63 39 92 129 0 
67 39 91 142 4 
71 38 95 144 4 
68 38 97 149 4 
70 39 108 156 4 
71 36 104 160 4 
74 35 106 163 4 
75 36 116 172 4 
73 41 121 172 4 
76 40 127 174 4 
74 37 135 171 0 
72 38 138 171 0 
71 35 144 176 0 
69 34 151 178 0 
69 36 155 184 0 
77 41 153 188 0 
75 43 147 188 0 
78 42 146 200 4 
77 42 144 206 4 
78 43 143 211 4 
84 47 142 214 4 
87 46 151 220 4 
85 43 154 216 4 
76 40 154 222 4 
74 43 159 221 4 
72 53 158 213 4 
71 56 161 210 0 
62 59 159 218 4 
65 57 156 218 4 
67 57 155 217 4 
71 53 155 210 4 
71 49 168 210 0 
72 51 181 210 0 
75 54 181 217 0 
76 56 192 221 0 
82 58 186 214 0 
78 56 191 215 0 
83 58 195 219 0 
78 55 191 211 0 
87 60 202 212 0 
83 56 201 224 0 
86 50 203 240 0 
85 47 206 240 0 
89 50 201 234 0 
95 49 191 244 0 
96 49 192 252 4 
97 53 189 256 4 
98 51 191 252 4 
96 51 201 244 0 
101 50 202 243 0 
105 50 202 247 0 
106 56 196 258 4 
109 57 203 262 4 
101 58 209 260 0 
107 65 215 250 0 
105 66 229 263 0 
99 70 212 253 0 
99 72 205 265 4 
91 65 222 269 0 
97 68 222 275 0 
94 69 226 264 0 
91 71 231 273 0 
92 72 220 275 0 
95 66 227 285 0 
94 67 228 281 0 
102 64 229 283 0 
101 67 238 282 0 
103 70 232 283 0 
103 75 236 287 0 
101 73 244 291 0 
103 81 238 292 0 
100 88 248 288 0 
99 86 252 289 0 
101 86 260 290 0 
97 79 261 291 0 
101 86 269 280 0 
98 85 265 281 0 
95 81 275 293 0 
95 77 269 294 0 
89 79 267 300 0 
87 75 264 302 0 
82 73 270 305 0 
83 70 276 305 0 
88 67 279 312 0 
81 67 276 316 0 
90 71 274 316 0 
92 73 274 324 0 
88 76 266 334 4 
91 71 265 339 4 
86 68 260 332 4 
87 68 269 334 4 
92 70 270 349 4 
89 73 271 354 4 
87 63 281 353 4 
83 63 281 365 4 
82 58 293 362 4 
81 62 303 395 4 
83 60 310 404 4 
88 56 312 401 4 
85 51 308 396 4 
88 50 304 403 4 
89 45 312 411 4 
84 43 313 413 4 
90 44 315 410 4 
91 44 326 405 4 
95 45 334 416 4 
92 43 334 423 4 
88 40 333 417 4 
91 41 331 425 4 
90 42 338 433 4 
90 41 338 432 4 
94 40 339 439 4 
87 44 346 441 4 
87 47 354 444 4 
88 48 345 453 4 
93 50 347 440 4 
96 51 366 435 0 
99 53 370 446 4 
100 51 368 451 4 
98 50 367 446 4 
101 47 371 459 4 
109 46 371 474 4 
108 47 366 485 4 
110 51 377 476 4 
119 59 395 473 4 
127 56 407 478 0 
121 59 410 477 0 
125 57 406 488 4 
118 57 396 497 4 
120 55 398 496 4 
117 52 404 497 4 
113 46 414 489 0 
110 51 422 496 0 
107 47 428 497 0 
107 50 437 496 0 
107 49 440 516 0 
105 47 442 523 4 
107 50 441 515 0 
108 53 431 526 4 
103 51 425 530 4 
103 47 424 522 4 
105 49 435 526 4 
100 54 441 529 4 
97 56 435 551 4 
105 59 449 548 4 
104 58 455 560 4 
98 61 462 564 4 
101 65 456 583 4 
107 69 453 585 4 
103 74 457 593 4 
99 72 476 610 4 
101 66 497 600 4 
99 61 501 600 4 
100 68 487 586 4 
100 66 494 587 4 
98 67 494 612 4 
95 72 514 615 4 
97 77 509 603 4 
97 71 513 616 4 
104 78 509 622 4 
103 80 501 627 4 
102 78 495 609 4 
109 76 496 634 4 
115 73 492 628 4 
114 69 486 643 4 
112 74 508 637 4 
115 72 508 635 4 
114 74 502 618 4 
117 74 500 604 4 
119 86 513 622 4 
111 80 505 640 4 
107 75 501 644 4 
108 71 513 649 4 
108 64 518 646 4 
111 67 527 644 4 
109 67 512 644 4 
106 66 506 645 4 
104 63 507 659 4 
104 69 510 678 4 
103 67 526 674 4 
102 69 524 688 4 
100 70 528 689 4 
95 72 522 668 4 
92 73 522 675 4 
93 70 521 702 4 
91 67 520 727 4 
81 67 534 731 4 
80 65 535 737 4 
85 64 539 737 4 
90 68 540 749 4 
83 67 535 739 4 
81 70 531 744 4 
82 74 530 733 4 
83 77 521 734 4 
78 80 528 752 4 
79 73 528 752 4 
77 76 550 773 4 
79 76 552 789 4 
75 74 549 802 4 
70 73 555 780 4 
76 78 554 777 4 
77 77 569 781 4 
69 82 568 773 4 
64 88 571 750 4 
61 85 568 785 4 
67 82 573 791 4 
69 81 577 801 4 
64 80 579 809 4 
71 77 593 807 4 
71 78 589 817 4 
72 80 598 821 4 
76 81 592 842 4 
72 78 598 852 4 
77 80 591 857 4 
80 80 585 872 4 
78 78 561 885 4 
85 78 572 875 4 
86 87 576 881 4 
85 90 556 872 4 
87 86 553 890 4 
89 91 561 896 4 
81 90 565 934 4 
78 87 567 921 4 
73 86 551 920 4 
71 90 543 898 4 
67 84 562 908 4 
69 82 570 921 4 
67 80 569 913 4 
68 87 573 914 4 
65 87 562 900 4 
61 81 554 913 4 
60 79 557 914 4 
60 81 569 911 4 
63 81 588 909 4 
61 79 598 921 4 
60 81 572 928 4 
61 84 574 923 4 
52 83 578 900 4 
45 83 583 907 4 
46 87 561 915 4 
45 94 557 914 4 
45 92 555 895 4 
37 97 550 886 4 
39 100 549 871 4 
43 107 546 883 4 
46 110 564 898 4 
48 105 555 906 4 
53 106 555 910 4 
50 109 534 927 4 
48 98 535 920 4 
49 100 538 903 4 
53 102 550 899 4 
51 111 557 905 4 
51 112 551 908 4 
50 113 560 917 4 
43 110 550 930 4 
39 102 536 946 4 
40 103 537 947 4 
40 101 539 953 4 
42 104 531 932 4 
47 100 532 916 4 
55 101 547 908 4 
57 97 535 900 4 
58 96 523 925 4 
55 99 533 920 4 
54 102 529 915 4 
53 108 521 928 4 
60 102 521 923 4 
62 104 522 924 4 
62 105 521 927 4 
63 103 511 915 4 
62 105 515 917 4 
62 101 521 920 4 
64 96 515 928 4 
70 99 521 902 4 
69 89 532 902 4 
68 84 549 881 4 
68 86 556 883 4 
72 89 550 874 4 
71 91 549 864 4 
69 92 554 869 4 
64 95 571 857 4 
65 100 578 863 4 
68 97 580 871 4 
74 92 578 864 4 
74 90 573 857 4 
76 91 572 858 4 
78 85 567 848 4 
73 83 573 833 4 
71 82 567 826 4 
76 80 562 843 4 
78 79 553 846 4 
73 78 563 831 4 
70 78 578 822 4 
68 74 577 812 4 
68 76 570 826 4 
67 79 571 829 4 
63 75 566 810 4 
71 69 573 813 4 
73 66 588 807 4 
69 70 576 812 4 
70 71 575 808 4 
73 71 578 796 4 
72 68 577 800 4 
75 68 575 809 4 
75 64 579 817 4 
70 64 568 813 4 
67 67 578 808 4 
62 65 581 800 4 
60 63 570 812 4 
66 60 566 805 4 
65 64 567 787 4 
69 63 576 801 4 
73 61 579 810 4 
69 62 576 805 4 
69 60 562 837 4 
67 54 550 833 4 
70 59 543 836 4 
74 58 537 838 4 
78 56 519 837 4 
81 57 517 860 4 
83 58 525 848 4 
84 58 528 860 4 
87 62 530 860 4 
85 61 543 867 4 
80 66 539 860 4 
79 67 552 856 4 
82 56 553 871 4 
75 55 552 859 4 
77 53 559 881 4 
76 50 553 869 4 
76 47 546 864 4 
69 45 551 867 4 
58 48 537 887 4 
57 47 549 883 4 
62 47 561 861 4 
59 46 546 862 4 
63 42 560 888 4 
67 39 574 870 4 
64 39 586 884 4 
61 41 588 879 4 
60 40 590 877 4 
68 40 604 860 4 
72 43 613 856 4 
69 35 605 862 4 
69 37 610 880 4 
67 37 600 899 4 
64 46 599 890 4 
65 48 583 898 4 
65 52 576 904 4 
64 54 575 893 4 
69 51 570 890 4 
68 50 558 885 4 
65 53 565 887 4 
69 52 548 861 4 
72 54 559 871 4 
69 51 552 868 4 
68 47 557 870 4 
69 41 554 868 4 
72 42 556 857 4 
69 46 555 849 4 
74 43 559 848 4 
74 45 555 868 4 
78 38 563 873 4 
79 37 565 870 4 
79 41 554 850 4 
75 42 579 835 4 
78 44 573 857 4 
70 45 565 851 4 
68 45 552 848 4 
66 43 556 842 4 
73 37 556 861 4 
74 39 569 856 4 
83 43 587 845 4 
89 45 597 851 4 
95 45 596 852 4 
91 42 598 828 4 
92 44 592 848 4 
92 49 583 847 4 
92 52 591 843 4 
93 47 585 844 4 
92 38 577 843 4 
90 34 586 852 4 
83 35 572 866 4 
83 37 561 849 4 
91 36 580 854 4 
92 37 593 853 4 
86 42 601 857 4 
81 47 605 858 4 
83 52 614 837 4 
91 48 600 845 4 
86 46 596 868 4 
85 47 591 872 4 
90 46 592 874 4 
93 45 577 856 4 
91 42 576 861 4 
89 39 543 861 4 
93 43 551 853 4 
89 43 551 863 4 
82 40 532 851 4 
79 39 535 861 4 
80 40 520 865 4 
80 39 541 855 4 
81 40 531 859 4 
80 42 543 862 4 
76 44 549 862 4 
73 42 545 886 4 
72 46 562 878 4 
75 49 555 872 4 
82 54 571 880 4 
85 56 566 868 4 
86 55 575 877 4 
85 57 554 879 4 
81 53 568 887 4 
90 54 580 891 4 
89 55 582 908 4 
82 54 588 904 4 
83 54 596 903 4 
87 57 597 907 4 
83 59 595 885 4 
81 58 598 893 4 
81 59 610 882 4 
82 59 622 887 4 
77 61 615 901 4 
80 62 610 881 4 
81 62 598 880 4 
80 62 617 879 4 
77 59 617 859 4 
81 57 602 855 4 
87 53 598 855 4 
85 57 599 863 4 
83 53 612 869 4 
84 52 613 874 4 
83 53 624 867 4 
87 52 607 880 4 
90 49 598 888 4 
85 46 593 885 4 
83 43 583 889 4 
90 43 589 876 4 
91 45 578 875 4 
88 50 584 878 4 
95 55 573 866 4 
87 55 576 873 4 
91 54 567 882 4 
89 54 571 889 4 
89 52 563 882 4 
97 51 557 888 4 
94 54 545 879 4 
95 56 545 895 4 
97 59 538 904 4 
93 62 546 898 4 
92 57 532 919 4 
103 60 536 936 4 
102 62 549 916 4 
101 69 546 921 4 
102 74 554 894 4 
110 72 560 889 4 
106 73 536 894 4 
106 73 533 881 4 
100 68 539 898 4 
98 70 553 885 4 
98 74 565 878 4 
100 75 556 897 4 
99 76 567 898 4 
103 80 580 909 4 
103 72 555 895 4 
101 71 538 908 4 
101 74 545 924 4 
107 77 535 910 4 
108 74 521 889 4 
111 73 534 888 4 
115 79 547 895 4 
117 77 560 899 4 
114 74 555 892 4 
119 72 547 887 4 
115 73 554 884 4 
114 67 558 879 4 
119 70 554 868 4 
122 76 569 862 4 
117 75 578 863 4 
121 75 576 867 4 
128 84 580 848 4 
126 87 579 862 4 
122 83 589 834 4 
121 85 574 828 4 
126 81 562 821 4 
124 73 574 833 4 
122 72 575 832 4 
123 76 577 805 4 
123 71 593 817 4 
121 69 595 827 4 
123 63 584 834 4 
122 72 578 823 4 
120 74 583 833 4 
112 68 574 835 4 
118 65 584 850 4 
112 74 598 850 4 
111 72 606 844 4 
107 65 592 861 4 
107 59 577 855 4 
101 58 580 848 4 
103 55 598 861 4 
106 60 612 855 4 
106 56 618 874 4 
105 58 601 865 4 
102 55 612 877 4 
109 55 598 869 4 
109 55 601 871 4 
111 52 608 846 4 
113 54 622 837 4 
113 59 612 834 4 
110 56 615 814 4 
112 52 615 791 4 
119 51 621 785 4 
119 49 628 790 4 
126 51 622 785 4 
124 50 638 788 4 
121 53 655 802 4 
112 52 647 808 4 
109 53 644 800 4 
109 52 661 784 4 
106 54 648 782 4 
105 60 643 783 4 
110 60 644 789 4 
113 62 651 778 4 
117 59 653 772 4 
117 61 658 790 4 
112 64 661 817 4 
108 64 674 803 4 
103 61 664 810 4 
99 61 674 798 4 
100 71 687 793 4 
99 73 685 766 0 
105 69 701 760 0 
101 61 684 765 0 
107 66 683 751 0 
102 67 697 755 0 
97 63 711 761 0 
99 64 701 768 0 
102 66 717 760 0 
98 62 732 770 0 
104 61 719 764 0 
108 63 729 766 0 
107 63 726 772 0 
103 61 714 767 0 
103 60 692 764 0 
95 56 691 774 0 
90 53 691 798 4 
92 54 704 781 0 
102 58 694 786 0 
95 63 688 771 0 
100 67 694 766 0 
103 73 676 753 0 
107 72 651 762 4 
105 75 657 767 4 
104 70 662 773 4 
101 71 660 766 4 
93 64 672 771 4 
91 61 675 745 0 
95 58 671 726 0 
96 58 669 747 0 
93 60 679 751 0 
93 62 682 768 0 
87 63 679 756 0 
90 55 671 757 0 
91 57 655 764 4 
88 60 639 771 4 
82 59 622 771 4 
82 60 628 766 4 
78 61 634 764 4 
81 68 651 779 4 
82 62 652 753 4 
80 58 636 758 4 
78 55 642 767 4 
79 61 639 787 4 
78 62 636 784 4 
76 52 636 779 4 
74 50 641 770 4 
73 48 641 768 4 
73 49 661 779 4 
75 48 683 756 0 
77 52 678 760 0 
78 50 669 745 0 
77 53 677 765 0 
75 48 671 756 0 
73 48 660 764 4 
75 45 662 759 0 
82 41 678 763 0 
77 41 667 798 4 
73 35 668 795 4 
76 37 678 788 4 
74 37 702 767 0 
74 40 717 769 0 
67 43 732 773 0 
72 43 706 769 0 
72 44 705 791 0 
71 41 706 766 0 
76 41 698 747 0 
77 40 699 756 0 
72 48 696 754 0 
72 47 679 763 0 
71 47 682 746 0 
68 43 683 737 0 
58 44 677 740 0 
53 41 677 740 0 
57 40 684 747 0 
51 42 682 735 0 
49 48 692 731 0 
53 45 685 734 0 
56 47 678 715 0 
57 43 665 721 0 
59 45 668 715 0 
59 44 676 724 0 
57 42 682 725 0 
58 47 696 727 0 
58 45 688 726 0 
59 47 680 731 0 
59 46 672 724 0 
57 47 670 740 0 
58 51 665 744 0 
63 54 673 738 0 
67 55 680 739 0 
62 50 673 744 0 
65 50 666 748 0 
63 49 666 757 0 
60 51 651 752 4 
60 54 647 754 4 
56 50 664 750 0 
53 51 686 753 0 
53 49 703 777 0 
55 48 710 764 0 
51 49 732 749 0 
54 52 709 720 0 
57 54 728 725 0 
52 54 733 725 0 
52 56 729 732 0 
53 54 741 728 0 
52 52 738 719 0 
55 51 741 725 0 
59 48 737 712 0 
54 49 729 701 0 
59 52 735 684 0 
53 56 727 696 0 
55 60 733 691 0 
52 55 746 701 0 
56 54 752 706 0 
54 55 738 711 0 
52 57 754 700 0 
51 53 750 708 0 
47 51 740 701 0 
45 48 747 687 0 
46 47 750 685 0 
46 52 733 679 0 
42 57 731 687 0 
41 53 746 679 0 
42 47 740 705 0 
44 42 739 722 0 
43 40 728 734 0 
37 39 724 731 0 
37 41 737 730 0 
40 43 737 748 0 
40 44 742 753 0 
39 45 755 762 0 
43 49 765 733 0 
45 47 772 732 0 
46 47 779 724 0 
54 47 793 709 0 
55 48 804 698 3 
52 49 803 707 0 
43 48 806 698 3 
44 42 814 713 3 
45 36 823 720 3 
45 36 822 707 3 
41 35 828 698 3 
45 36 833 694 3 
45 37 822 681 3 
50 37 818 683 3 
52 35 795 670 3 
50 32 796 666 3 
54 33 781 664 3 
56 33 782 672 3 
56 29 772 671 3 
55 31 755 701 0 
54 29 770 697 0 
53 33 773 686 0 
51 33 787 687 3 
50 32 788 680 3 
48 31 777 692 0 
48 33 800 684 3 
49 34 819 675 3 
53 36 809 679 3 
55 36 817 683 3 
59 39 826 672 3 
59 43 814 672 3 
57 42 817 666 3 
52 37 821 667 3 
55 41 842 680 3 
55 40 838 694 3 
56 37 851 692 3 
53 42 831 687 3 
56 43 830 672 3 
58 43 831 667 3 
58 45 847 664 3 
57 43 858 666 3 
58 48 837 671 3 
55 45 836 672 3 
60 45 843 675 3 
60 46 836 659 3 
53 51 837 662 3 
50 55 803 658 3 
42 57 816 648 3 
44 53 801 644 3 
46 50 781 652 3 
47 51 776 639 3 
46 51 771 642 3 
44 47 779 661 3 
49 45 791 656 3 
47 45 792 660 3 
49 50 782 648 3 
47 53 800 625 3 
51 49 799 626 3 
52 47 805 618 3 
50 45 806 606 3 
51 48 808 609 3 
48 49 804 609 3 
53 48 794 619 3 
50 52 805 637 3 
52 47 817 638 3 
54 49 816 651 3 
54 49 799 649 3 
53 49 802 658 3 
53 51 812 668 3 
49 55 811 685 3 
52 55 807 685 3 
53 51 791 677 3 
54 48 788 677 3 
53 49 790 677 3 
53 47 773 668 3 
53 47 797 661 3 
52 55 799 660 3 
52 55 798 648 3 
51 53 800 640 3 
52 49 801 635 3 
54 53 814 630 3 
55 49 822 622 3 
53 45 812 617 3 
52 49 783 632 3 
45 52 792 641 3 
39 54 782 635 3 
39 50 792 625 3 
39 44 774 614 3 
44 40 774 623 3 
50 38 774 616 3 
50 40 794 632 3 
56 36 823 626 3 
58 38 815 646 3 
55 34 835 663 3 
57 33 828 672 3 
55 36 820 681 3 
59 38 810 670 3 
63 39 792 672 3 
61 38 786 657 3 
59 42 791 668 3 
61 42 792 657 3 
63 46 814 665 3 
64 48 814 672 3 
59 48 802 675 3 
60 50 787 694 0 
60 47 797 705 0 
56 47 779 694 0 
58 48 767 714 0 
58 51 783 704 0 
58 51 796 690 3 
64 54 800 693 3 
63 52 800 676 3 
68 53 807 661 3 
71 54 809 657 3 
72 59 799 688 3 
72 63 806 662 3 
75 62 802 660 3 
78 64 804 665 3 
79 63 802 672 3 
73 63 796 672 3 
78 61 799 674 3 
78 63 801 680 3 
79 59 783 665 3 
82 55 796 685 3 
81 56 791 683 3 
82 56 791 677 3 
79 58 794 676 3 
79 57 791 672 3 
88 50 780 688 0 
83 47 779 693 0 
86 45 782 677 3 
88 47 781 668 3 
92 45 776 674 3 
95 45 768 678 0 
91 47 754 679 0 
94 49 768 694 0 
101 46 773 708 0 
102 45 784 718 0 
103 40 762 723 0 
101 40 767 737 0 
99 36 767 746 0 
100 36 766 717 0 
101 33 765 706 0 
100 36 760 696 0 
95 35 777 698 0 
95 36 765 681 0 
100 33 769 706 0 
104 37 745 711 0 
101 40 735 696 0 
99 44 740 712 0 
92 42 739 706 0 
93 43 738 682 0 
86 46 715 686 0 
90 47 724 675 0 
87 48 726 674 0 
89 48 730 682 0 
84 44 725 691 0 
85 44 731 691 0 
75 48 712 690 0 
74 47 710 689 0 
72 43 705 682 0 
71 42 704 677 0 
69 42 709 674 0 
73 39 716 676 0 
75 44 692 695 0 
76 41 703 685 0 
78 41 701 693 0 
74 43 707 695 0 
76 42 702 693 0 
79 39 697 716 0 
77 37 681 719 0 
85 33 683 713 0 
84 36 673 700 0 
79 38 673 696 0 
80 43 674 682 0 
82 44 682 687 0 
79 42 685 679 0 
78 44 683 681 0 
76 50 696 669 0 
77 51 707 677 0 
78 54 709 684 0 
74 54 716 687 0 
71 55 709 688 0 
74 53 702 685 0 
73 56 714 698 0 
76 56 723 685 0 
80 59 723 691 0 
74 63 742 695 0 
75 55 750 676 0 
72 55 737 675 0 
70 59 734 688 0 
70 58 738 696 0 
64 58 733 699 0 
64 62 706 692 0 
62 62 692 704 0 
65 62 711 714 0 
68 65 707 723 0 
66 63 707 708 0 
66 64 731 697 0 
69 66 721 690 0 
68 64 739 695 0 
72 66 734 702 0 
70 65 725 707 0 
74 67 729 707 0 
71 65 729 724 0 
69 68 735 742 0 
67 69 743 709 0 
71 66 739 717 0 
71 64 723 726 0 
67 68 695 745 0 
69 65 701 732 0 
66 62 695 711 0 
63 63 701 715 0 
65 65 704 729 0 
68 69 717 736 0 
63 68 720 731 0 
54 66 703 730 0 
56 61 696 716 0 
54 67 711 721 0 
59 66 715 739 0 
64 66 731 716 0 
62 68 719 723 0 
58 63 710 734 0 
56 62 716 747 0 
55 65 716 735 0 
55 66 718 733 0 
57 67 708 731 0 
54 62 704 725 0 
57 57 721 731 0 
