0 0 0 0 0 
0 0 2 0 0 
0 0 3 0 0 
1 0 3 0 0 
1 0 5 1 0 
1 0 4 2 0 
2 0 5 2 0 
2 0 6 1 0 
2 0 7 2 0 
2 0 7 3 0 
3 0 8 4 0 
2 0 8 5 0 
2 0 8 5 0 
1 0 9 5 0 
1 2 10 7 0 
0 2 15 7 0 
1 2 15 8 0 
2 3 19 8 0 
2 4 19 9 0 
2 6 18 7 0 
1 6 20 6 3 
1 7 18 8 0 
2 9 20 7 0 
2 10 22 7 0 
2 10 21 6 0 
3 12 21 9 0 
3 11 19 7 0 
3 14 21 7 0 
3 14 21 6 0 
3 18 24 6 0 
3 19 26 6 0 
3 20 28 6 0 
3 20 29 6 0 
3 20 28 7 0 
3 23 32 10 0 
3 22 34 9 0 
3 22 35 9 0 
3 21 34 9 0 
4 22 37 10 0 
4 22 36 13 0 
6 26 38 14 0 
7 35 38 16 0 
6 35 38 16 0 
7 32 40 15 0 
7 34 40 15 0 
6 36 41 16 0 
7 30 43 13 0 
8 33 45 15 0 
10 33 50 19 0 
11 38 50 18 0 
14 37 52 20 0 
16 36 53 21 0 
21 34 50 22 0 
22 34 49 26 0 
22 35 53 27 0 
23 31 53 29 0 
24 29 48 29 0 
20 32 47 34 0 
21 34 51 39 0 
24 36 54 39 0 
22 38 55 37 0 
22 40 56 32 0 
20 42 62 33 0 
23 43 69 30 0 
26 43 71 32 3 
25 43 78 34 3 
28 44 81 38 3 
26 42 85 38 3 
26 46 86 39 3 
26 43 89 38 3 
25 40 100 38 3 
26 41 101 44 3 
28 37 104 45 3 
26 38 108 44 3 
26 38 101 47 3 
27 42 105 49 3 
27 37 106 52 3 
28 37 107 60 3 
29 40 109 57 3 
34 44 107 67 3 
36 43 109 70 3 
34 46 109 76 0 
40 44 110 82 0 
39 42 122 78 3 
37 40 125 78 3 
38 40 134 78 3 
36 39 142 87 3 
41 41 144 95 3 
39 39 148 104 3 
39 38 157 105 3 
39 31 162 97 3 
42 32 162 102 3 
42 32 165 99 3 
40 32 169 96 3 
40 33 170 98 3 
37 36 163 101 3 
36 32 162 102 3 
37 32 172 109 3 
39 31 178 115 3 
43 32 174 111 3 
41 31 178 121 3 
39 35 182 125 3 
41 37 183 130 3 
45 41 169 131 0 
43 38 181 142 0 
44 38 186 144 0 
46 41 196 151 0 
52 41 213 155 3 
47 41 217 159 3 
41 43 225 152 3 
39 45 241 153 3 
43 43 241 152 3 
40 42 245 150 3 
39 42 249 160 3 
38 39 274 157 3 
39 39 273 170 3 
37 38 280 173 3 
39 36 276 175 3 
36 35 279 188 3 
39 34 297 180 3 
40 33 306 179 3 
41 34 292 184 3 
41 33 300 183 3 
41 34 298 189 3 
42 33 294 199 3 
41 34 291 208 3 
43 33 298 211 3 
47 35 310 212 3 
57 35 327 212 3 
58 39 323 225 3 
61 38 335 218 3 
61 33 346 231 3 
57 34 335 238 3 
62 35 354 240 3 
62 39 356 237 3 
61 38 371 238 3 
62 37 361 243 3 
60 35 360 242 3 
58 39 357 245 3 
55 42 361 253 3 
55 41 374 262 3 
53 48 360 272 3 
53 49 362 284 3 
53 48 368 294 3 
54 52 364 303 0 
53 48 366 308 0 
52 46 370 313 0 
53 50 375 323 0 
57 56 378 332 0 
60 59 375 344 0 
66 64 369 336 0 
68 64 371 330 0 
59 64 370 338 0 
59 61 381 338 0 
61 62 393 337 0 
58 66 403 331 3 
61 61 400 339 0 
68 61 417 345 3 
70 64 410 359 0 
70 63 418 359 0 
72 69 424 354 0 
74 68 426 368 0 
77 73 432 362 0 
75 72 441 369 0 
76 69 446 388 0 
70 62 445 399 0 
72 67 460 407 0 
72 58 483 406 3 
69 59 505 413 3 
66 60 505 417 3 
75 61 497 422 0 
78 63 511 425 3 
83 59 514 435 0 
87 57 524 432 3 
79 56 527 436 3 
75 55 527 463 0 
83 56 518 453 0 
89 58 528 458 0 
96 61 539 459 0 
99 58 520 448 0 
96 57 526 460 0 
96 52 531 470 0 
98 51 532 472 0 
89 50 527 465 0 
87 54 530 468 0 
82 53 539 470 0 
88 58 543 495 0 
83 54 542 512 0 
78 53 558 509 0 
76 52 572 499 0 
71 50 574 502 0 
73 54 570 515 0 
79 56 550 521 0 
81 54 565 518 0 
87 52 581 528 0 
85 51 594 522 0 
81 51 579 512 0 
74 51 588 527 0 
67 47 589 536 0 
67 41 594 547 0 
62 49 581 565 0 
63 49 588 570 0 
64 47 586 580 0 
70 52 593 579 0 
67 46 603 572 0 
65 46 622 589 0 
64 43 623 599 0 
66 39 633 593 0 
63 39 642 599 0 
69 43 665 606 0 
64 46 663 628 0 
61 42 674 640 0 
65 45 667 647 0 
71 45 664 645 0 
70 47 667 649 0 
71 48 676 630 0 
82 55 682 631 0 
83 55 681 652 0 
84 48 672 661 0 
86 47 683 662 0 
80 48 699 683 0 
78 48 696 682 0 
76 44 673 677 0 
74 45 679 673 0 
72 41 658 674 0 
70 40 650 671 0 
67 42 641 673 0 
74 41 639 681 0 
72 45 629 690 0 
66 46 604 690 0 
74 48 604 711 4 
79 50 624 743 4 
78 53 637 728 0 
79 52 650 729 0 
79 57 673 727 0 
83 56 659 704 0 
82 54 672 705 0 
80 54 666 707 0 
76 48 668 718 0 
73 49 673 712 0 
77 50 686 704 0 
78 50 691 706 0 
78 50 674 713 0 
76 55 673 714 0 
76 57 681 697 0 
73 61 691 698 0 
74 63 693 711 0 
76 63 668 709 0 
74 64 669 694 0 
78 62 644 696 0 
81 62 664 709 0 
80 63 684 704 0 
73 62 677 702 0 
72 57 690 714 0 
72 58 701 716 0 
70 60 707 705 0 
74 65 697 697 0 
84 68 698 675 0 
84 75 694 670 0 
88 76 692 667 0 
81 75 694 671 0 
73 75 695 682 0 
74 76 673 686 0 
73 79 670 693 0 
73 79 682 693 0 
74 78 687 674 0 
70 79 723 656 0 
73 80 704 661 0 
73 79 700 656 0 
76 82 701 639 0 
79 84 710 655 0 
77 83 726 656 0 
67 82 741 678 0 
66 81 715 684 0 
72 84 722 689 0 
69 81 714 696 0 
74 81 723 685 0 
73 73 739 690 0 
70 76 741 681 0 
75 75 729 677 0 
75 69 740 680 0 
77 78 745 681 0 
76 76 725 673 0 
76 77 724 665 0 
77 78 735 662 0 
75 86 738 646 0 
73 88 744 676 0 
76 91 739 679 0 
78 90 726 679 0 
76 91 740 680 0 
72 96 743 671 0 
70 95 731 663 0 
68 84 747 658 0 
70 87 742 657 0 
71 86 737 643 0 
75 85 747 636 3 
81 85 753 650 3 
79 75 758 637 3 
77 84 764 641 3 
74 89 751 641 3 
76 97 743 654 0 
74 101 743 648 0 
74 103 724 651 0 
74 103 723 650 0 
70 97 726 670 0 
73 99 734 670 0 
77 98 726 677 0 
78 96 713 693 0 
79 86 725 697 0 
78 90 715 687 0 
83 87 710 688 0 
85 78 704 675 0 
83 80 727 674 0 
84 79 738 654 0 
77 85 732 643 0 
72 86 721 668 0 
71 91 709 670 0 
76 93 718 675 0 
84 92 717 671 0 
84 88 700 681 0 
77 85 689 672 0 
78 76 724 682 0 
79 77 744 695 0 
74 82 748 690 0 
74 81 749 683 0 
66 79 747 665 0 
66 78 756 677 0 
55 77 743 662 0 
56 80 729 658 0 
54 78 732 649 0 
51 83 752 634 3 
50 89 755 639 3 
54 94 767 643 3 
51 98 767 635 3 
47 92 773 632 3 
46 91 765 631 3 
47 91 783 636 3 
45 96 779 652 3 
45 93 772 651 3 
49 100 761 638 3 
47 101 761 634 3 
50 97 766 623 3 
51 95 760 618 3 
50 97 752 601 3 
49 90 725 603 3 
48 95 722 595 3 
54 96 716 614 3 
56 95 704 619 0 
51 95 729 632 3 
53 99 722 645 0 
50 96 719 654 0 
52 94 723 663 0 
49 92 729 673 0 
47 93 755 670 0 
49 95 752 674 0 
50 92 742 666 0 
48 91 737 662 0 
47 88 736 637 3 
45 90 732 641 0 
48 94 721 661 0 
45 95 717 639 0 
48 97 716 648 0 
53 99 728 650 0 
53 97 707 652 0 
57 99 706 657 0 
60 94 700 663 0 
64 101 673 669 0 
66 103 675 675 0 
66 101 683 677 0 
74 103 666 679 0 
74 100 655 696 0 
64 95 648 701 0 
69 87 634 695 0 
70 91 640 713 0 
71 92 637 714 0 
75 92 631 710 0 
81 90 642 718 0 
78 89 653 717 0 
74 84 660 690 0 
77 92 658 693 0 
70 94 658 696 0 
71 96 650 693 0 
66 100 651 682 0 
70 103 647 677 0 
72 96 641 665 0 
69 96 647 670 0 
72 103 659 659 0 
74 113 667 663 0 
77 111 678 661 0 
86 111 677 664 0 
83 113 679 669 0 
88 112 679 674 0 
91 112 682 686 0 
92 105 674 686 0 
90 103 680 695 0 
95 105 686 709 0 
100 114 676 688 0 
105 119 669 681 0 
102 117 657 692 0 
110 117 639 694 0 
106 119 642 693 0 
103 122 640 677 0 
106 129 643 661 0 
103 128 647 670 0 
109 127 625 659 0 
107 124 614 681 0 
111 120 625 683 0 
111 113 614 686 0 
111 110 606 686 0 
113 104 619 680 0 
111 90 621 699 0 
110 84 618 680 0 
104 81 625 680 0 
102 85 636 696 0 
108 86 653 696 0 
113 79 679 689 0 
114 77 680 718 0 
114 75 689 698 0 
109 75 688 695 0 
102 76 715 696 0 
105 81 714 687 0 
103 77 705 696 0 
95 85 699 700 0 
101 82 700 693 0 
107 85 696 690 0 
109 83 706 697 0 
106 81 698 686 0 
109 81 692 682 0 
105 84 705 698 0 
98 88 711 696 0 
96 89 713 706 0 
96 91 704 695 0 
95 99 699 681 0 
100 99 713 686 0 
101 106 714 691 0 
100 105 723 689 0 
97 107 724 678 0 
104 103 743 663 0 
101 105 757 654 3 
106 112 744 650 0 
100 103 751 644 3 
95 107 739 640 3 
95 105 747 639 3 
87 104 749 626 3 
83 103 751 619 3 
93 103 761 614 3 
89 101 750 616 3 
88 94 741 623 3 
87 96 725 617 3 
80 94 713 635 0 
78 92 707 641 0 
82 95 711 642 0 
87 93 710 626 0 
88 93 733 613 3 
83 89 745 627 3 
90 89 729 627 3 
89 92 701 628 0 
87 86 686 634 0 
88 92 678 640 0 
88 91 685 639 0 
86 89 693 637 0 
87 91 670 642 0 
85 86 656 658 0 
85 91 654 651 0 
86 91 649 676 0 
82 90 631 674 0 
84 87 640 678 0 
94 92 657 680 0 
97 90 660 667 0 
97 92 643 680 0 
90 91 631 675 0 
90 96 632 672 0 
94 94 636 651 0 
101 99 654 654 0 
104 93 668 666 0 
109 93 682 647 0 
108 101 694 653 0 
111 102 694 658 0 
100 102 686 664 0 
95 99 688 673 0 
88 105 688 671 0 
90 103 687 677 0 
88 109 696 678 0 
86 111 698 681 0 
88 108 703 669 0 
78 108 691 659 0 
80 110 706 660 0 
73 104 700 659 0 
70 99 706 637 0 
68 95 714 644 0 
63 94 697 656 0 
57 97 702 666 0 
61 102 706 683 0 
61 98 709 689 0 
64 102 718 699 0 
63 103 716 685 0 
64 101 731 700 0 
64 95 745 700 0 
60 100 742 698 0 
54 97 712 711 0 
54 98 714 699 0 
64 96 718 689 0 
60 88 713 686 0 
61 89 711 697 0 
61 91 704 698 0 
67 88 734 683 0 
65 87 730 683 0 
66 85 732 678 0 
66 80 740 678 0 
63 83 733 691 0 
64 85 733 688 0 
60 80 739 703 0 
50 81 738 698 0 
47 87 752 703 0 
46 86 742 687 0 
45 84 730 674 0 
45 81 725 669 0 
50 83 714 678 0 
54 76 718 686 0 
53 81 723 694 0 
53 79 716 699 0 
47 82 706 708 0 
50 77 693 722 0 
54 80 711 729 0 
52 85 711 734 0 
48 83 707 743 0 
44 75 709 739 0 
49 77 713 750 0 
44 70 719 748 0 
43 70 725 733 0 
46 70 726 737 0 
47 74 719 750 0 
45 73 714 751 0 
49 75 721 748 0 
50 71 716 739 0 
49 73 722 714 0 
49 68 724 732 0 
48 68 701 737 0 
51 67 721 723 0 
49 71 699 723 0 
50 64 696 723 0 
49 65 701 733 0 
47 66 708 715 0 
49 65 711 725 0 
45 66 694 716 0 
43 72 694 720 0 
44 79 696 714 0 
47 76 675 703 0 
51 81 682 707 0 
49 89 679 719 0 
53 91 700 734 0 
54 85 701 729 0 
55 86 704 725 0 
56 83 698 706 0 
60 87 694 727 0 
65 86 682 706 0 
68 82 650 711 0 
64 83 662 711 0 
62 81 660 690 0 
63 85 645 726 0 
62 89 651 738 0 
61 83 646 747 4 
57 87 639 752 4 
59 87 642 750 4 
58 83 632 760 4 
57 88 620 762 4 
57 97 621 779 4 
58 95 638 773 4 
59 92 641 772 4 
58 91 624 755 4 
60 88 605 748 4 
59 81 606 750 4 
58 85 609 741 4 
62 89 613 731 4 
70 91 603 752 4 
73 93 601 750 4 
74 94 612 752 4 
76 91 625 739 4 
78 92 624 747 4 
83 92 617 748 4 
82 91 632 743 4 
82 89 623 712 0 
83 91 627 696 0 
88 92 623 687 0 
83 91 624 701 0 
87 96 617 708 0 
81 97 604 692 0 
84 97 606 697 0 
83 96 616 696 0 
90 95 616 695 0 
95 91 621 683 0 
88 91 612 691 0 
87 84 624 687 0 
86 88 635 675 0 
86 90 637 672 0 
94 95 634 672 0 
91 91 644 673 0 
87 91 632 682 0 
84 90 645 686 0 
82 93 639 693 0 
83 96 627 698 0 
84 99 628 703 0 
85 104 638 715 0 
81 110 639 739 4 
85 110 639 722 0 
86 110 622 743 4 
97 105 640 754 4 
95 111 650 748 4 
94 115 662 731 0 
94 118 656 729 0 
94 112 656 727 0 
99 105 652 731 0 
101 102 653 746 0 
107 99 666 749 0 
105 100 665 736 0 
101 91 659 730 0 
102 92 657 721 0 
103 89 662 717 0 
107 87 650 688 0 
104 80 646 678 0 
105 82 622 683 0 
102 84 642 675 0 
103 82 631 703 0 
101 83 657 705 0 
95 79 646 715 0 
97 84 656 725 0 
94 91 643 698 0 
96 90 653 681 0 
86 90 637 687 0 
90 94 644 683 0 
90 99 651 692 0 
90 100 648 688 0 
95 101 658 685 0 
94 100 661 670 0 
90 95 658 661 0 
92 97 659 667 0 
86 101 653 664 0 
86 100 649 674 0 
83 95 653 671 0 
90 96 657 658 0 
86 95 663 669 0 
92 94 651 658 0 
91 94 641 673 0 
86 100 642 690 0 
87 102 631 695 0 
89 104 634 680 0 
84 106 643 699 0 
81 102 656 692 0 
86 105 655 690 0 
92 97 661 674 0 
90 98 650 662 0 
93 99 654 651 0 
103 95 661 655 0 
101 102 681 646 0 
102 104 672 636 0 
102 102 668 644 0 
93 105 682 641 0 
87 101 671 642 0 
88 104 661 639 0 
91 112 679 632 0 
89 112 696 638 0 
92 112 697 629 0 
91 112 710 612 3 
79 118 719 599 3 
77 120 726 598 3 
70 109 730 606 3 
77 107 747 607 3 
78 112 768 602 3 
83 114 763 590 3 
80 109 744 576 3 
74 111 761 581 3 
77 112 780 585 3 
71 113 764 583 3 
68 108 758 588 3 
73 108 761 588 3 
75 101 734 576 3 
77 98 728 571 3 
74 97 750 569 3 
70 94 758 562 3 
72 99 777 569 3 
78 100 776 589 3 
81 93 800 599 3 
82 88 778 602 3 
80 83 773 609 3 
84 79 781 608 3 
87 81 787 612 3 
86 83 762 604 3 
89 86 779 604 3 
84 89 787 596 3 
80 91 796 611 3 
78 86 789 601 3 
71 86 788 615 3 
72 88 794 626 3 
67 83 785 636 3 
69 77 771 634 3 
73 84 768 632 3 
72 80 783 639 3 
68 87 775 622 3 
66 87 783 630 3 
64 89 775 626 3 
62 91 786 618 3 
61 91 764 599 3 
59 91 774 606 3 
61 88 775 602 3 
61 81 791 612 3 
57 78 786 606 3 
58 81 800 618 3 
59 82 822 611 3 
54 76 833 635 3 
53 76 842 655 3 
54 76 855 651 3 
55 75 852 646 3 
60 73 872 635 3 
59 76 857 634 3 
57 77 883 636 3 
52 84 879 639 3 
50 80 862 639 3 
50 85 874 645 3 
50 86 880 659 3 
51 84 893 674 3 
56 78 890 644 3 
53 83 876 633 3 
53 76 894 648 3 
55 83 893 648 3 
57 87 893 641 3 
56 80 905 649 3 
58 76 901 655 3 
60 71 884 638 3 
59 73 884 630 3 
58 74 889 634 3 
60 79 886 650 3 
60 81 870 650 3 
63 80 862 665 3 
64 75 868 672 3 
67 77 863 651 3 
66 73 848 654 3 
65 73 820 655 3 
65 70 821 642 3 
65 67 817 634 3 
72 66 806 621 3 
65 62 812 623 3 
67 63 821 614 3 
69 61 816 612 3 
67 63 827 627 3 
69 64 811 626 3 
64 64 822 624 3 
67 68 821 631 3 
59 65 824 654 3 
58 67 825 662 3 
60 69 837 658 3 
55 69 841 663 3 
54 70 851 668 3 
53 67 822 659 3 
51 71 809 670 3 
47 68 815 673 3 
48 67 812 665 3 
49 69 817 654 3 
56 67 819 642 3 
52 71 840 631 3 
55 71 866 616 3 
54 73 875 627 3 
60 74 875 626 3 
59 74 863 634 3 
59 68 853 630 3 
62 72 837 635 3 
66 74 848 623 3 
71 73 855 620 3 
75 66 853 628 3 
74 65 849 619 3 
70 73 850 610 3 
71 69 859 616 3 
69 69 855 597 3 
69 67 866 606 3 
75 69 876 591 3 
73 72 878 605 3 
74 68 893 600 3 
77 74 889 603 3 
76 74 889 607 3 
73 71 879 624 3 
80 69 883 597 3 
81 66 878 582 3 
85 68 878 573 3 
84 62 878 572 3 
85 63 879 568 3 
79 63 867 570 3 
77 59 863 574 3 
79 55 877 564 3 
80 64 888 550 3 
78 66 904 541 3 
76 67 895 564 3 
75 70 898 551 3 
79 69 900 546 3 
80 69 899 549 3 
86 67 872 538 3 
83 68 876 551 3 
90 67 875 565 3 
84 77 872 574 3 
84 78 880 568 3 
89 75 879 563 3 
87 75 878 561 3 
91 74 876 539 3 
93 68 883 531 3 
89 73 868 539 3 
93 74 887 545 3 
89 72 896 531 3 
90 76 905 535 3 
85 82 916 518 3 
88 80 940 523 3 
88 80 935 508 3 
90 76 936 508 3 
89 75 944 498 3 
93 73 953 514 3 
100 76 952 509 3 
106 77 949 498 3 
99 73 962 494 3 
103 76 981 489 3 
110 80 996 473 3 
98 78 985 463 3 
97 75 993 466 3 
94 75 1000 457 3 
94 80 990 453 3 
87 71 979 444 3 
92 71 991 444 3 
89 76 1001 444 3 
95 75 1009 442 3 
96 75 991 446 3 
101 75 988 449 3 
99 72 987 457 3 
104 78 1000 457 3 
101 79 972 474 3 
99 83 963 475 3 
103 84 939 461 3 
103 81 935 455 3 
106 83 938 463 3 
108 87 929 451 3 
99 92 922 445 3 
98 95 929 449 3 
97 91 923 453 3 
100 94 936 453 3 
92 83 926 444 3 
88 81 956 448 3 
92 82 941 450 3 
87 77 940 453 3 
84 80 935 458 3 
92 75 940 460 3 
90 80 942 487 3 
89 84 937 494 3 
84 87 936 494 3 
94 79 928 503 3 
97 78 896 500 3 
90 75 887 499 3 
90 81 870 508 3 
91 77 876 506 3 
85 78 861 495 3 
85 81 837 498 3 
85 82 829 500 3 
79 76 829 494 3 
80 71 830 492 3 
79 69 855 500 3 
79 69 859 493 3 
80 71 864 491 3 
83 71 853 484 3 
86 69 852 482 3 
82 69 857 491 3 
77 73 852 500 3 
75 69 866 498 3 
78 71 864 502 3 
83 75 836 511 3 
79 75 835 519 3 
82 79 849 516 3 
85 85 843 524 3 
77 78 846 542 3 
81 77 840 537 3 
81 79 858 547 3 
79 70 878 545 3 
86 71 869 538 3 
91 75 862 529 3 
92 77 853 533 3 
97 72 844 543 3 
97 74 852 537 3 
97 73 840 536 3 
91 74 846 535 3 
93 71 862 531 3 
98 71 854 537 3 
96 74 846 523 3 
94 71 834 533 3 
92 66 858 525 3 
88 67 840 534 3 
91 78 856 523 3 
93 78 843 523 3 
92 83 861 521 3 
86 79 861 527 3 
93 77 860 527 3 
93 72 880 522 3 
88 73 867 522 3 
84 76 856 527 3 
86 76 854 523 3 
80 76 853 517 3 
82 79 851 524 3 
92 80 847 530 3 
87 76 862 527 3 
84 74 883 534 3 
88 80 898 529 3 
90 81 900 523 3 
88 81 881 512 3 
89 81 883 531 3 
93 76 890 537 3 
85 76 874 524 3 
83 76 875 504 3 
74 80 877 500 3 
75 79 854 498 3 
82 77 863 506 3 
83 71 874 526 3 
72 62 892 529 3 
74 64 886 555 3 
65 64 866 562 3 
68 69 849 573 3 
68 70 857 569 3 
65 64 854 581 3 
70 59 856 584 3 
70 61 840 572 3 
70 61 851 579 3 
78 61 852 557 3 
83 62 853 580 3 
85 66 852 568 3 
96 66 840 557 3 
94 66 854 563 3 
93 66 829 571 3 
89 69 836 579 3 
87 73 832 587 3 
89 73 827 598 3 
91 72 844 597 3 
93 74 843 594 3 
93 74 841 595 3 
89 74 830 606 3 
88 73 821 612 3 
95 71 812 606 3 
94 73 809 619 3 
97 76 783 606 3 
97 81 791 605 3 
95 81 783 611 3 
96 76 796 618 3 
95 71 787 619 3 
99 73 777 621 3 
104 68 765 606 3 
108 70 748 621 3 
100 74 746 623 3 
89 76 751 610 3 
86 75 763 615 3 
86 78 772 600 3 
91 75 776 595 3 
87 77 768 584 3 
87 75 765 583 3 
90 72 761 576 3 
91 71 739 577 3 
92 67 739 599 3 
90 68 739 601 3 
88 71 727 615 3 
97 70 723 623 3 
93 61 707 643 0 
92 60 734 653 0 
92 60 734 632 3 
96 61 720 643 0 
105 57 720 646 0 
100 53 711 640 0 
103 49 714 644 0 
103 50 719 645 0 
95 46 718 649 0 
86 47 725 648 0 
89 49 732 660 0 
94 46 746 654 0 
94 44 728 640 0 
102 46 753 640 3 
93 39 752 650 3 
98 36 747 630 3 
103 33 737 648 0 
106 32 737 647 0 
108 31 739 644 0 
107 31 734 642 0 
109 32 721 633 0 
113 32 723 637 0 
109 40 734 626 3 
104 38 728 613 3 
102 36 721 615 3 
104 38 689 608 0 
93 40 691 617 0 
88 38 704 617 0 
79 35 708 615 0 
77 35 717 624 0 
76 34 714 645 0 
85 36 724 638 0 
84 38 734 652 0 
85 37 732 642 0 
87 40 747 637 3 
81 44 762 631 3 
82 46 770 625 3 
78 49 777 642 3 
76 51 784 648 3 
77 51 794 644 3 
72 52 801 626 3 
