0 0 1 0 0 
0 0 1 0 0 
1 0 1 0 0 
2 1 1 0 0 
4 0 1 0 0 
4 0 1 1 0 
2 1 1 1 0 
2 1 3 1 0 
2 2 3 1 0 
2 4 2 2 0 
2 5 2 1 0 
2 5 1 1 0 
1 7 1 1 0 
1 7 2 0 0 
1 9 4 1 0 
2 9 5 1 0 
3 9 4 1 0 
4 8 5 2 0 
3 8 7 2 0 
4 7 7 2 0 
3 7 10 2 0 
2 10 9 4 0 
2 14 9 5 0 
1 15 9 5 0 
2 15 9 6 0 
1 14 10 8 0 
1 15 9 8 0 
1 14 12 9 0 
1 17 16 8 0 
1 16 17 9 0 
1 15 18 9 0 
2 15 17 10 0 
2 16 17 9 0 
2 15 18 9 0 
2 15 17 7 0 
2 15 21 7 0 
3 14 21 8 0 
5 11 21 7 0 
5 13 22 8 0 
4 10 22 9 0 
6 10 21 8 0 
6 12 23 9 0 
6 12 24 8 0 
5 14 27 9 0 
6 14 28 10 0 
7 14 30 7 0 
6 17 30 7 0 
6 17 36 7 3 
7 18 40 5 3 
7 18 36 6 0 
10 20 33 6 0 
10 20 33 5 0 
11 20 33 5 0 
12 17 33 6 0 
11 20 30 5 0 
13 22 33 5 0 
12 22 29 5 0 
12 19 32 3 0 
11 17 35 2 0 
14 13 35 2 3 
11 13 37 2 3 
13 14 39 5 3 
14 16 38 6 3 
15 16 42 7 3 
18 19 39 7 3 
15 20 38 8 0 
15 17 39 8 3 
14 22 42 5 0 
14 24 45 4 0 
17 26 47 4 0 
18 28 47 5 0 
15 31 47 5 0 
14 32 46 5 0 
13 32 50 6 0 
14 35 54 8 0 
14 34 55 9 0 
13 33 61 9 3 
12 30 63 10 3 
14 31 63 8 3 
13 29 63 8 3 
13 27 59 10 3 
13 26 59 14 3 
15 24 58 13 3 
18 25 60 13 3 
14 20 63 14 3 
15 21 65 14 3 
16 25 69 15 3 
15 26 75 14 3 
14 26 72 18 3 
14 30 79 21 3 
12 28 83 21 3 
12 28 86 24 3 
13 25 88 23 3 
13 25 89 26 3 
12 28 99 28 3 
12 29 94 28 3 
10 32 104 28 3 
8 32 107 28 3 
7 30 107 30 3 
4 29 116 29 3 
5 32 124 31 3 
5 32 130 32 3 
5 32 141 34 3 
4 38 149 37 3 
4 41 154 40 3 
6 46 156 41 3 
6 47 152 40 3 
6 46 151 40 3 
7 39 158 40 3 
7 36 168 43 3 
9 37 170 43 3 
8 33 179 46 3 
8 31 178 49 3 
7 32 185 52 3 
8 27 196 52 3 
9 23 205 52 3 
10 25 207 54 3 
10 25 205 53 3 
10 22 207 56 3 
12 24 226 56 3 
10 26 228 58 3 
13 26 239 59 3 
17 21 236 62 3 
17 21 238 59 3 
19 25 235 62 3 
21 23 231 68 3 
22 26 249 62 3 
21 26 254 65 3 
19 28 261 71 3 
19 26 263 72 3 
20 23 277 75 3 
18 26 281 73 3 
22 26 280 78 3 
28 27 280 81 3 
27 28 286 74 3 
26 29 294 75 3 
24 29 310 74 3 
26 30 324 73 3 
25 33 319 78 3 
25 36 327 85 3 
25 35 340 78 3 
27 38 349 86 3 
23 41 362 86 3 
25 38 359 82 3 
28 41 375 84 3 
24 41 375 94 3 
27 44 389 104 3 
28 48 405 111 3 
27 48 418 105 3 
30 49 414 102 3 
31 49 408 102 3 
37 43 415 105 3 
41 47 432 103 3 
43 48 439 103 3 
44 50 444 105 3 
40 46 440 111 3 
41 42 428 115 3 
41 40 422 125 3 
41 41 431 118 3 
44 44 441 117 3 
47 43 438 118 3 
51 39 446 118 3 
52 41 442 130 3 
54 41 429 129 3 
50 42 440 130 3 
46 45 446 130 3 
49 48 451 117 3 
51 51 464 126 3 
51 44 476 135 3 
52 49 479 152 3 
56 52 492 161 3 
57 52 480 153 3 
64 51 486 167 3 
65 50 484 176 3 
71 50 487 175 3 
79 49 468 176 3 
76 48 476 170 3 
73 44 480 173 3 
70 46 493 167 3 
70 44 499 168 3 
71 46 498 175 3 
74 44 493 169 3 
72 47 506 167 3 
79 46 502 158 3 
77 41 504 162 3 
79 41 512 160 3 
84 40 522 166 3 
91 42 516 166 3 
93 42 531 171 3 
97 42 527 169 3 
95 43 548 168 3 
89 43 549 166 3 
88 41 547 172 3 
90 45 564 179 3 
92 48 556 175 3 
89 44 570 174 3 
90 45 578 185 3 
88 42 588 173 3 
87 39 605 163 3 
96 37 610 162 3 
93 38 604 169 3 
92 36 621 174 3 
93 34 618 172 3 
100 33 632 182 3 
105 31 621 177 3 
103 34 637 188 3 
109 34 629 188 3 
100 33 616 183 3 
98 35 612 180 3 
94 29 617 180 3 
96 30 649 186 3 
101 28 651 198 3 
96 26 646 188 3 
97 26 656 194 3 
98 26 680 186 3 
106 25 705 196 3 
103 26 712 194 3 
100 28 721 184 3 
97 31 744 199 3 
92 31 738 201 3 
93 32 728 212 3 
106 36 747 198 3 
107 34 758 198 3 
111 33 751 207 3 
115 34 766 206 3 
107 32 770 198 3 
99 32 793 205 3 
109 30 813 200 3 
109 25 834 195 3 
107 25 841 206 3 
114 22 827 208 3 
109 27 833 210 3 
106 27 848 201 3 
106 29 848 205 3 
100 29 851 210 3 
95 29 829 215 3 
100 32 835 220 3 
95 29 835 218 3 
96 31 840 223 3 
99 32 850 227 3 
103 32 851 236 3 
111 25 846 244 3 
106 25 846 255 3 
107 26 844 248 3 
106 23 822 256 3 
112 24 823 253 3 
107 24 831 266 3 
112 23 812 265 3 
117 20 828 263 3 
126 20 821 267 3 
124 21 808 270 3 
127 20 801 272 3 
131 19 788 283 3 
129 20 794 290 3 
129 18 794 299 3 
129 18 809 301 3 
134 15 802 291 3 
136 15 812 296 3 
133 20 814 309 3 
125 22 822 310 3 
125 24 825 305 3 
135 26 828 305 3 
136 27 835 301 3 
136 29 833 308 3 
125 34 843 310 3 
136 33 840 314 3 
142 32 855 319 3 
138 37 848 323 3 
139 38 842 325 3 
127 34 847 324 3 
129 34 855 334 3 
125 33 860 336 3 
127 34 860 342 3 
142 30 877 350 3 
141 30 867 358 3 
143 30 852 349 3 
146 26 852 348 3 
141 29 855 366 3 
149 28 851 367 3 
150 33 852 374 3 
141 34 860 374 3 
146 39 849 376 3 
142 43 851 371 3 
139 54 866 369 3 
143 54 883 378 3 
144 55 880 371 3 
137 56 883 372 3 
139 60 895 373 3 
142 57 893 377 3 
153 47 886 377 3 
153 46 864 368 3 
154 47 885 373 3 
146 43 884 358 3 
142 43 873 357 3 
155 43 867 348 3 
153 39 844 348 3 
158 44 857 347 3 
160 44 853 355 3 
158 46 840 361 3 
153 46 857 373 3 
153 43 872 370 3 
153 44 858 373 3 
156 43 868 376 3 
165 43 889 379 3 
168 41 880 384 3 
174 39 877 390 3 
161 39 885 398 3 
165 39 888 388 3 
173 44 887 386 3 
175 49 866 390 3 
173 50 860 391 3 
184 49 864 394 3 
180 52 846 395 3 
176 55 863 407 3 
179 52 857 406 3 
187 50 835 410 3 
180 47 853 396 3 
178 44 857 381 3 
173 45 859 370 3 
175 40 844 358 3 
168 40 831 362 3 
162 39 842 375 3 
171 43 840 357 3 
177 46 860 363 3 
176 45 855 365 3 
176 51 863 353 3 
183 50 881 356 3 
188 50 879 354 3 
187 51 872 358 3 
177 55 879 356 3 
181 55 870 363 3 
189 58 862 355 3 
186 60 853 368 3 
182 64 867 368 3 
182 63 841 369 3 
176 67 842 358 3 
172 65 831 358 3 
175 64 812 356 3 
194 63 812 374 3 
201 57 805 376 3 
203 58 801 380 3 
202 55 797 370 3 
204 56 788 378 3 
207 53 791 372 3 
215 49 786 369 3 
220 50 810 362 3 
215 50 817 371 3 
212 53 827 369 3 
221 50 810 366 3 
230 49 807 366 3 
235 51 836 372 3 
225 48 837 362 3 
222 48 846 381 3 
220 49 842 386 3 
217 49 831 391 3 
219 49 813 390 3 
217 50 807 397 3 
214 49 819 391 3 
207 49 817 405 3 
201 49 816 408 3 
210 48 810 391 3 
216 51 842 386 3 
203 46 857 382 3 
203 51 869 385 3 
204 52 907 384 3 
203 54 921 379 3 
190 53 948 375 3 
189 49 954 370 3 
200 51 942 376 3 
192 46 953 375 3 
190 48 963 382 3 
187 49 964 366 3 
185 46 987 358 3 
186 47 985 346 3 
188 50 972 358 3 
180 52 973 361 3 
188 51 959 361 3 
188 52 964 373 3 
191 51 992 362 3 
192 52 1010 360 3 
191 50 997 368 3 
193 52 1000 361 3 
200 52 1002 370 3 
193 51 972 370 3 
192 53 952 374 3 
192 53 940 384 3 
198 55 934 369 3 
206 56 955 368 3 
197 61 964 364 3 
201 57 965 363 3 
200 58 954 353 3 
196 58 953 344 3 
202 58 970 348 3 
192 62 965 359 3 
190 61 967 369 3 
191 58 964 370 3 
193 55 978 370 3 
192 58 973 362 3 
187 59 959 372 3 
193 60 963 368 3 
186 60 946 363 3 
187 57 949 362 3 
188 59 946 358 3 
192 59 929 351 3 
188 59 932 357 3 
193 52 913 360 3 
180 59 894 376 3 
188 59 909 375 3 
185 58 907 356 3 
189 58 907 360 3 
190 52 903 341 3 
183 51 917 340 3 
185 54 918 337 3 
186 56 905 355 3 
178 55 910 349 3 
174 53 925 344 3 
162 49 945 338 3 
164 45 934 339 3 
176 42 955 346 3 
170 41 955 351 3 
178 43 945 344 3 
186 43 926 355 3 
179 42 941 348 3 
184 43 943 331 3 
184 43 930 337 3 
179 48 936 340 3 
183 48 938 334 3 
180 51 951 342 3 
181 57 958 350 3 
178 59 955 339 3 
172 54 961 348 3 
173 52 948 342 3 
182 47 905 335 3 
181 49 912 336 3 
172 50 916 326 3 
173 49 921 325 3 
180 51 920 325 3 
185 52 926 324 3 
184 52 918 329 3 
179 52 953 332 3 
180 48 947 326 3 
185 49 972 321 3 
194 50 991 310 3 
195 45 964 310 3 
193 41 962 309 3 
189 43 971 312 3 
193 44 990 308 3 
198 43 986 316 3 
192 42 964 313 3 
184 40 987 327 3 
183 41 998 315 3 
185 40 1039 324 3 
182 38 1046 322 3 
189 34 1045 321 3 
196 36 1037 338 3 
190 37 1019 348 3 
192 37 1018 352 3 
190 41 1022 339 3 
179 42 1020 348 3 
181 42 1037 341 3 
180 44 1012 338 3 
177 45 1020 339 3 
184 44 1001 338 3 
184 38 995 326 3 
170 37 982 334 3 
170 32 976 332 3 
165 36 988 349 3 
166 33 1005 347 3 
161 33 1004 350 3 
152 34 983 351 3 
155 34 975 352 3 
156 35 960 356 3 
159 32 949 351 3 
162 35 949 374 3 
163 37 950 377 3 
158 33 950 365 3 
164 34 966 374 3 
159 38 944 376 3 
155 37 933 364 3 
159 39 945 361 3 
156 40 935 365 3 
164 43 920 377 3 
162 33 928 376 3 
169 34 917 369 3 
174 35 933 358 3 
175 32 951 381 3 
169 32 980 389 3 
166 32 965 404 3 
168 34 994 408 3 
161 32 1003 409 3 
164 31 999 392 3 
174 31 996 385 3 
177 32 1002 390 3 
172 30 1000 391 3 
170 30 987 396 3 
171 36 970 401 3 
180 34 950 414 3 
177 30 951 431 3 
164 32 942 422 3 
158 31 949 423 3 
164 31 949 415 3 
158 32 947 412 3 
163 34 956 412 3 
163 32 946 415 3 
163 28 948 418 3 
161 33 954 420 3 
166 31 919 424 3 
166 30 915 421 3 
166 32 921 415 3 
166 32 914 423 3 
173 30 922 428 3 
173 32 922 432 3 
169 30 918 440 3 
165 32 933 438 3 
162 30 901 438 3 
156 29 928 447 3 
164 27 937 449 3 
159 30 926 440 3 
161 29 937 437 3 
155 27 937 442 3 
155 25 925 426 3 
154 27 918 426 3 
162 27 910 411 3 
170 29 880 395 3 
165 30 875 399 3 
168 29 884 398 3 
164 29 881 414 3 
164 29 879 418 3 
163 33 890 411 3 
167 34 883 419 3 
165 37 894 406 3 
156 41 896 415 3 
162 42 911 414 3 
157 44 914 426 3 
157 44 908 421 3 
160 47 906 429 3 
161 53 911 427 3 
166 53 910 434 3 
161 54 915 436 3 
156 55 920 424 3 
158 53 923 420 3 
153 55 904 423 3 
145 55 901 430 3 
157 54 915 427 3 
155 51 919 428 3 
150 58 910 414 3 
154 57 918 404 3 
157 56 915 393 3 
163 54 914 406 3 
161 59 915 423 3 
156 60 906 421 3 
159 52 902 434 3 
158 58 897 444 3 
157 55 911 436 3 
163 53 900 431 3 
156 56 911 429 3 
146 56 898 437 3 
144 61 894 427 3 
158 64 893 442 3 
154 62 906 440 3 
147 65 900 441 3 
142 72 902 447 3 
139 76 920 438 3 
138 73 940 422 3 
134 73 936 422 3 
138 75 926 420 3 
137 68 945 420 3 
132 69 928 414 3 
146 72 904 416 3 
144 73 909 418 3 
149 80 918 407 3 
151 82 942 410 3 
146 87 929 427 3 
146 83 909 416 3 
149 78 920 419 3 
153 80 919 425 3 
159 84 922 432 3 
165 83 935 431 3 
172 85 923 413 3 
170 82 916 416 3 
174 81 918 425 3 
177 84 909 423 3 
177 80 921 434 3 
180 76 931 446 3 
189 78 939 443 3 
194 82 927 447 3 
199 78 909 435 3 
188 81 916 432 3 
184 77 933 438 3 
187 81 924 438 3 
192 87 906 427 3 
196 87 916 431 3 
190 83 943 427 3 
181 86 935 417 3 
185 88 914 412 3 
183 91 897 424 3 
188 88 886 439 3 
186 88 876 420 3 
189 77 884 426 3 
192 82 887 421 3 
192 83 878 426 3 
191 78 865 426 3 
195 74 864 422 3 
202 78 878 435 3 
190 74 848 438 3 
199 73 857 427 3 
200 73 848 430 3 
204 79 881 415 3 
199 80 900 425 3 
191 80 913 421 3 
192 79 913 420 3 
195 77 921 417 3 
204 81 927 425 3 
208 78 937 421 3 
206 74 925 417 3 
211 70 948 404 3 
199 64 950 402 3 
210 62 956 388 3 
206 64 935 385 3 
193 55 930 396 3 
189 54 945 391 3 
187 59 944 381 3 
192 59 943 375 3 
196 65 947 378 3 
193 65 942 378 3 
188 66 949 377 3 
181 65 935 382 3 
182 62 924 383 3 
179 66 943 391 3 
180 67 931 393 3 
182 65 941 393 3 
174 64 950 403 3 
184 63 931 403 3 
180 67 932 409 3 
184 68 947 405 3 
171 72 923 419 3 
171 72 923 427 3 
168 74 929 426 3 
178 75 925 427 3 
185 75 927 423 3 
186 68 920 421 3 
181 65 910 416 3 
186 69 924 413 3 
174 73 925 402 3 
180 66 923 401 3 
176 77 901 402 3 
170 76 910 408 3 
171 77 907 413 3 
183 74 896 410 3 
183 75 896 412 3 
178 77 894 394 3 
180 75 906 384 3 
170 70 917 389 3 
161 66 914 381 3 
165 77 936 391 3 
165 74 952 385 3 
160 72 976 404 3 
158 76 983 409 3 
162 80 987 412 3 
150 76 960 408 3 
147 74 959 415 3 
141 77 949 422 3 
146 76 946 416 3 
147 74 945 409 3 
149 77 920 421 3 
152 74 933 419 3 
148 80 941 410 3 
151 75 938 421 3 
154 79 924 420 3 
148 71 924 416 3 
147 72 907 418 3 
143 71 921 407 3 
141 66 940 410 3 
148 58 947 408 3 
151 59 931 411 3 
147 63 912 406 3 
145 60 920 392 3 
149 54 920 395 3 
154 56 913 392 3 
149 61 907 399 3 
149 62 911 404 3 
152 62 923 420 3 
141 68 933 420 3 
143 66 933 420 3 
138 63 956 412 3 
139 67 975 412 3 
147 66 967 393 3 
149 66 977 383 3 
142 62 969 373 3 
139 58 948 368 3 
145 66 963 370 3 
136 62 969 372 3 
145 60 969 376 3 
150 62 972 374 3 
162 65 954 361 3 
172 67 945 360 3 
172 67 941 353 3 
169 60 939 358 3 
175 55 961 368 3 
176 57 953 368 3 
177 53 958 363 3 
172 51 959 345 3 
167 52 945 342 3 
170 56 949 340 3 
169 56 930 325 3 
156 56 928 319 3 
156 53 929 324 3 
155 54 926 336 3 
152 55 920 338 3 
145 52 925 330 3 
142 47 926 338 3 
148 51 939 350 3 
145 51 935 345 3 
143 52 960 333 3 
139 51 953 337 3 
146 48 964 342 3 
149 52 974 349 3 
149 51 975 339 3 
143 53 991 324 3 
138 55 994 334 3 
141 59 1010 331 3 
144 57 1025 323 3 
143 58 1021 307 3 
141 66 1012 299 3 
142 64 997 305 3 
137 65 975 301 3 
139 68 1000 297 3 
133 68 1016 299 3 
137 70 1013 294 3 
133 64 1004 301 3 
122 60 1006 313 3 
125 56 989 316 3 
119 56 1001 305 3 
119 60 1000 314 3 
117 57 999 319 3 
122 57 996 309 3 
128 57 996 319 3 
128 57 994 322 3 
122 59 996 321 3 
123 60 991 322 3 
117 61 992 326 3 
115 58 1023 329 3 
117 56 1014 326 3 
117 58 1018 335 3 
122 60 1010 343 3 
120 60 1034 332 3 
119 57 1035 327 3 
122 59 1008 327 3 
122 62 1006 334 3 
122 61 992 343 3 
120 63 985 346 3 
114 58 1012 358 3 
116 62 999 354 3 
110 62 1021 359 3 
117 61 1021 353 3 
116 55 1030 356 3 
120 58 1010 363 3 
116 57 1007 377 3 
113 64 1003 367 3 
113 67 971 356 3 
120 68 975 358 3 
117 66 998 364 3 
118 69 1010 371 3 
121 71 1020 385 3 
122 69 1036 396 3 
128 69 1029 409 3 
132 70 1022 409 3 
134 71 995 408 3 
133 74 970 396 3 
129 68 983 400 3 
130 69 989 414 3 
128 68 985 418 3 
130 70 993 421 3 
130 67 1013 417 3 
136 76 1015 423 3 
137 76 1028 430 3 
138 72 1046 420 3 
127 70 1038 411 3 
120 63 1027 396 3 
127 61 1047 400 3 
128 67 1052 404 3 
137 64 1048 397 3 
139 64 1047 382 3 
140 60 1036 373 3 
148 54 1038 379 3 
145 57 1027 367 3 
141 58 1028 365 3 
141 62 1012 372 3 
135 59 989 389 3 
127 67 999 390 3 
130 71 1001 389 3 
131 69 1012 379 3 
124 69 998 386 3 
115 69 982 389 3 
111 64 968 376 3 
108 64 976 376 3 
108 67 968 383 3 
109 70 963 383 3 
109 64 965 383 3 
111 59 975 372 3 
116 57 989 374 3 
118 56 969 365 3 
117 60 950 373 3 
116 57 981 369 3 
119 53 974 371 3 
121 54 990 369 3 
116 52 987 365 3 
110 54 962 359 3 
106 52 961 371 3 
110 52 940 373 3 
112 53 957 381 3 
107 56 963 381 3 
103 61 976 375 3 
101 66 970 374 3 
105 62 985 380 3 
106 59 991 387 3 
108 56 985 398 3 
112 54 983 395 3 
120 57 977 396 3 
122 53 959 411 3 
118 47 959 401 3 
117 41 966 405 3 
114 40 972 405 3 
118 42 970 417 3 
117 36 967 428 3 
127 34 983 427 3 
127 35 992 414 3 
125 38 955 425 3 
111 44 971 436 3 
106 47 954 437 3 
107 49 954 431 3 
109 51 949 447 3 
103 49 943 445 3 
104 51 948 448 3 
109 49 937 456 3 
112 52 934 454 3 
118 49 948 448 3 
119 48 952 431 3 
115 52 964 435 3 
116 50 960 435 3 
115 49 971 435 3 
110 53 928 421 3 
107 52 932 422 3 
106 47 950 431 3 
108 47 956 448 3 
116 48 936 439 3 
120 45 943 441 3 
121 45 948 442 3 
117 42 949 458 3 
122 45 937 453 3 
124 39 929 466 3 
122 43 930 471 3 
124 38 948 462 3 
118 36 925 471 3 
123 31 947 469 3 
123 34 931 476 3 
118 32 923 461 3 
110 29 917 467 3 
112 29 918 474 3 
120 31 904 464 3 
121 32 895 477 3 
124 29 901 476 3 
130 30 908 499 3 
120 32 899 485 3 
117 30 891 489 3 
117 32 888 499 3 
119 30 885 498 3 
117 28 869 508 3 
114 29 881 510 3 
109 29 875 521 3 
109 25 878 541 3 
109 24 886 539 3 
101 23 877 535 3 
111 22 879 538 3 
105 22 884 540 3 
109 23 895 547 3 
108 23 908 544 3 
110 24 907 555 3 
107 21 902 550 3 
108 21 916 559 3 
102 18 901 543 3 
96 18 887 539 3 
92 17 886 542 3 
90 15 902 541 3 
91 17 894 530 3 
93 16 874 539 3 
91 20 870 543 3 
95 20 895 543 3 
100 21 880 552 3 
95 20 894 562 3 
97 23 918 554 3 
98 23 948 552 3 
97 20 946 549 3 
96 21 923 555 3 
88 20 929 569 3 
95 20 925 570 3 
96 18 929 543 3 
101 19 942 534 3 
97 19 928 536 3 
89 14 908 532 3 
83 13 917 526 3 
79 15 933 528 3 
85 12 938 550 3 
80 15 942 559 3 
82 18 963 557 3 
81 20 949 553 3 
81 22 943 564 3 
81 24 921 561 3 
81 26 915 539 3 
88 29 928 548 3 
90 27 926 541 3 
86 25 909 549 3 
82 26 943 556 3 
88 24 943 562 3 
91 22 948 557 3 
90 24 942 553 3 
90 23 943 558 3 
90 21 918 557 3 
93 21 922 554 3 
95 22 920 546 3 
88 21 901 539 3 
85 19 892 542 3 
85 22 902 536 3 
77 21 896 542 3 
79 18 880 530 3 
80 18 876 533 3 
82 20 884 537 3 
80 22 897 550 3 
83 22 885 540 3 
86 21 877 545 3 
82 22 894 539 3 
80 25 894 523 3 
83 26 897 518 3 
87 23 887 517 3 
87 24 893 517 3 
88 23 930 532 3 
84 23 926 513 3 
83 22 916 520 3 
81 24 924 525 3 
77 22 900 527 3 
74 21 923 520 3 
73 23 928 522 3 
73 23 929 524 3 
80 19 908 500 3 
79 20 911 491 3 
76 21 910 497 3 
81 24 902 497 3 
81 23 902 499 3 
76 22 919 504 3 
75 25 939 504 3 
77 27 947 492 3 
84 26 952 498 3 
85 29 942 501 3 
80 29 955 503 3 
84 27 978 502 3 
87 27 974 493 3 
88 25 969 499 3 
87 24 968 484 3 
86 26 946 476 3 
87 24 972 477 3 
92 26 988 470 3 
95 29 993 469 3 
92 28 987 475 3 
93 32 983 477 3 
85 31 977 460 3 
85 34 954 475 3 
92 35 948 459 3 
101 32 939 467 3 
101 33 958 469 3 
97 35 945 462 3 
100 31 960 458 3 
97 30 959 471 3 
91 30 971 476 3 
89 29 976 476 3 
93 27 995 477 3 
93 23 984 471 3 
98 23 996 470 3 
99 24 987 467 3 
90 24 966 478 3 
96 24 947 483 3 
90 26 966 481 3 
89 30 952 468 3 
89 29 969 463 3 
80 28 972 466 3 
77 24 970 452 3 
84 23 953 459 3 
79 23 942 455 3 
76 22 945 449 3 
80 22 913 444 3 
86 22 923 441 3 
79 24 922 448 3 
80 26 906 468 3 
78 29 908 456 3 
82 27 902 454 3 
79 26 887 477 3 
83 24 903 472 3 
80 24 901 458 3 
79 23 916 463 3 
75 28 925 462 3 
72 32 954 448 3 
