27.831 
27.634 
27.068 
25.922 
24.574 
24.513 
24.51 
24.502 
24.489 
24.473 
24.46 
24.444 
24.433 
h 
23.133 
23.119 
23.096 
23.047 
22.958 
22.824 
22.588 
22.281 
23.387 
21.782 
21.59 
21.56 
21.517 
21.461 
21.385 
21.255 
21.142 
21.093 
21.075 
21.045 
21.013 
20.98 
20.95 
20.908 
20.878 
20.869 
20.831 
20.782 
20.721 
20.676 
20.646 
20.613 
20.572 
20.524 
20.485 
20.494 
20.445 
20.416 
20.377 
20.346 
20.325 
20.302 
20.266 
20.203 
20.105 
20.171 
20.062 
20.021 
20.014 
20.005 
19.989 
19.962 
19.93 
h 
19.838 
19.825 
19.809 
19.787 
19.747 
19.672 
19.546 
19.378 
19.293 
19.287 
19.286 
19.285 
19.284 
19.283 
19.281 
19.28 
19.279 
h 
18.71 
18.651 
18.549 
18.454 
18.43 
18.403 
18.383 
18.353 
18.306 
18.233 
18.111 
18.003 
17.942 
17.884 
17.891 
17.849 
17.826 
17.783 
17.705 
17.588 
17.53 
17.849 
17.423 
17.413 
17.396 
17.373 
17.341 
17.294 
17.251 
17.315 
17.213 
17.203 
17.187 
17.164 
17.146 
17.133 
17.119 
17.111 
17.097 
h 
16.679 
16.608 
16.569 
16.531 
16.49 
16.466 
16.383 
16.218 
15.983 
15.847 
16.06 
15.773 
15.716 
15.687 
15.671 
15.64 
15.588 
15.524 
15.517 
15.479 
15.463 
15.443 
15.415 
15.407 
15.372 
15.358 
15.365 
15.342 
15.331 
15.333 
15.328 
h 
