25.115 
25.111 
25.1 
25.077 
25.046 
25.006 
24.983 
24.956 
h 
23.557 
23.385 
23.284 
23.259 
23.207 
23.103 
22.92 
22.738 
22.56 
22.392 
22.324 
22.264 
22.233 
22.177 
22.098 
22.127 
22.113 
21.993 
21.965 
21.913 
21.837 
21.77 
21.748 
21.938 
21.708 
21.703 
21.695 
21.68 
21.65 
h 
21.15 
21.013 
20.934 
20.813 
20.727 
20.894 
20.704 
20.698 
20.686 
20.664 
20.626 
20.577 
20.568 
20.567 
20.546 
h 
20.399 
20.383 
20.37 
20.347 
20.305 
20.221 
20.069 
19.822 
19.551 
19.85 
19.498 
19.467 
19.465 
19.461 
19.457 
19.453 
19.45 
19.443 
19.431 
h 
