29.468 
29.16 
28.288 
26.609 
25.14 
25.11 
25.065 
25.034 
24.999 
24.963 
24.938 
24.925 
24.909 
h 
22.991 
22.828 
22.723 
22.689 
22.617 
22.473 
22.278 
22.009 
21.817 
21.803 
21.694 
21.656 
21.585 
21.449 
21.203 
20.964 
21.232 
20.842 
20.818 
20.771 
20.699 
20.566 
20.414 
20.792 
20.195 
20.1 
20.085 
20.075 
20.054 
20.013 
19.947 
19.842 
19.796 
19.718 
19.684 
19.655 
19.609 
19.517 
19.344 
19.049 
19.161 
20.849 
18.702 
18.673 
18.666 
18.653 
18.628 
18.578 
18.484 
18.32 
18.083 
19.726 
18.052 
18.036 
18.021 
17.996 
17.958 
18.009 
17.95 
17.946 
17.939 
h 
17.536 
17.487 
17.461 
17.429 
17.41 
17.41 
17.449 
17.342 
17.283 
17.212 
17.202 
17.184 
17.171 
17.151 
17.149 
17.166 
17.125 
17.125 
17.126 
17.123 
17.123 
17.122 
h 
16.852 
16.841 
16.833 
16.818 
16.794 
16.75 
16.667 
16.52 
16.311 
16.181 
16.315 
16.078 
16.057 
16.018 
15.948 
15.864 
15.79 
15.954 
15.756 
15.754 
15.75 
15.742 
15.728 
15.699 
15.706 
15.685 
15.675 
15.661 
15.653 
15.644 
15.629 
15.632 
h 
15.553 
15.518 
15.466 
15.433 
15.43 
15.422 
15.407 
15.392 
15.361 
15.317 
15.273 
15.246 
15.186 
15.185 
15.165 
15.162 
15.156 
15.146 
15.13 
15.106 
15.092 
h 
