24.796 
24.794 
24.789 
24.78 
24.772 
24.769 
24.766 
24.761 
h 
24.042 
23.949 
23.922 
23.903 
23.864 
23.788 
23.644 
23.453 
23.299 
23.135 
23.107 
23.073 
22.888 
22.861 
22.824 
22.753 
22.624 
22.439 
22.793 
22.361 
22.336 
22.307 
22.254 
22.164 
22.062 
22.21 
21.999 
21.975 
21.934 
21.855 
21.723 
21.54 
22.857 
21.479 
21.465 
21.444 
21.41 
21.357 
21.308 
21.363 
21.268 
21.256 
21.234 
21.199 
21.14 
21.073 
21.514 
21.026 
21.008 
21.004 
20.995 
20.979 
20.951 
20.927 
20.915 
20.906 
h 
20.244 
20.206 
20.146 
20.103 
20.043 
19.932 
19.758 
19.608 
19.501 
19.362 
19.285 
19.162 
19.104 
18.988 
18.92 
18.794 
18.573 
18.33 
18.389 
18.243 
18.232 
18.209 
18.168 
18.106 
18.001 
17.86 
17.828 
18.072 
17.775 
17.771 
17.769 
17.767 
17.766 
17.766 
17.757 
17.753 
17.748 
h 
17.568 
17.536 
17.527 
17.517 
17.497 
17.455 
17.372 
17.215 
16.934 
16.623 
19.082 
16.566 
16.496 
16.457 
16.41 
16.346 
16.33 
16.304 
16.285 
16.268 
16.262 
16.245 
16.218 
16.198 
h 
15.269 
15.15 
15.139 
15.126 
15.104 
15.07 
15.006 
14.911 
14.805 
14.773 
14.756 
14.767 
14.749 
14.747 
14.743 
14.737 
14.726 
14.709 
14.691 
h 
14.54 
14.534 
14.511 
14.494 
14.462 
14.403 
14.3 
14.15 
14.066 
14.014 
13.971 
13.895 
13.841 
13.781 
13.768 
13.753 
13.736 
13.707 
13.664 
13.623 
13.614 
13.605 
13.593 
13.57 
13.53 
13.497 
13.464 
13.472 
13.444 
13.431 
13.42 
13.408 
13.388 
13.347 
13.361 
h 
