30.608 
30.268 
29.286 
27.272 
25.056 
24.99 
24.945 
24.895 
24.831 
24.768 
24.671 
24.65 
25.192 
24.592 
24.592 
24.591 
24.589 
24.588 
24.587 
24.585 
24.583 
24.582 
h 
23.953 
23.813 
23.583 
23.456 
23.444 
23.419 
23.38 
23.316 
23.196 
23.084 
23.11 
22.897 
22.86 
22.814 
22.749 
22.675 
22.589 
22.591 
22.772 
22.523 
22.516 
22.502 
22.474 
22.424 
22.341 
22.314 
23.466 
22.257 
22.255 
22.251 
22.247 
22.244 
22.239 
22.234 
22.226 
22.212 
h 
21.854 
22.071 
21.84 
21.828 
21.804 
21.757 
21.672 
21.531 
21.36 
21.289 
21.487 
21.102 
21.083 
21.049 
21.008 
20.953 
20.856 
20.849 
20.81 
20.751 
20.742 
20.726 
20.706 
20.691 
20.667 
20.644 
20.696 
h 
20.61 
20.543 
20.537 
20.531 
20.522 
20.503 
20.47 
20.41 
h 
