25.258 25.194 25.019 24.708 24.466 24.455 24.434 24.402 h 23.362 23.06 22.606 22.463 22.438 22.389 22.292 22.104 h 21.611 21.172 21.328 20.92 20.793 20.573 20.207 19.787 h 19.109 19.274 18.705 18.642 18.623 18.611 18.59 18.559 h 
25.728 25.709 25.658 25.57 25.482 25.471 25.461 25.44 h 24.246 24.087 23.961 23.941 23.901 23.824 23.688 23.502 h 23.255 23.43 23.189 23.117 22.973 22.712 22.325 22.029 h 21.488 21.065 21.088 21.106 20.616 20.518 20.359 20.174 h 
25.659 25.636 25.575 25.468 25.368 25.356 25.344 25.318 h 24.722 24.66 24.627 24.555 24.426 24.206 23.881 23.648 h 23.253 22.88 22.851 22.838 22.812 22.759 22.66 22.488 h 20.401 20.685 20.368 20.348 20.308 20.236 20.133 20.08 20.087 20.078 h 
28.748 28.545 27.981 26.936 26.006 25.95 25.848 25.666 h 24.749 24.259 24.01 23.964 23.881 23.806 23.701 23.551 h 23.234 23.048 22.883 22.789 22.855 22.727 22.717 22.701 h 21.955 21.894 21.877 21.865 21.851 21.826 21.782 21.724 h 
29.144 28.853 28.034 26.474 25.17 25.119 25.056 25.007 h 23.961 23.912 23.852 23.8 23.697 23.515 23.235 22.997 h 22.686 22.659 22.615 22.599 22.57 22.518 22.429 22.298 h 21.5 21.54 21.328 21.313 21.289 21.255 21.224 21.184 h 
30.281 30.012 29.245 27.718 26.061 25.917 25.785 25.548 h 24.409 24.319 24.242 24.168 24.069 23.919 23.733 23.672 h 22.726 22.548 22.284 22.119 22.064 22.022 21.971 21.908 h 21.52 21.264 21.207 21.179 21.139 21.081 21.032 20.988 h 
26.06 25.966 25.71 25.262 24.948 24.93 24.904 24.88 h 24.195 24.124 24.104 24.057 23.965 23.793 23.54 23.393 h 21.644 21.515 21.297 21.068 20.996 20.859 20.71 20.513 h 20.246 20.268 20.216 20.205 20.183 20.143 20.087 20.05 h 
37.008 36.697 35.734 33.351 28.265 26.564 25.062 25.027 h 23.188 23.052 22.882 22.834 22.79 22.701 22.527 22.215 h 19.869 19.71 19.749 19.642 19.572 19.454 19.305 19.211 h 19.118 19.115 19.108 19.091 19.06 19.003 18.91 18.817 h 
26.626 26.497 26.149 25.542 25.011 24.895 24.791 24.681 h 24.186 23.888 23.49 22.884 22.508 23.419 21.995 21.794 h 20.834 20.689 20.579 20.507 20.378 20.17 20.065 19.881 h 19.515 19.503 19.491 19.466 19.423 19.34 19.194 18.987 h 
27.854 27.64 27.051 25.983 25.096 24.948 24.687 24.327 h 22.552 24.241 22.294 22.28 22.249 22.186 22.077 21.928 21.85 21.797 h 21.334 21.202 21.255 21.161 21.143 21.12 21.08 21.027 h 20.97 20.946 20.946 20.944 20.904 20.877 20.846 20.838 h 
26.181 26.096 25.864 25.46 25.173 25.162 25.142 25.111 h 24.223 24.096 24.077 24.052 24.012 23.972 23.901 23.844 h 23.554 23.024 22.986 22.962 22.947 22.92 22.883 22.854 h 22.411 22.364 22.319 22.282 22.216 22.097 21.914 21.753 h 
25.846 25.778 25.589 25.24 24.935 24.897 24.828 24.727 h 24.049 24.775 23.988 23.963 23.912 23.817 23.671 23.555 23.495 23.453 h 22.925 22.849 22.805 22.733 22.584 22.31 21.882 21.427 h 22.089 20.796 20.701 20.596 20.392 20.025 19.47 18.841 h 
29.409 29.154 28.45 27.185 26.088 26.015 25.901 25.667 h 23.217 23.119 22.973 22.865 22.667 22.372 22.144 22.063 h 21.754 21.75 21.739 21.714 21.663 21.572 21.441 21.422 h 20.768 20.492 20.366 20.231 20.196 20.18 20.173 20.154 h 
39.589 39.101 37.59 33.89 26.89 26.107 24.759 24.729 h 23.726 23.632 23.606 23.585 23.542 23.464 23.339 23.226 h 22.394 22.283 22.117 22.008 22.001 21.986 21.956 21.901 h 21.326 21.288 21.269 21.252 21.238 21.203 21.163 21.142 h 
33.591 33.213 32.077 29.503 25.485 24.968 24.828 24.791 h 23.691 23.643 23.623 23.597 23.546 23.452 23.301 23.141 h 22.791 22.731 22.642 22.516 22.283 22.017 22.133 21.723 h 21.611 21.575 21.507 21.41 21.259 21.065 20.842 20.751 h 
26.459 26.352 26.064 25.563 25.209 25.144 25.032 24.883 h 24.009 24.913 23.896 23.888 23.871 23.835 23.771 23.691 23.631 23.55 h 22.414 22.066 21.939 21.861 21.759 21.625 21.382 21.056 h 20.794 20.622 20.45 20.271 20.138 19.972 19.817 19.757 h 
29.447 29.075 28.042 26.15 24.82 24.765 24.735 24.708 h 24.117 24.078 24.024 23.953 23.836 23.621 23.307 23.225 h 22.648 22.6 22.524 22.44 22.388 22.31 22.2 22.051 h 20.437 20.399 20.37 20.344 20.295 20.211 20.091 20.035 h 
22.568 22.535 22.443 22.267 22.054 21.942 21.84 21.739 h 20.775 20.696 20.58 20.418 20.153 19.951 19.688 19.479 h 18.785 18.649 18.669 18.585 18.532 18.432 18.274 18.117 h 17.831 17.69 17.49 17.433 17.418 17.391 17.348 17.302 h 
23.57 23.568 23.562 23.549 23.524 23.477 23.395 23.273 h 22.796 22.716 22.693 22.667 22.613 22.516 22.366 22.244 h 21.419 21.344 21.257 21.177 21.028 20.773 20.405 20.1 h 19.501 19.428 19.256 19.066 18.848 18.894 18.52 18.433 h 
26.881 26.757 26.416 25.805 25.319 25.298 25.258 25.188 h 24.541 24.413 24.348 24.212 23.969 23.727 23.201 22.924 h 21.444 21.381 21.247 21.143 20.935 20.552 19.919 19.207 h 16.648 17.754 16.451 16.304 16.165 15.906 15.48 14.981 14.868 14.847 h 14.658 14.578 14.491 14.446 14.442 14.437 14.431 14.431 h 14.342 14.301 14.244 14.221 14.206 14.184 14.156 14.097 h 13.14 13.032 12.996 12.945 12.919 12.867 12.768 12.59 h 
