33.748 
33.349 
32.155 
29.475 
25.481 
25.098 
25.024 
25.021 
25.017 
25.009 
25.001 
25.013 
25.003 
25.0 
h 
24.662 
24.63 
24.536 
24.322 
23.886 
23.086 
21.868 
20.865 
20.61 
20.322 
20.228 
20.185 
20.096 
19.928 
19.661 
19.393 
18.938 
18.618 
18.735 
18.229 
18.117 
17.994 
17.814 
17.532 
17.171 
16.934 
16.759 
16.699 
16.619 
16.458 
16.151 
15.62 
15.987 
16.141 
15.069 
15.028 
14.971 
14.889 
14.79 
14.622 
14.342 
14.521 
15.243 
13.957 
13.937 
13.898 
13.826 
13.744 
13.769 
13.69 
13.677 
13.654 
13.619 
13.565 
13.514 
13.457 
13.425 
13.398 
13.384 
13.363 
13.339 
13.302 
13.289 
13.269 
13.261 
13.244 
13.217 
13.173 
13.186 
13.155 
13.124 
13.119 
13.11 
13.094 
13.062 
13.007 
12.921 
13.008 
14.085 
12.789 
12.782 
12.769 
12.744 
12.703 
12.662 
13.157 
12.655 
12.654 
12.653 
12.649 
12.643 
12.633 
12.634 
12.623 
12.605 
h 
12.067 
12.045 
12.018 
11.964 
11.854 
11.64 
11.268 
10.763 
10.46 
10.259 
10.229 
10.149 
10.069 
9.934 
9.709 
9.463 
9.171 
8.698 
8.315 
9.137 
8.127 
8.088 
8.012 
7.881 
7.67 
7.338 
7.266 
7.924 
6.976 
6.952 
6.921 
6.887 
6.879 
6.866 
6.84 
6.799 
6.753 
6.729 
6.714 
6.7 
6.694 
6.69 
6.683 
6.673 
6.669 
6.689 
h 
6.086 
6.05 
6.043 
6.03 
6.008 
5.979 
5.977 
5.914 
5.841 
5.771 
5.755 
5.736 
5.728 
5.712 
5.683 
5.642 
5.585 
5.731 
5.588 
5.526 
5.518 
5.504 
5.48 
5.447 
5.488 
5.433 
5.43 
5.424 
5.412 
5.39 
5.4 
5.371 
5.364 
5.352 
5.34 
5.331 
5.32 
5.34 
5.295 
5.278 
5.274 
5.269 
5.259 
5.242 
5.217 
5.186 
5.297 
5.178 
5.175 
5.17 
5.166 
5.165 
5.155 
5.147 
5.142 
5.14 
h 
4.822 
4.806 
4.778 
4.743 
4.729 
4.717 
4.705 
4.679 
4.633 
4.554 
4.452 
4.426 
4.588 
4.397 
4.376 
4.35 
4.341 
4.328 
4.31 
4.302 
4.293 
4.281 
4.268 
4.265 
4.267 
4.258 
4.256 
4.257 
4.255 
4.253 
4.251 
4.25 
4.256 
4.252 
h 
4.224 
4.223 
4.221 
4.214 
4.201 
4.173 
4.118 
4.012 
3.818 
3.5 
3.174 
3.196 
3.105 
3.078 
3.032 
2.964 
2.838 
2.615 
2.278 
2.383 
5.033 
2.152 
1.995 
1.99 
1.983 
1.969 
1.951 
1.928 
1.895 
1.889 
1.984 
1.855 
1.845 
1.839 
1.832 
1.819 
1.809 
1.783 
1.764 
1.731 
1.696 
1.646 
1.704 
1.637 
1.596 
1.592 
1.584 
1.567 
1.545 
1.5 
1.42 
1.735 
1.429 
1.37 
1.366 
1.363 
1.359 
1.352 
1.342 
1.331 
1.313 
1.289 
1.407 
1.276 
1.274 
1.27 
1.262 
1.25 
1.243 
1.24 
1.236 
1.235 
1.234 
1.23 
1.223 
1.209 
1.209 
1.199 
1.198 
1.198 
1.196 
1.194 
1.189 
1.179 
1.182 
1.179 
1.175 
1.173 
1.17 
1.165 
1.155 
1.168 
1.153 
1.152 
1.149 
1.145 
1.139 
1.129 
1.124 
1.224 
h 
1.053 
1.051 
1.05 
1.048 
1.043 
1.033 
1.016 
0.999 
0.973 
0.933 
0.884 
0.811 
0.744 
1.09 
0.726 
0.724 
0.722 
0.718 
0.711 
0.701 
0.682 
0.678 
0.667 
0.658 
0.655 
0.651 
0.643 
0.628 
0.609 
0.6 
