29.64 
29.343 
28.497 
26.823 
25.175 
25.155 
25.122 
25.078 
25.019 
25.023 
25.05 
25.001 
25.001 
h 
24.619 
24.584 
24.483 
24.252 
23.78 
22.876 
21.344 
19.402 
19.112 
19.101 
18.131 
17.978 
17.825 
17.584 
17.181 
16.691 
18.963 
16.575 
16.542 
16.472 
16.332 
16.065 
15.599 
14.854 
15.098 
22.806 
14.054 
14.013 
14.002 
13.981 
13.94 
13.866 
13.775 
13.736 
13.686 
13.664 
13.629 
13.573 
13.486 
13.476 
13.612 
13.382 
13.374 
13.359 
13.331 
13.276 
13.178 
13.017 
13.263 
16.055 
12.826 
12.812 
12.808 
12.8 
12.784 
12.756 
12.711 
12.764 
12.7 
h 
11.761 
11.74 
11.707 
11.657 
11.576 
11.415 
11.112 
10.61 
10.006 
9.657 
10.079 
9.316 
9.248 
9.137 
8.976 
8.717 
8.571 
8.445 
8.383 
8.265 
8.05 
7.807 
7.874 
7.701 
7.68 
7.644 
7.593 
7.524 
7.417 
7.421 
7.394 
7.308 
7.291 
7.259 
7.202 
7.117 
7.02 
6.976 
7.139 
6.933 
6.93 
6.925 
6.917 
6.917 
6.895 
6.875 
6.845 
6.82 
6.778 
6.778 
6.749 
6.744 
6.737 
6.724 
6.719 
6.708 
6.689 
6.657 
6.619 
7.065 
6.603 
6.596 
6.593 
6.589 
6.584 
6.578 
6.573 
6.562 
6.549 
h 
6.322 
6.418 
6.274 
6.265 
6.248 
6.219 
6.181 
6.118 
6.032 
5.966 
5.926 
5.871 
5.808 
5.717 
5.746 
5.715 
5.596 
5.584 
5.572 
5.573 
5.594 
5.566 
5.563 
5.559 
5.55 
h 
5.238 
5.224 
5.214 
5.196 
5.163 
5.099 
4.982 
4.803 
4.49 
4.184 
4.122 
4.083 
4.056 
4.031 
3.98 
3.901 
3.774 
3.661 
3.999 
3.64 
3.6 
3.577 
3.553 
3.53 
3.537 
3.533 
3.519 
3.511 
3.5 
3.488 
3.487 
3.482 
3.468 
3.464 
3.459 
3.458 
3.453 
3.446 
3.437 
3.427 
3.412 
3.386 
3.338 
3.257 
3.784 
3.308 
3.239 
3.227 
3.216 
3.215 
3.212 
3.21 
3.2 
3.187 
3.189 
3.178 
3.176 
3.175 
3.174 
3.168 
3.161 
3.159 
3.156 
3.148 
3.141 
3.127 
3.143 
3.118 
3.117 
3.115 
3.111 
3.104 
3.089 
3.118 
3.093 
3.09 
3.09 
3.088 
3.085 
3.08 
3.069 
h 
3.124 
3.003 
2.967 
2.958 
2.944 
2.93 
2.913 
2.897 
2.888 
2.885 
2.881 
2.873 
2.86 
2.837 
2.792 
2.723 
2.85 
3.069 
2.669 
2.663 
2.658 
2.655 
2.655 
2.65 
2.646 
2.638 
2.635 
2.631 
2.622 
2.613 
2.608 
2.611 
2.608 
2.605 
2.601 
2.595 
2.59 
2.592 
2.591 
h 
2.336 
2.334 
2.331 
2.328 
2.319 
2.308 
2.289 
2.303 
2.233 
2.174 
2.104 
2.082 
2.098 
2.083 
2.076 
2.067 
2.054 
2.046 
2.035 
2.073 
2.012 
2.013 
2.009 
2.004 
1.999 
1.992 
1.984 
1.972 
1.949 
1.95 
1.916 
1.976 
1.919 
1.913 
1.909 
1.902 
1.896 
1.885 
1.865 
1.838 
1.828 
1.803 
1.809 
1.806 
1.8 
1.789 
1.76 
1.767 
1.753 
1.746 
1.734 
1.728 
1.714 
1.687 
1.712 
1.669 
1.658 
1.656 
1.652 
1.645 
1.626 
1.646 
1.622 
1.62 
1.617 
1.611 
1.608 
1.593 
1.592 
1.591 
1.589 
1.583 
1.572 
1.55 
1.566 
1.558 
1.556 
1.555 
1.555 
1.553 
1.551 
1.547 
1.539 
1.52 
1.533 
1.527 
1.525 
1.525 
1.525 
1.53 
1.525 
1.521 
h 
1.38 
1.382 
1.378 
1.385 
1.374 
1.369 
1.36 
1.345 
1.314 
1.309 
1.192 
1.157 
1.127 
1.083 
1.017 
0.965 
1.07 
0.936 
0.923 
0.901 
0.863 
0.845 
0.807 
0.794 
0.782 
0.765 
0.754 
0.746 
0.726 
0.701 
0.676 
0.664 
0.655 
0.638 
0.606 
0.552 
0.523 
1.043 
0.51 
