31.945 
31.549 
30.39 
27.956 
25.096 
25.031 
25.026 
25.024 
25.021 
25.018 
25.012 
25.006 
25.0 
h 
22.728 
22.642 
22.485 
22.288 
22.066 
21.781 
21.231 
20.248 
18.748 
17.701 
21.676 
16.935 
16.793 
16.637 
16.351 
15.887 
15.785 
16.044 
15.324 
15.292 
15.225 
15.091 
14.841 
14.742 
14.602 
14.526 
14.428 
14.294 
14.064 
13.771 
14.578 
13.694 
13.521 
13.504 
13.483 
13.444 
13.369 
13.233 
13.026 
15.091 
12.969 
12.955 
12.941 
12.918 
12.885 
12.865 
12.849 
12.826 
12.793 
12.733 
12.631 
12.727 
13.213 
12.503 
12.501 
12.496 
12.486 
12.469 
12.45 
12.462 
12.44 
12.438 
h 
11.532 
11.487 
11.408 
11.323 
11.245 
11.09 
10.794 
10.27 
9.713 
9.531 
9.264 
8.875 
8.576 
8.623 
8.22 
8.134 
8.02 
7.877 
7.787 
7.648 
7.416 
7.125 
8.653 
7.11 
6.941 
6.929 
6.905 
6.857 
6.761 
6.592 
6.555 
6.491 
6.471 
6.432 
6.363 
6.245 
6.038 
6.3 
5.939 
5.898 
5.895 
5.889 
5.879 
5.858 
5.83 
5.8 
5.77 
5.722 
5.667 
5.581 
5.609 
5.528 
5.517 
5.506 
5.485 
5.454 
5.427 
5.385 
5.309 
5.185 
5.655 
5.749 
5.075 
5.07 
5.063 
5.048 
5.024 
4.997 
4.965 
4.959 
4.94 
4.927 
4.914 
4.902 
4.886 
4.869 
4.86 
4.848 
4.835 
4.829 
4.827 
4.823 
4.816 
4.804 
4.791 
4.779 
4.819 
4.772 
4.771 
4.768 
4.764 
4.755 
4.748 
4.856 
4.737 
4.736 
4.732 
4.726 
4.714 
4.701 
h 
4.692 
4.673 
4.669 
4.663 
4.653 
4.637 
4.608 
4.554 
4.461 
4.332 
4.221 
4.137 
4.124 
4.078 
4.068 
4.055 
4.033 
4.002 
3.979 
3.972 
3.96 
3.954 
3.944 
3.927 
3.899 
3.873 
3.857 
3.856 
3.853 
3.849 
3.839 
3.823 
3.797 
3.76 
3.706 
3.662 
5.332 
3.65 
3.649 
3.646 
3.642 
3.632 
3.619 
3.611 
3.606 
3.597 
3.587 
3.578 
3.561 
3.529 
3.476 
3.514 
3.659 
3.427 
3.425 
3.421 
3.415 
3.406 
3.391 
3.383 
3.804 
3.371 
3.37 
3.368 
3.364 
3.355 
3.34 
3.322 
3.338 
3.308 
3.305 
3.3 
3.292 
3.283 
3.285 
3.28 
3.28 
3.279 
3.277 
3.275 
3.273 
3.27 
h 
3.1 
3.027 
3.017 
3.015 
3.011 
3.004 
2.992 
2.968 
2.93 
2.864 
2.776 
2.705 
2.682 
2.675 
2.661 
2.639 
2.628 
2.613 
2.617 
2.606 
2.6 
2.592 
2.586 
2.576 
2.563 
2.576 
2.554 
2.549 
2.548 
2.546 
2.543 
2.536 
2.523 
2.507 
2.485 
2.516 
2.473 
2.467 
2.459 
2.454 
2.446 
2.433 
2.412 
2.469 
2.411 
2.41 
2.407 
2.401 
2.401 
2.397 
2.395 
2.394 
2.392 
h 
2.237 
2.209 
2.201 
2.199 
2.196 
2.189 
2.186 
2.172 
2.158 
2.136 
2.102 
2.082 
2.06 
2.084 
2.03 
2.021 
2.016 
2.006 
1.988 
1.959 
1.957 
1.944 
1.939 
1.929 
1.911 
1.886 
1.851 
2.053 
1.884 
1.829 
1.828 
1.826 
1.822 
1.815 
1.801 
1.776 
1.74 
1.721 
1.741 
1.71 
1.709 
1.705 
1.701 
1.692 
1.688 
1.685 
1.68 
1.67 
1.655 
1.642 
1.643 
1.63 
1.628 
1.624 
1.618 
1.608 
1.594 
1.612 
1.588 
1.585 
1.58 
1.57 
1.553 
1.535 
1.696 
1.525 
1.522 
1.521 
1.517 
1.511 
1.508 
1.503 
1.499 
1.495 
1.487 
1.484 
1.478 
1.476 
1.473 
1.47 
1.466 
1.46 
1.448 
1.454 
1.442 
1.439 
1.438 
1.437 
1.435 
1.43 
1.421 
1.405 
1.487 
1.431 
1.384 
1.384 
1.383 
1.38 
1.378 
1.375 
h 
1.298 
1.236 
1.223 
1.22 
1.216 
1.21 
1.2 
1.187 
1.186 
1.167 
1.142 
1.103 
1.053 
1.05 
1.04 
1.002 
0.995 
0.984 
0.965 
0.93 
0.866 
0.767 
0.702 
2.177 
0.677 
0.673 
0.669 
0.666 
0.66 
0.654 
0.651 
0.649 
0.645 
0.636 
0.634 
0.631 
0.625 
0.616 
0.672 
0.612 
0.612 
0.611 
0.61 
0.607 
0.601 
0.592 
0.59 
0.614 
0.583 
0.582 
0.581 
0.579 
0.576 
0.574 
0.572 
0.571 
0.571 
0.57 
0.568 
0.565 
0.56 
0.559 
0.557 
0.554 
0.549 
0.544 
0.564 
0.551 
0.541 
0.541 
0.541 
0.541 
0.541 
0.54 
0.539 
0.538 
0.537 
h 
0.528 
0.527 
0.524 
0.519 
0.519 
0.512 
0.506 
0.495 
0.474 
0.435 
0.371 
0.277 
