36.547 
36.18 
35.055 
32.347 
27.116 
27.073 
25.044 
25.04 
25.038 
25.037 
25.036 
25.033 
25.027 
25.019 
25.027 
h 
24.386 
24.338 
24.251 
24.081 
23.734 
23.086 
22.054 
21.019 
20.149 
19.602 
18.86 
17.886 
16.562 
15.696 
35.158 
15.509 
15.911 
15.195 
15.171 
15.133 
15.076 
14.987 
14.84 
14.773 
14.652 
14.626 
14.597 
14.563 
14.506 
14.394 
14.223 
14.201 
14.147 
14.109 
14.048 
13.977 
13.841 
13.597 
13.209 
13.841 
20.129 
12.729 
12.719 
12.714 
12.708 
12.699 
12.681 
12.657 
12.651 
12.638 
h 
12.434 
12.423 
12.394 
12.331 
12.214 
11.994 
11.605 
11.044 
10.638 
10.553 
10.543 
10.403 
10.28 
10.184 
10.04 
9.888 
9.631 
9.284 
9.379 
9.245 
8.988 
8.94 
8.847 
8.676 
8.385 
7.976 
8.223 
8.679 
7.581 
7.553 
7.507 
7.439 
7.363 
7.3 
7.204 
7.116 
7.102 
7.062 
7.049 
7.038 
7.022 
6.998 
6.964 
6.918 
6.858 
6.842 
6.823 
6.816 
6.803 
6.781 
6.752 
6.725 
6.722 
6.682 
6.672 
6.652 
6.619 
6.577 
6.63 
6.545 
6.535 
6.532 
6.525 
6.513 
6.492 
6.46 
6.504 
6.608 
6.414 
6.411 
6.404 
6.393 
6.376 
6.358 
6.335 
6.405 
6.332 
6.331 
6.33 
6.327 
6.322 
6.312 
6.293 
6.258 
6.202 
6.146 
10.433 
6.141 
6.139 
6.137 
6.134 
6.133 
6.13 
6.125 
6.118 
6.133 
h 
5.985 
5.982 
5.98 
5.976 
5.966 
5.946 
5.908 
5.84 
5.735 
5.619 
5.592 
5.557 
5.549 
5.545 
5.539 
5.529 
5.511 
5.484 
5.437 
5.367 
5.575 
5.409 
5.323 
5.318 
5.315 
5.312 
5.309 
5.305 
5.297 
5.286 
5.297 
h 
4.949 
4.91 
4.882 
4.878 
4.871 
4.856 
4.83 
4.784 
4.711 
4.639 
4.568 
4.501 
4.485 
4.464 
4.432 
4.398 
4.408 
4.386 
4.359 
4.338 
4.309 
4.293 
4.265 
4.223 
4.156 
4.178 
4.136 
4.094 
4.088 
4.081 
4.068 
4.043 
3.994 
4.026 
3.933 
3.902 
3.897 
3.888 
3.87 
3.841 
3.815 
3.815 
3.78 
3.773 
3.761 
3.737 
3.695 
3.63 
3.919 
3.952 
3.576 
3.565 
3.556 
3.543 
3.522 
3.5 
3.501 
3.499 
3.497 
3.497 
3.491 
3.489 
3.484 
3.477 
3.461 
3.46 
3.456 
3.448 
3.436 
3.416 
3.387 
3.585 
3.374 
3.373 
3.369 
3.363 
3.365 
3.36 
3.357 
3.352 
3.348 
h 
3.185 
3.176 
3.163 
3.157 
3.152 
3.143 
3.125 
3.091 
3.031 
2.946 
2.899 
2.873 
2.862 
2.852 
2.848 
2.842 
2.831 
2.815 
2.785 
2.76 
2.745 
2.734 
2.726 
2.711 
2.686 
2.664 
2.74 
2.658 
2.649 
2.64 
2.629 
2.621 
2.624 
2.612 
2.607 
2.599 
2.594 
2.589 
2.586 
2.569 
2.562 
2.551 
2.539 
2.52 
2.497 
2.539 
2.51 
2.474 
2.466 
2.458 
2.455 
2.453 
2.455 
2.451 
2.445 
2.439 
2.43 
2.424 
2.428 
2.421 
2.417 
2.41 
2.398 
2.386 
2.384 
2.379 
2.375 
2.373 
2.371 
2.366 
2.361 
2.358 
2.353 
2.343 
2.338 
2.33 
2.315 
2.314 
2.317 
2.3 
2.3 
2.299 
2.296 
2.29 
2.281 
2.265 
2.268 
2.3 
2.24 
2.237 
2.233 
2.227 
2.229 
2.241 
2.222 
2.221 
2.22 
h 
1.967 
1.953 
1.938 
1.927 
1.915 
1.904 
1.888 
1.855 
1.797 
1.7 
1.574 
1.494 
1.447 
1.348 
1.278 
1.202 
1.146 
1.084 
1.009 
0.99 
1.624 
0.915 
0.896 
0.889 
0.883 
0.874 
0.868 
0.863 
0.859 
0.859 
0.853 
0.851 
0.848 
0.842 
0.831 
0.837 
0.828 
0.826 
0.822 
0.815 
0.813 
0.811 
0.806 
0.799 
0.804 
0.793 
0.792 
0.789 
0.785 
0.784 
0.779 
0.777 
0.773 
0.773 
0.772 
0.769 
0.765 
0.761 
0.755 
0.775 
0.754 
0.753 
0.75 
0.749 
0.745 
0.748 
0.746 
0.745 
0.742 
0.742 
0.742 
0.742 
0.741 
h 
0.659 
0.653 
0.647 
0.638 
0.643 
0.634 
0.632 
0.628 
0.619 
0.6 
0.567 
0.536 
0.509 
0.499 
0.495 
0.491 
0.489 
0.478 
0.47 
0.455 
0.432 
0.443 
0.48 
0.416 
0.414 
0.411 
0.407 
0.399 
0.388 
0.39 
0.382 
0.378 
0.377 
0.376 
0.373 
0.371 
0.369 
0.365 
0.362 
0.357 
