25.626 
25.613 
25.578 
25.512 
25.436 
25.38 
25.343 
25.301 
25.245 
25.191 
25.126 
25.064 
25.049 
25.036 
25.031 
25.023 
25.012 
25.014 
25.043 
25.006 
h 
22.837 
22.786 
22.651 
22.406 
22.154 
21.89 
21.418 
20.732 
20.119 
19.222 
18.866 
21.034 
18.274 
18.16 
18.06 
17.871 
17.511 
16.919 
16.376 
16.332 
16.2 
15.927 
15.894 
15.846 
15.75 
15.627 
15.463 
15.296 
15.048 
14.947 
15.057 
14.743 
14.713 
14.672 
14.61 
14.525 
14.414 
14.238 
14.354 
14.182 
14.175 
14.159 
14.129 
14.071 
13.966 
13.804 
13.734 
13.87 
13.613 
13.596 
13.564 
13.51 
13.474 
13.463 
13.432 
13.425 
13.415 
13.397 
13.378 
13.349 
13.301 
13.289 
13.267 
13.26 
13.252 
13.237 
13.209 
13.156 
13.069 
13.362 
13.397 
12.991 
12.993 
12.994 
12.986 
12.975 
12.972 
12.961 
12.964 
12.96 
h 
12.323 
12.302 
12.27 
12.24 
12.177 
12.059 
11.846 
11.531 
11.28 
11.085 
11.011 
10.988 
10.947 
10.867 
10.722 
10.497 
10.484 
10.396 
10.242 
10.18 
10.121 
10.06 
9.984 
9.946 
9.911 
9.876 
9.818 
9.752 
9.724 
9.673 
9.593 
9.492 
9.312 
9.035 
8.899 
14.719 
8.489 
8.442 
8.358 
8.241 
8.147 
8.062 
8.109 
7.985 
7.962 
7.924 
7.872 
7.784 
7.734 
7.708 
7.68 
7.668 
7.647 
7.611 
7.56 
7.469 
7.303 
7.04 
9.547 
7.0 
6.976 
6.976 
6.974 
6.972 
6.97 
6.966 
7.018 
6.958 
h 
6.417 
6.381 
6.324 
6.286 
6.274 
6.251 
6.205 
6.121 
5.97 
5.761 
5.625 
5.578 
5.547 
5.524 
5.498 
5.486 
5.466 
5.434 
5.399 
5.447 
5.381 
5.372 
5.371 
5.37 
5.369 
5.367 
5.365 
h 
5.063 
5.039 
5.031 
5.016 
4.992 
4.96 
4.915 
4.86 
4.688 
4.507 
4.424 
4.375 
4.349 
4.317 
4.269 
4.195 
4.12 
4.015 
3.991 
3.921 
3.906 
3.885 
3.846 
3.778 
3.676 
3.59 
3.656 
3.523 
3.509 
3.486 
3.456 
3.406 
3.402 
3.432 
3.338 
3.332 
3.325 
3.313 
3.29 
3.253 
3.192 
3.114 
3.118 
3.188 
3.005 
2.996 
2.981 
2.955 
2.915 
2.885 
2.889 
2.843 
2.834 
2.816 
2.78 
2.714 
2.598 
2.867 
3.441 
2.494 
2.487 
2.478 
2.464 
2.449 
2.426 
2.408 
2.475 
2.398 
2.396 
2.392 
2.384 
2.373 
2.361 
2.343 
2.322 
2.301 
2.374 
2.293 
2.29 
2.285 
2.275 
2.262 
2.253 
2.244 
2.235 
2.222 
2.217 
2.208 
2.206 
2.202 
2.195 
2.186 
2.183 
2.178 
2.176 
2.174 
2.171 
2.165 
2.154 
2.134 
h 
1.83 
1.957 
1.751 
1.708 
1.704 
1.697 
1.686 
1.666 
1.628 
1.567 
1.538 
1.429 
1.466 
1.391 
1.389 
1.385 
1.38 
1.38 
1.373 
1.364 
1.349 
1.324 
1.287 
1.26 
1.557 
1.245 
1.244 
1.242 
1.238 
1.232 
1.221 
1.201 
1.172 
1.149 
1.454 
1.127 
1.125 
1.121 
1.112 
1.095 
1.094 
1.137 
1.072 
1.071 
1.068 
1.062 
1.053 
1.037 
1.018 
1.016 
1.002 
0.996 
0.993 
0.992 
0.989 
0.985 
0.98 
0.976 
0.971 
0.965 
0.958 
0.949 
0.936 
0.977 
0.932 
0.931 
0.928 
0.925 
0.92 
0.918 
0.916 
0.913 
0.909 
0.903 
0.896 
0.895 
0.892 
0.891 
0.89 
0.888 
0.885 
0.881 
0.884 
0.877 
0.876 
0.876 
0.875 
0.872 
0.868 
0.861 
0.853 
0.849 
0.845 
0.843 
0.84 
0.838 
0.836 
0.833 
0.828 
0.823 
h 
0.764 
0.761 
0.76 
0.758 
0.753 
0.744 
0.726 
0.696 
0.642 
0.554 
0.556 
0.303 
