30.953 
30.609 
29.612 
27.558 
25.227 
25.165 
25.157 
25.142 
25.116 
25.1 
25.115 
25.07 
25.064 
h 
24.695 
24.643 
24.534 
24.292 
23.813 
22.975 
21.87 
21.352 
21.052 
20.52 
19.744 
19.124 
18.689 
18.438 
18.117 
17.823 
17.555 
17.234 
16.919 
16.395 
16.486 
16.242 
15.878 
15.841 
15.767 
15.66 
15.538 
15.331 
15.084 
16.841 
14.851 
14.702 
14.68 
14.638 
14.565 
14.48 
14.471 
14.454 
14.432 
14.409 
14.367 
14.289 
14.161 
14.068 
15.605 
13.979 
13.975 
13.964 
13.943 
13.913 
13.938 
13.895 
13.891 
13.89 
h 
13.579 
13.558 
13.52 
13.462 
13.341 
13.106 
12.675 
12.007 
11.236 
10.555 
10.84 
10.333 
10.26 
10.132 
9.949 
9.817 
9.674 
9.632 
9.567 
9.45 
9.253 
8.976 
10.869 
8.787 
8.705 
8.662 
8.58 
8.459 
8.324 
8.15 
8.02 
7.934 
7.911 
7.88 
7.836 
7.784 
7.729 
7.67 
7.622 
7.599 
7.594 
7.584 
7.563 
7.521 
7.442 
7.299 
7.332 
7.927 
7.116 
7.105 
7.09 
7.07 
7.043 
7.025 
7.008 
7.002 
6.992 
6.977 
6.956 
6.936 
6.928 
6.917 
6.909 
6.901 
6.885 
6.862 
6.843 
6.825 
6.807 
6.786 
6.795 
6.77 
6.766 
6.757 
6.743 
6.724 
6.709 
6.694 
6.674 
6.682 
6.791 
6.661 
6.66 
6.656 
6.649 
6.637 
6.617 
6.584 
6.589 
6.56 
6.555 
6.549 
6.54 
6.529 
6.514 
6.491 
6.468 
6.534 
6.452 
6.448 
h 
6.028 
5.97 
5.924 
5.919 
5.909 
5.889 
5.851 
5.783 
5.682 
5.584 
5.441 
5.482 
5.466 
5.298 
5.288 
5.268 
5.23 
5.208 
5.178 
5.172 
5.16 
5.141 
5.108 
5.059 
5.017 
4.971 
4.945 
4.923 
4.888 
4.842 
4.813 
4.783 
4.728 
4.623 
4.438 
4.258 
10.44 
4.163 
4.157 
4.151 
4.145 
4.135 
4.115 
4.089 
4.079 
4.075 
4.056 
4.052 
4.047 
4.039 
4.026 
4.012 
4.008 
4.001 
3.997 
3.99 
3.981 
3.979 
3.975 
3.968 
3.964 
3.96 
3.955 
3.95 
3.945 
3.941 
3.933 
3.919 
3.904 
3.945 
3.896 
3.894 
3.891 
3.885 
3.875 
3.858 
3.834 
4.151 
3.823 
3.817 
3.815 
3.813 
3.811 
3.809 
3.808 
3.809 
3.804 
h 
3.709 
3.703 
3.696 
3.69 
3.679 
3.656 
3.618 
3.555 
3.504 
3.435 
3.421 
3.397 
3.394 
3.391 
3.389 
3.371 
3.345 
3.314 
3.267 
3.237 
3.392 
3.204 
3.199 
3.191 
3.184 
3.174 
3.155 
3.121 
3.072 
3.691 
3.106 
3.056 
3.055 
3.052 
3.046 
3.032 
3.007 
2.961 
2.913 
3.109 
2.892 
2.889 
2.882 
2.869 
2.848 
2.818 
2.864 
2.8 
2.795 
2.787 
2.775 
2.764 
2.757 
2.742 
2.736 
2.735 
2.732 
2.724 
2.708 
2.681 
2.636 
2.621 
2.767 
2.577 
2.573 
2.565 
2.551 
2.53 
2.566 
2.522 
2.517 
2.516 
2.513 
2.507 
2.497 
2.486 
2.469 
2.438 
2.445 
2.635 
2.41 
2.406 
2.399 
2.389 
2.37 
2.348 
2.383 
2.339 
2.337 
2.334 
2.332 
2.331 
2.326 
2.321 
2.318 
2.316 
h 
2.228 
2.22 
2.212 
2.207 
2.201 
2.182 
2.152 
2.096 
1.998 
1.856 
1.743 
1.636 
1.694 
1.575 
1.554 
1.549 
1.541 
1.527 
1.525 
1.52 
1.514 
1.514 
1.514 
1.514 
1.511 
1.513 
1.505 
1.498 
1.489 
1.503 
1.484 
1.486 
1.486 
1.486 
1.486 
1.486 
1.486 
h 
1.376 
1.36 
1.359 
1.358 
1.358 
1.351 
1.347 
1.343 
1.351 
1.337 
1.329 
1.316 
1.294 
1.266 
1.276 
1.24 
1.236 
1.23 
1.217 
1.21 
1.192 
1.186 
1.182 
1.177 
1.198 
1.17 
1.167 
1.161 
1.152 
1.144 
1.187 
1.141 
1.139 
1.136 
1.131 
1.121 
1.116 
1.111 
1.1 
1.081 
1.06 
1.183 
1.049 
1.048 
1.046 
1.044 
1.041 
1.037 
1.032 
1.026 
1.023 
1.025 
1.018 
1.016 
1.013 
1.008 
0.999 
0.985 
0.991 
0.981 
0.972 
0.971 
0.969 
0.966 
0.961 
0.957 
0.955 
0.953 
0.952 
0.95 
0.949 
0.948 
0.947 
0.948 
0.945 
0.944 
0.943 
0.94 
0.936 
0.93 
0.924 
0.921 
0.923 
0.918 
0.918 
0.917 
0.916 
0.914 
0.911 
0.911 
0.908 
0.906 
0.906 
0.905 
0.902 
0.9 
0.894 
0.885 
0.872 
0.885 
h 
0.789 
0.759 
0.752 
0.75 
0.748 
0.743 
0.735 
0.72 
0.694 
0.649 
0.596 
0.575 
0.558 
0.534 
0.524 
0.522 
