26.328 
26.251 
26.043 
25.686 
25.444 
25.432 
25.408 
25.362 
25.28 
25.165 
25.209 
25.109 
25.093 
25.089 
25.084 
25.073 
25.058 
25.046 
25.039 
25.036 
h 
24.918 
24.876 
24.76 
24.511 
24.044 
23.129 
21.841 
20.943 
20.235 
19.858 
19.556 
19.389 
19.226 
18.968 
18.597 
18.205 
18.061 
17.822 
17.428 
16.957 
17.493 
16.816 
16.751 
16.636 
16.48 
16.32 
16.126 
16.052 
15.938 
15.777 
15.672 
15.515 
15.372 
15.297 
15.204 
15.119 
15.066 
15.199 
14.925 
14.861 
14.751 
14.605 
14.579 
14.586 
14.49 
14.477 
14.453 
14.417 
14.353 
14.246 
14.126 
14.039 
14.216 
13.946 
13.913 
13.901 
13.888 
13.861 
13.81 
13.717 
13.607 
13.917 
13.571 
13.568 
13.563 
13.555 
13.541 
13.515 
13.477 
13.481 
13.447 
h 
13.086 
13.065 
13.027 
12.968 
12.855 
12.631 
12.21 
11.481 
10.464 
10.088 
10.181 
9.655 
9.573 
9.432 
9.244 
9.135 
9.384 
9.027 
9.007 
8.971 
8.904 
8.777 
8.548 
8.337 
9.655 
8.146 
8.123 
8.082 
8.004 
7.872 
7.743 
7.659 
7.61 
7.517 
7.344 
7.048 
6.966 
9.945 
6.691 
6.683 
6.668 
6.64 
6.625 
6.604 
6.581 
6.542 
6.489 
6.44 
6.456 
6.405 
6.398 
6.39 
6.372 
6.357 
6.333 
6.298 
6.462 
6.28 
6.27 
6.254 
6.226 
6.178 
6.146 
6.192 
6.121 
6.117 
6.11 
6.097 
6.092 
6.084 
6.078 
6.066 
6.044 
6.004 
5.947 
6.118 
5.93 
5.926 
5.923 
5.917 
5.909 
5.902 
5.894 
5.926 
5.883 
h 
5.694 
5.686 
5.677 
5.674 
5.669 
5.66 
5.642 
5.609 
5.555 
5.503 
5.5 
5.477 
5.463 
5.441 
5.405 
5.399 
5.371 
5.346 
5.341 
5.332 
5.315 
5.299 
5.271 
5.227 
5.346 
5.274 
5.18 
5.175 
5.165 
5.155 
5.141 
5.127 
5.13 
5.126 
5.117 
5.112 
5.103 
5.092 
5.085 
5.074 
5.055 
5.053 
5.072 
5.025 
5.023 
5.018 
5.01 
5.002 
5.003 
4.999 
4.996 
4.994 
4.991 
h 
4.932 
4.929 
4.915 
4.9 
4.87 
4.809 
4.691 
4.477 
4.213 
3.876 
3.795 
3.752 
3.713 
3.676 
3.637 
3.613 
3.59 
3.562 
3.529 
3.466 
3.425 
3.396 
3.366 
3.309 
3.21 
3.097 
3.012 
3.011 
2.947 
2.929 
2.899 
2.849 
2.77 
2.672 
2.718 
2.613 
2.593 
2.558 
2.509 
2.426 
2.364 
2.505 
2.33 
2.311 
2.284 
2.259 
2.24 
2.21 
2.157 
2.131 
2.108 
2.087 
2.079 
2.066 
2.049 
2.036 
2.041 
1.992 
1.972 
1.95 
1.941 
1.934 
1.926 
1.912 
1.893 
1.888 
1.888 
1.889 
1.886 
1.883 
1.878 
1.874 
1.89 
h 
1.748 
1.69 
1.674 
1.669 
1.661 
1.651 
1.628 
1.595 
1.555 
1.496 
1.418 
1.34 
1.276 
1.709 
1.254 
1.245 
1.234 
1.223 
1.206 
1.184 
1.189 
1.43 
1.168 
1.157 
1.152 
1.145 
1.143 
1.139 
1.131 
1.118 
1.094 
1.106 
1.089 
1.087 
1.083 
1.074 
1.067 
1.048 
1.058 
1.042 
1.038 
1.034 
1.029 
1.021 
1.006 
0.98 
0.986 
1.128 
0.944 
0.939 
0.935 
0.935 
0.935 
0.936 
0.928 
0.922 
0.912 
0.9 
0.875 
0.906 
0.909 
0.86 
0.857 
0.852 
0.844 
0.843 
0.839 
0.837 
0.834 
0.828 
0.828 
0.822 
0.822 
0.822 
0.819 
0.817 
0.82 
0.814 
0.814 
0.813 
0.809 
0.803 
0.795 
0.781 
0.816 
0.782 
0.781 
0.779 
0.778 
0.774 
0.77 
0.759 
0.775 
0.76 
0.757 
0.754 
0.754 
0.753 
0.75 
0.742 
h 
0.67 
0.694 
0.674 
0.673 
0.672 
0.668 
0.659 
0.648 
0.63 
0.599 
0.554 
