25.537 
25.532 
25.521 
25.497 
25.463 
25.416 
25.345 
25.252 
25.204 
25.178 
25.139 
25.111 
25.08 
25.053 
25.034 
25.035 
h 
23.798 
23.738 
23.621 
23.467 
23.212 
22.735 
21.977 
21.226 
20.679 
20.104 
19.742 
19.532 
19.282 
18.848 
18.287 
18.255 
17.888 
17.792 
17.693 
17.524 
17.256 
17.153 
17.027 
16.965 
16.848 
16.671 
16.342 
15.973 
17.613 
15.76 
15.689 
15.598 
15.442 
15.168 
14.799 
15.132 
14.722 
14.532 
14.509 
14.471 
14.393 
14.252 
14.025 
13.655 
13.58 
17.228 
13.236 
13.224 
13.206 
13.191 
13.18 
13.163 
13.136 
13.104 
13.067 
13.04 
12.991 
12.905 
12.783 
14.065 
12.747 
12.73 
12.725 
12.718 
12.706 
12.691 
12.664 
12.638 
12.62 
h 
11.658 
11.625 
11.577 
11.545 
11.502 
11.417 
11.264 
11.04 
10.841 
10.546 
10.112 
9.692 
9.719 
9.419 
9.37 
9.292 
9.187 
9.025 
8.725 
8.217 
8.141 
16.006 
7.726 
7.7 
7.674 
7.632 
7.568 
7.519 
7.502 
7.484 
7.46 
7.419 
7.345 
7.225 
7.046 
8.179 
7.033 
7.03 
7.025 
7.015 
6.999 
6.982 
6.956 
6.913 
6.894 
6.893 
6.852 
6.844 
6.834 
6.819 
6.795 
6.763 
6.776 
6.753 
6.746 
6.733 
6.722 
6.701 
6.665 
6.613 
6.943 
6.604 
6.601 
6.595 
6.584 
6.565 
6.594 
6.545 
6.539 
6.535 
6.527 
6.518 
6.534 
6.503 
6.5 
6.494 
6.483 
6.464 
6.458 
6.455 
6.443 
6.442 
6.44 
6.436 
6.429 
6.428 
h 
6.232 
6.151 
6.127 
6.118 
6.099 
6.064 
6.001 
5.903 
5.737 
5.492 
5.282 
5.369 
5.189 
5.172 
5.139 
5.08 
4.991 
5.05 
4.949 
4.932 
4.927 
4.923 
4.92 
4.91 
4.904 
4.905 
4.9 
h 
4.414 
4.401 
4.38 
4.359 
4.339 
4.299 
4.22 
4.071 
3.804 
3.38 
2.913 
3.717 
3.023 
2.838 
2.817 
2.812 
2.802 
2.788 
2.773 
2.767 
2.76 
2.747 
2.732 
2.717 
2.723 
2.698 
2.689 
2.681 
2.669 
2.647 
2.613 
2.596 
3.448 
2.584 
2.572 
2.562 
2.548 
2.536 
2.53 
2.521 
2.521 
2.52 
2.515 
2.506 
2.49 
2.481 
2.496 
2.472 
2.469 
2.466 
2.459 
2.456 
2.457 
2.453 
2.448 
2.442 
2.438 
2.435 
2.426 
2.42 
2.423 
2.419 
2.417 
2.416 
2.41 
2.412 
2.41 
h 
2.359 
2.336 
2.291 
2.217 
2.141 
2.137 
2.135 
2.132 
2.121 
2.124 
2.1 
2.075 
2.033 
1.971 
1.896 
1.851 
1.778 
1.764 
1.753 
1.709 
1.701 
1.692 
1.679 
1.654 
1.612 
1.554 
2.367 
1.53 
1.528 
1.524 
1.517 
1.506 
1.491 
1.48 
1.494 
1.475 
1.475 
1.474 
1.473 
1.469 
1.461 
1.448 
1.478 
1.443 
1.439 
1.438 
1.437 
1.434 
1.428 
1.417 
1.417 
1.422 
1.404 
1.401 
1.396 
1.391 
1.384 
1.391 
1.386 
1.381 
1.375 
1.375 
1.375 
1.374 
1.372 
h 
1.352 
1.325 
1.325 
1.325 
1.324 
1.324 
1.318 
1.315 
1.31 
1.304 
1.294 
1.276 
1.261 
1.286 
1.256 
1.247 
1.241 
1.239 
1.234 
1.228 
1.218 
1.204 
1.355 
1.201 
1.201 
1.2 
1.198 
1.194 
1.188 
1.192 
1.184 
1.184 
1.184 
1.183 
1.181 
1.177 
1.169 
1.174 
1.169 
1.168 
1.167 
1.166 
1.165 
1.162 
1.163 
h 
1.144 
1.143 
1.14 
1.135 
1.13 
1.126 
1.112 
1.089 
1.049 
0.977 
0.871 
0.8 
0.76 
0.73 
0.711 
0.706 
0.673 
0.658 
0.64 
0.632 
0.618 
0.607 
0.602 
0.6 
0.598 
0.596 
0.593 
0.588 
0.582 
0.577 
0.574 
0.57 
0.568 
0.566 
0.563 
0.556 
0.544 
0.535 
0.619 
0.548 
0.507 
0.505 
0.502 
0.496 
0.495 
0.491 
0.49 
0.488 
0.483 
0.477 
0.48 
