26.962 
26.813 
26.408 
25.69 
25.204 
25.183 
25.153 
25.111 
25.075 
25.064 
25.049 
25.029 
25.019 
h 
23.548 
23.437 
23.248 
23.088 
22.896 
22.523 
21.869 
20.93 
20.17 
19.649 
19.636 
19.337 
19.239 
19.052 
18.739 
18.255 
17.881 
17.875 
17.67 
17.604 
17.508 
17.402 
17.276 
17.059 
16.698 
16.218 
17.841 
16.281 
15.904 
15.873 
15.834 
15.781 
15.707 
15.634 
15.561 
15.486 
15.425 
15.385 
15.371 
15.359 
15.336 
15.297 
15.238 
15.2 
15.133 
15.036 
14.991 
17.291 
14.97 
14.966 
14.962 
14.954 
14.935 
14.897 
14.825 
14.692 
14.626 
15.446 
14.496 
14.487 
14.47 
14.438 
14.379 
14.282 
14.234 
16.572 
14.139 
14.137 
14.137 
14.135 
14.129 
14.118 
14.1 
14.093 
14.075 
h 
13.658 
13.649 
13.624 
13.574 
13.479 
13.3 
12.98 
12.503 
12.086 
12.158 
12.259 
11.844 
11.803 
11.723 
11.585 
11.42 
11.157 
10.954 
13.131 
10.822 
10.805 
10.771 
10.693 
10.547 
10.301 
10.184 
11.251 
9.988 
9.973 
9.94 
9.873 
9.739 
9.481 
9.013 
8.302 
12.819 
8.221 
8.135 
8.133 
8.128 
8.119 
8.112 
8.106 
8.094 
8.077 
8.044 
7.98 
7.868 
7.83 
8.105 
7.715 
7.707 
7.691 
7.661 
7.61 
7.531 
8.076 
7.505 
7.471 
7.468 
7.463 
7.454 
7.436 
7.406 
7.37 
7.376 
7.46 
7.343 
7.342 
7.34 
7.338 
7.337 
h 
6.83 
6.63 
6.593 
6.578 
6.552 
6.506 
6.418 
6.263 
6.182 
6.159 
5.972 
5.96 
5.943 
5.925 
5.89 
5.843 
5.773 
5.737 
5.694 
5.68 
5.651 
5.597 
5.532 
5.482 
5.454 
5.425 
5.415 
5.383 
5.355 
5.306 
5.228 
5.158 
5.63 
5.145 
5.142 
5.137 
5.13 
5.117 
5.091 
5.044 
4.964 
4.925 
4.9 
4.891 
4.874 
4.854 
4.834 
4.822 
4.808 
4.795 
4.772 
4.733 
4.689 
4.988 
4.77 
4.636 
4.62 
4.59 
4.543 
4.501 
4.503 
4.484 
4.476 
4.464 
4.451 
4.443 
4.428 
4.403 
4.374 
4.356 
4.472 
4.313 
4.288 
4.257 
4.245 
4.247 
4.241 
4.237 
4.23 
4.218 
4.204 
4.187 
4.202 
4.183 
4.168 
4.167 
4.164 
4.158 
4.146 
4.124 
4.091 
4.157 
4.131 
4.06 
4.056 
4.048 
4.033 
4.01 
3.985 
4.112 
h 
3.787 
3.728 
3.708 
3.698 
3.691 
3.679 
3.662 
3.633 
3.582 
3.51 
3.45 
3.385 
3.366 
3.351 
3.304 
3.278 
3.261 
3.261 
3.242 
3.224 
3.207 
3.2 
3.186 
3.163 
3.12 
3.051 
3.053 
3.268 
2.946 
2.94 
2.929 
2.914 
2.885 
2.841 
2.949 
2.819 
2.814 
2.81 
2.805 
2.805 
2.807 
2.791 
2.786 
2.781 
2.784 
2.777 
2.774 
2.767 
2.76 
2.756 
2.746 
2.739 
2.731 
2.72 
2.708 
2.696 
2.673 
2.635 
2.669 
2.723 
2.597 
2.591 
2.586 
2.578 
2.568 
2.555 
2.558 
2.547 
2.545 
2.544 
2.543 
2.54 
2.535 
2.529 
2.52 
2.511 
2.566 
2.504 
2.498 
2.496 
2.492 
2.486 
2.475 
2.456 
2.425 
2.378 
2.671 
2.613 
2.331 
2.33 
2.327 
2.323 
2.318 
2.313 
2.309 
2.307 
2.307 
2.307 
2.305 
2.301 
h 
2.222 
2.2 
2.197 
2.192 
2.184 
2.169 
2.144 
2.106 
2.039 
2.104 
1.978 
1.966 
1.956 
1.94 
1.918 
1.899 
1.901 
1.856 
1.829 
1.806 
1.79 
1.781 
1.768 
1.763 
1.753 
1.736 
1.709 
1.689 
1.782 
1.672 
1.671 
1.67 
1.669 
1.665 
1.662 
1.658 
1.655 
1.649 
1.639 
1.623 
1.592 
1.545 
1.702 
1.536 
1.533 
1.531 
1.529 
1.527 
1.525 
1.52 
1.515 
1.507 
1.499 
1.484 
1.464 
1.476 
1.453 
1.451 
1.445 
1.437 
1.422 
1.424 
1.415 
1.413 
1.411 
1.408 
1.403 
1.395 
1.384 
1.405 
1.377 
1.375 
1.371 
1.363 
1.348 
1.318 
1.266 
1.634 
1.386 
1.25 
1.242 
1.234 
1.229 
1.225 
1.22 
1.215 
1.211 
1.207 
1.204 
1.202 
1.193 
1.179 
1.152 
1.107 
1.178 
2.476 
1.053 
1.05 
1.048 
1.044 
h 
0.844 
