25.332 
25.331 
25.327 
25.318 
25.3 
25.264 
25.203 
25.111 
h 
23.081 
22.313 
22.178 
22.098 
21.926 
21.581 
20.923 
19.781 
20.415 
18.546 
18.392 
18.149 
17.819 
17.519 
17.426 
17.264 
17.037 
16.959 
16.768 
16.67 
16.504 
16.317 
16.227 
16.125 
15.992 
15.876 
15.704 
15.433 
15.78 
15.744 
15.153 
15.125 
15.072 
14.976 
14.855 
14.821 
14.807 
14.784 
14.765 
14.758 
14.746 
14.729 
14.706 
14.664 
14.597 
14.494 
14.597 
14.484 
14.399 
14.393 
14.382 
14.361 
14.323 
14.307 
14.302 
14.255 
14.249 
14.24 
14.222 
14.208 
14.181 
h 
13.215 
12.981 
12.919 
12.887 
12.822 
12.696 
12.452 
12.017 
11.391 
10.787 
11.992 
10.607 
10.299 
10.272 
10.219 
10.102 
9.989 
9.828 
9.561 
9.316 
9.284 
9.153 
9.087 
9.014 
8.937 
8.864 
8.763 
8.655 
8.466 
8.576 
8.399 
8.224 
8.202 
8.172 
8.114 
8.057 
8.017 
8.0 
7.988 
7.963 
7.917 
7.84 
7.756 
7.931 
7.712 
7.702 
7.683 
7.651 
7.609 
7.551 
7.49 
7.467 
7.441 
7.43 
7.41 
7.383 
7.354 
7.328 
7.322 
7.304 
7.293 
7.275 
7.251 
7.228 
7.202 
7.177 
7.155 
7.14 
7.117 
7.112 
7.209 
7.093 
7.09 
7.084 
7.071 
7.046 
6.999 
6.927 
6.885 
7.144 
6.845 
6.84 
6.832 
6.818 
6.809 
6.798 
6.792 
6.779 
6.755 
6.709 
6.635 
6.959 
6.614 
6.606 
6.604 
6.602 
6.596 
6.587 
6.575 
6.565 
h 
6.404 
6.362 
6.348 
6.333 
6.303 
6.244 
6.135 
5.972 
5.79 
5.801 
5.692 
5.681 
5.666 
5.65 
5.631 
5.593 
5.547 
5.511 
5.449 
5.395 
5.419 
5.347 
5.33 
5.3 
5.259 
5.217 
5.147 
5.041 
5.255 
4.995 
4.983 
4.963 
4.935 
4.909 
4.895 
4.87 
4.837 
4.826 
4.809 
4.775 
4.71 
4.592 
4.404 
6.613 
4.383 
4.371 
4.358 
4.349 
4.336 
4.32 
4.296 
4.264 
4.298 
4.231 
4.216 
4.212 
4.208 
4.199 
4.182 
4.151 
4.215 
4.139 
4.134 
4.125 
4.113 
4.109 
4.103 
4.096 
4.088 
4.079 
4.067 
4.052 
4.042 
4.036 
4.032 
4.025 
4.012 
4.008 
3.997 
3.994 
3.988 
3.974 
3.949 
3.906 
3.961 
4.65 
3.854 
3.853 
3.851 
3.848 
3.843 
3.833 
3.815 
3.783 
3.753 
4.062 
3.738 
3.736 
3.733 
3.727 
h 
3.599 
3.593 
3.588 
3.577 
3.555 
3.513 
3.43 
3.417 
3.207 
3.176 
3.149 
3.118 
3.075 
3.006 
2.891 
2.754 
2.68 
2.905 
2.586 
2.575 
2.555 
2.52 
2.472 
2.437 
2.475 
2.457 
2.379 
2.373 
2.364 
2.358 
2.353 
2.341 
2.319 
2.28 
2.467 
2.261 
2.255 
2.252 
2.248 
2.238 
2.218 
2.183 
2.215 
2.259 
2.145 
2.14 
2.133 
2.12 
2.097 
2.062 
2.185 
2.068 
2.033 
2.032 
2.029 
2.025 
2.017 
2.003 
1.992 
2.029 
1.982 
1.98 
1.977 
1.973 
1.968 
1.959 
1.955 
1.954 
1.953 
1.954 
1.952 
1.948 
1.943 
1.938 
1.927 
1.912 
1.958 
1.906 
1.905 
1.903 
1.9 
1.894 
1.882 
1.862 
1.828 
2.015 
2.155 
1.79 
1.789 
1.788 
1.787 
1.785 
1.781 
1.774 
1.763 
1.782 
1.757 
1.755 
1.753 
1.75 
h 
1.57 
1.566 
1.561 
1.555 
1.543 
1.518 
1.473 
1.399 
1.271 
1.11 
1.052 
1.042 
1.028 
1.013 
1.003 
1.003 
0.998 
0.994 
0.987 
0.977 
0.967 
0.952 
0.939 
0.937 
0.935 
0.924 
0.906 
0.88 
0.86 
