32.744 
32.334 
31.122 
28.51 
25.16 
25.019 
25.008 
25.008 
25.007 
25.005 
25.002 
25.002 
25.004 
h 
22.95 
22.882 
22.727 
22.475 
22.237 
21.864 
21.194 
20.178 
19.204 
17.94 
17.236 
30.133 
16.755 
16.701 
16.638 
16.58 
16.502 
16.348 
16.06 
15.523 
14.607 
13.455 
19.475 
15.586 
13.246 
13.227 
13.224 
13.217 
13.203 
13.174 
13.121 
13.041 
12.962 
12.9 
13.141 
12.861 
12.854 
12.842 
12.821 
12.788 
12.746 
12.758 
12.753 
12.71 
12.708 
12.705 
12.701 
12.697 
12.689 
12.672 
12.642 
12.587 
h 
11.749 
11.389 
11.304 
11.263 
11.189 
11.056 
10.825 
10.428 
9.824 
9.225 
9.023 
8.974 
8.532 
8.46 
8.335 
8.136 
7.873 
8.175 
7.791 
7.717 
7.686 
7.633 
7.559 
7.487 
7.385 
7.32 
8.163 
7.246 
7.227 
7.201 
7.151 
7.061 
6.923 
6.851 
7.565 
6.754 
6.744 
6.727 
6.7 
6.664 
6.642 
6.623 
6.605 
6.579 
6.608 
6.535 
6.52 
6.509 
6.49 
6.462 
6.451 
6.435 
6.43 
6.42 
6.401 
6.366 
6.309 
6.406 
6.35 
6.251 
6.248 
6.243 
6.233 
6.213 
6.181 
6.146 
7.066 
6.127 
6.113 
6.112 
6.111 
6.109 
6.106 
6.104 
6.097 
6.088 
h 
6.046 
6.039 
6.023 
5.993 
5.936 
5.848 
6.137 
5.688 
5.565 
5.41 
5.31 
5.231 
5.194 
5.159 
5.133 
5.107 
5.074 
5.026 
5.015 
4.98 
4.965 
4.937 
4.888 
4.828 
4.965 
5.066 
4.828 
4.816 
4.812 
4.806 
4.802 
4.797 
4.797 
4.79 
4.779 
4.764 
4.741 
4.708 
4.72 
4.692 
4.687 
4.679 
4.664 
4.649 
4.623 
4.594 
4.689 
4.578 
4.575 
4.57 
4.564 
4.56 
4.551 
4.538 
4.527 
4.545 
4.525 
4.524 
4.524 
4.523 
4.522 
4.522 
4.519 
h 
4.347 
4.342 
4.333 
4.317 
4.308 
4.295 
4.279 
4.259 
4.225 
4.185 
4.171 
4.151 
4.113 
4.054 
4.035 
4.077 
3.993 
3.989 
3.982 
3.971 
3.967 
3.962 
3.958 
3.956 
3.955 
h 
3.669 
3.665 
3.661 
3.654 
3.639 
3.61 
3.557 
3.47 
3.295 
3.044 
2.829 
2.785 
2.739 
2.691 
2.668 
2.697 
2.55 
2.484 
2.405 
2.362 
2.339 
2.303 
2.251 
2.214 
2.219 
2.181 
2.18 
2.175 
2.169 
2.163 
2.172 
2.152 
2.151 
2.15 
2.148 
2.147 
2.142 
2.131 
2.111 
2.08 
2.083 
2.26 
2.052 
2.051 
2.05 
2.048 
2.045 
2.041 
2.035 
2.025 
2.03 
2.119 
2.017 
2.015 
2.015 
2.013 
2.01 
2.006 
1.999 
1.994 
1.995 
1.994 
1.994 
1.994 
1.992 
1.992 
1.991 
1.99 
h 
1.796 
1.794 
1.788 
1.779 
1.766 
1.753 
1.74 
1.719 
1.678 
1.603 
1.486 
1.426 
1.393 
1.342 
1.32 
1.301 
1.287 
1.278 
1.271 
1.261 
1.245 
1.221 
1.196 
1.173 
1.196 
1.167 
1.163 
1.157 
1.147 
1.134 
1.136 
1.123 
1.115 
1.114 
1.115 
1.108 
1.105 
1.101 
1.093 
1.092 
1.08 
1.086 
1.073 
1.073 
1.073 
1.072 
1.07 
1.068 
1.066 
1.062 
1.058 
1.051 
1.04 
1.082 
1.033 
1.031 
1.028 
1.023 
1.017 
1.014 
1.011 
1.01 
1.008 
1.007 
1.005 
1.003 
0.998 
0.991 
0.993 
0.99 
0.988 
0.985 
0.985 
0.984 
0.982 
0.98 
0.977 
0.982 
0.975 
0.972 
0.972 
0.97 
0.968 
0.965 
0.961 
0.961 
0.96 
0.96 
0.96 
0.96 
0.959 
h 
0.793 
0.784 
0.775 
0.772 
0.769 
0.768 
0.763 
0.749 
0.725 
0.681 
0.603 
0.497 
