25.687 
25.667 
25.612 
25.515 
25.426 
25.417 
25.399 
25.369 
25.313 
25.221 
25.115 
25.321 
25.123 
25.096 
25.094 
25.09 
25.082 
25.066 
25.044 
h 
23.815 
23.645 
23.535 
23.394 
23.104 
22.586 
21.802 
21.006 
20.471 
20.15 
19.771 
19.397 
19.377 
18.95 
18.631 
18.107 
17.445 
17.109 
19.152 
16.8 
16.776 
16.742 
16.673 
16.537 
16.291 
15.93 
15.584 
15.301 
15.608 
16.129 
15.149 
15.123 
15.102 
15.061 
14.989 
14.888 
14.77 
14.732 
14.683 
14.58 
14.546 
14.489 
14.414 
14.331 
14.286 
14.377 
14.26 
14.243 
14.213 
14.157 
14.078 
14.038 
14.011 
14.005 
13.998 
13.992 
13.984 
13.976 
13.971 
h 
13.738 
13.708 
13.666 
13.577 
13.406 
13.088 
12.529 
11.624 
10.584 
10.078 
9.9 
9.682 
9.604 
9.53 
9.429 
9.281 
9.182 
9.459 
9.081 
9.063 
9.027 
8.956 
8.821 
8.593 
8.712 
8.826 
8.139 
8.101 
8.048 
7.974 
7.903 
7.82 
7.699 
7.497 
7.27 
9.31 
7.181 
7.169 
7.145 
7.103 
7.029 
6.952 
7.247 
6.888 
6.871 
6.842 
6.804 
6.751 
6.744 
6.775 
6.694 
6.688 
6.678 
6.667 
6.647 
6.612 
6.577 
6.624 
6.565 
6.561 
6.555 
6.546 
6.538 
6.537 
6.526 
6.523 
6.517 
6.506 
6.488 
6.475 
6.512 
6.465 
6.463 
6.461 
6.456 
6.448 
6.442 
6.461 
h 
6.264 
6.24 
6.221 
6.213 
6.202 
6.181 
6.15 
6.102 
6.014 
5.863 
5.683 
5.95 
5.615 
5.605 
5.596 
5.586 
5.573 
5.559 
5.554 
5.547 
5.532 
5.508 
5.467 
5.421 
5.609 
5.42 
5.39 
5.38 
5.369 
5.362 
5.351 
5.335 
5.315 
5.335 
5.308 
5.302 
5.295 
5.281 
5.257 
5.236 
5.23 
5.207 
5.205 
5.201 
5.194 
5.184 
5.162 
5.136 
5.164 
5.229 
5.11 
5.103 
5.092 
5.079 
5.076 
5.07 
5.065 
5.062 
5.06 
h 
4.972 
4.961 
4.941 
4.929 
4.907 
4.869 
4.811 
4.71 
4.557 
4.433 
4.381 
4.337 
4.32 
4.297 
4.263 
4.226 
4.406 
4.212 
4.21 
4.209 
4.204 
4.197 
4.193 
4.169 
4.143 
4.102 
4.063 
4.04 
4.034 
4.185 
4.008 
4.003 
3.992 
3.975 
3.956 
3.937 
3.926 
3.912 
3.887 
3.851 
3.829 
3.813 
3.851 
3.792 
3.784 
3.771 
3.75 
3.73 
3.698 
3.667 
3.713 
3.667 
3.636 
3.621 
3.603 
3.6 
3.596 
3.593 
3.59 
3.583 
3.57 
3.55 
3.518 
3.551 
3.503 
3.499 
3.492 
3.48 
3.472 
3.463 
3.452 
3.444 
3.443 
3.425 
3.417 
3.405 
3.395 
3.384 
3.365 
3.347 
3.345 
3.328 
3.324 
3.318 
3.312 
3.302 
3.287 
3.265 
3.237 
3.342 
3.228 
3.226 
3.222 
3.215 
3.204 
3.192 
3.189 
3.177 
3.169 
3.157 
h 
2.916 
2.887 
2.903 
2.867 
2.85 
2.813 
2.74 
2.601 
2.351 
2.021 
1.813 
1.684 
1.664 
1.501 
1.519 
1.42 
1.403 
1.38 
1.366 
1.365 
1.348 
1.335 
1.324 
1.315 
1.308 
1.298 
1.283 
1.266 
1.255 
1.245 
1.23 
1.228 
1.29 
1.217 
1.217 
1.215 
1.213 
1.208 
1.202 
1.218 
1.234 
1.201 
1.199 
1.197 
1.195 
1.194 
1.192 
1.189 
1.186 
1.184 
1.182 
1.179 
1.172 
1.171 
1.171 
1.161 
1.159 
1.157 
1.153 
1.15 
1.146 
1.142 
1.137 
1.133 
1.13 
1.13 
1.129 
1.127 
1.124 
1.119 
1.112 
1.108 
1.122 
1.1 
1.099 
1.096 
1.092 
1.088 
1.087 
1.085 
1.083 
1.079 
1.072 
1.06 
1.099 
1.063 
1.049 
1.048 
1.047 
1.045 
1.043 
1.042 
1.039 
1.034 
1.034 
1.03 
1.028 
1.027 
1.026 
1.025 
h 
0.915 
0.915 
0.913 
0.911 
0.908 
0.902 
0.892 
0.875 
0.847 
0.794 
0.707 
0.585 
0.473 
0.438 
0.403 
0.366 
0.353 
0.304 
0.288 
0.279 
