29.568 
29.276 
28.443 
26.804 
25.218 
25.195 
25.154 
25.09 
25.062 
25.039 
25.032 
25.02 
25.014 
h 
22.945 
22.879 
22.723 
22.457 
22.175 
21.744 
21.018 
20.112 
19.464 
18.587 
18.426 
17.972 
17.833 
17.607 
17.381 
17.286 
17.232 
17.156 
17.003 
16.707 
16.17 
15.316 
17.235 
25.092 
14.106 
14.08 
14.059 
14.028 
13.967 
13.873 
13.769 
13.642 
13.638 
13.571 
13.551 
13.511 
13.433 
13.288 
13.357 
13.329 
13.12 
13.107 
13.086 
13.059 
13.039 
13.002 
12.945 
13.0 
13.04 
12.876 
12.871 
12.861 
12.843 
12.829 
12.814 
12.808 
12.803 
12.795 
12.781 
12.754 
12.708 
12.705 
13.139 
12.633 
12.631 
12.627 
12.619 
12.606 
12.615 
12.646 
12.585 
12.583 
h 
12.314 
12.298 
12.268 
12.205 
12.072 
11.813 
11.349 
10.629 
9.891 
9.775 
12.502 
9.21 
9.174 
9.121 
9.064 
9.006 
8.9 
8.702 
8.379 
8.103 
8.007 
7.897 
7.841 
7.763 
7.665 
7.547 
7.406 
7.288 
7.205 
7.131 
7.076 
6.978 
6.842 
6.718 
6.981 
6.655 
6.641 
6.616 
6.572 
6.52 
6.532 
6.496 
6.492 
6.483 
6.467 
6.436 
6.379 
6.292 
6.799 
6.261 
6.256 
6.251 
6.241 
6.225 
6.231 
6.208 
6.202 
6.201 
h 
5.95 
5.937 
5.929 
5.921 
5.907 
5.878 
5.825 
5.742 
5.642 
5.438 
5.506 
5.363 
5.352 
5.336 
5.313 
5.295 
5.272 
5.237 
5.204 
5.204 
5.186 
5.18 
5.172 
5.167 
5.159 
5.148 
5.134 
5.209 
5.119 
5.114 
5.106 
5.09 
5.065 
5.041 
5.126 
5.04 
5.018 
5.017 
5.014 
5.008 
4.997 
4.978 
4.959 
4.963 
4.945 
4.939 
4.933 
4.925 
4.912 
4.892 
4.912 
4.883 
4.881 
4.88 
4.879 
4.876 
4.87 
4.861 
4.861 
4.853 
4.844 
4.844 
4.842 
4.838 
h 
4.251 
4.247 
4.236 
4.216 
4.182 
4.192 
4.114 
4.034 
3.893 
3.684 
3.535 
3.498 
3.421 
3.394 
3.366 
3.328 
3.284 
3.306 
3.273 
3.256 
3.244 
3.231 
3.211 
3.172 
3.162 
3.156 
3.134 
3.096 
3.055 
3.024 
2.99 
2.985 
2.969 
2.947 
2.915 
2.887 
2.85 
2.798 
2.722 
2.788 
2.683 
2.66 
2.657 
2.652 
2.643 
2.626 
2.596 
2.539 
2.453 
2.74 
2.464 
2.381 
2.376 
2.369 
2.357 
2.342 
2.327 
2.415 
2.311 
2.303 
2.291 
2.273 
2.24 
2.223 
2.216 
2.199 
2.195 
2.188 
2.179 
2.169 
2.154 
2.131 
2.124 
2.2 
2.101 
2.099 
2.095 
2.088 
2.075 
2.066 
2.072 
2.059 
2.057 
2.056 
2.052 
2.038 
2.041 
2.027 
2.025 
2.021 
2.016 
2.012 
2.011 
1.999 
1.987 
1.98 
1.978 
1.979 
1.976 
1.971 
h 
1.753 
1.724 
1.72 
1.715 
1.71 
1.702 
1.686 
1.669 
1.645 
1.616 
1.602 
1.605 
1.585 
1.566 
1.545 
1.53 
1.517 
1.494 
1.464 
1.466 
1.828 
1.451 
1.443 
1.432 
1.414 
1.392 
1.385 
1.404 
1.385 
1.385 
1.384 
1.383 
1.378 
1.369 
1.356 
1.345 
1.339 
1.33 
1.322 
1.326 
1.329 
1.316 
1.316 
1.313 
1.309 
1.311 
1.293 
1.296 
1.294 
1.29 
1.281 
1.266 
1.28 
1.26 
1.253 
1.251 
1.25 
1.247 
1.241 
1.232 
1.227 
1.247 
1.224 
1.222 
1.219 
1.216 
1.209 
1.198 
1.188 
1.215 
1.178 
1.176 
1.175 
1.171 
1.166 
1.162 
1.161 
1.16 
1.159 
1.156 
1.151 
1.14 
1.145 
1.135 
1.129 
1.128 
1.126 
1.122 
1.119 
1.115 
1.112 
1.113 
1.111 
1.11 
1.111 
1.109 
1.108 
1.105 
1.101 
1.101 
h 
0.916 
0.915 
0.891 
0.868 
0.852 
0.845 
0.844 
0.835 
0.817 
0.786 
