30.2 
29.882 
28.968 
27.126 
25.181 
25.149 
25.132 
25.103 
h 
23.058 
22.831 
22.602 
22.473 
22.202 
21.675 
20.828 
19.676 
h 
18.636 
18.744 
18.183 
17.846 
17.237 
16.355 
15.118 
14.153 
h 
12.397 
12.737 
12.163 
11.742 
11.308 
10.514 
9.314 
8.198 
7.681 
7.409 
h 
6.595 
6.458 
6.367 
6.306 
6.256 
6.183 
6.287 
6.093 
h 
5.559 
5.499 
5.425 
5.358 
5.286 
5.219 
5.072 
4.852 
h 
3.532 
3.472 
3.433 
3.382 
3.323 
3.511 
3.124 
2.91 
h 
2.431 
2.034 
1.899 
1.865 
1.829 
1.798 
1.677 
1.549 
h 
1.072 
0.968 
0.854 
0.789 
0.711 
0.61 
0.575 
0.879 
h 
0.568 
0.497 
