26.612 
26.515 
26.252 
25.794 
25.469 
25.454 
25.427 
25.383 
h 
24.988 
24.91 
24.715 
24.343 
23.735 
23.069 
21.879 
21.005 
h 
17.141 
17.046 
16.792 
16.505 
16.009 
15.167 
14.172 
13.505 
h 
12.0 
11.901 
11.804 
11.764 
11.716 
11.628 
11.461 
11.21 
h 
10.767 
10.498 
10.46 
10.403 
10.303 
10.145 
9.938 
9.625 
h 
10.09 
9.054 
8.897 
8.759 
8.528 
8.141 
7.488 
6.525 
h 
5.795 
5.786 
5.647 
5.498 
5.238 
4.88 
4.476 
4.227 
h 
3.469 
3.364 
3.26 
3.146 
2.949 
2.85 
2.739 
2.571 
h 
1.631 
1.504 
1.377 
1.369 
1.266 
1.211 
1.107 
0.925 
h 
0.506 
