25.481 
25.479 
25.472 
25.456 
25.428 
25.388 
25.363 
25.341 
h 
22.882 
22.795 
22.661 
22.519 
22.234 
21.682 
20.712 
19.473 
h 
18.57 
18.578 
18.056 
17.633 
16.883 
15.744 
14.463 
13.975 
h 
12.289 
12.113 
11.98 
11.806 
11.692 
11.524 
11.228 
10.785 
h 
9.89 
9.586 
9.394 
9.08 
8.644 
7.983 
7.186 
5.662 
h 
4.052 
3.971 
3.928 
3.885 
3.86 
3.833 
3.785 
3.739 
h 
3.194 
3.128 
3.058 
2.958 
2.877 
2.847 
2.77 
2.674 
h 
2.201 
2.054 
1.942 
1.912 
1.84 
1.782 
1.691 
1.56 
h 
1.189 
