25.79 
25.745 
25.623 
25.415 
25.265 
25.257 
25.238 
25.204 
h 
22.525 
22.35 
22.177 
22.054 
21.815 
21.367 
20.591 
19.487 
h 
16.478 
16.936 
16.184 
16.051 
15.788 
15.291 
14.492 
13.66 
13.327 
12.969 
h 
11.412 
11.386 
11.334 
11.235 
11.068 
10.826 
10.414 
9.854 
h 
7.616 
7.551 
7.485 
7.382 
7.2 
6.894 
6.357 
5.573 
h 
4.727 
4.585 
4.621 
4.524 
4.5 
4.458 
4.377 
4.218 
h 
3.901 
3.85 
3.841 
3.686 
3.646 
3.634 
3.611 
3.568 
h 
3.473 
3.349 
3.301 
3.251 
3.21 
3.133 
2.98 
2.694 
h 
1.876 
1.673 
1.281 
1.104 
1.048 
1.03 
0.984 
0.943 
h 
0.667 
0.639 
0.61 
0.582 
0.564 
0.537 
0.52 
0.504 
h 
0.292 
0.25 
0.193 
