29.355 
29.06 
28.222 
26.588 
25.089 
25.08 
25.064 
25.041 
h 
22.432 
22.239 
21.907 
21.644 
21.495 
21.221 
20.781 
20.333 
h 
17.527 
16.849 
15.877 
15.267 
18.39 
14.577 
13.95 
13.138 
12.766 
12.508 
12.386 
12.397 
12.192 
h 
11.636 
11.544 
11.506 
11.464 
11.383 
11.236 
10.986 
10.761 
h 
10.071 
9.526 
9.17 
9.443 
8.731 
8.329 
7.664 
6.587 
h 
4.993 
4.763 
4.687 
4.609 
4.522 
4.432 
4.302 
4.114 
h 
3.974 
3.549 
3.523 
3.479 
3.417 
3.402 
3.351 
3.306 
h 
3.027 
3.02 
2.998 
2.971 
2.926 
2.851 
2.715 
2.677 
h 
2.05 
1.968 
1.877 
1.814 
1.78 
1.733 
1.676 
1.593 
h 
1.141 
1.037 
0.982 
0.913 
0.827 
0.811 
1.096 
0.712 
h 
0.539 
0.533 
0.525 
0.518 
0.519 
0.52 
0.517 
0.507 
h 
0.487 
0.469 
0.456 
0.449 
0.444 
0.433 
0.418 
0.405 
h 
0.264 
