25.994 
25.905 
25.663 
25.25 
25.011 
25.008 
25.007 
25.006 
h 
23.24 
23.19 
23.098 
22.959 
22.696 
22.2 
21.315 
19.993 
h 
16.275 
19.531 
16.06 
15.817 
15.455 
14.799 
13.814 
12.856 
12.367 
13.188 
h 
12.985 
12.241 
12.17 
12.167 
12.163 
12.16 
12.138 
12.125 
h 
11.085 
11.04 
11.006 
10.971 
10.904 
10.791 
10.639 
10.381 
h 
8.825 
8.502 
8.182 
8.036 
7.823 
7.607 
7.138 
6.383 
h 
4.849 
4.626 
4.526 
4.415 
4.238 
4.012 
3.803 
3.651 
h 
2.419 
2.495 
2.391 
2.286 
2.249 
2.182 
2.06 
1.85 
1.53 
1.22 
h 
0.566 
0.445 
