26.75 
26.623 
26.279 
25.679 
25.282 
25.266 
25.24 
25.206 
h 
23.175 
23.095 
23.015 
22.858 
22.53 
21.895 
20.775 
19.167 
h 
16.178 
18.086 
15.639 
15.35 
15.029 
14.549 
13.925 
13.608 
13.386 
13.042 
h 
11.43 
11.296 
11.21 
11.248 
11.093 
10.975 
10.774 
10.476 
h 
8.998 
8.87 
8.743 
8.661 
8.53 
8.272 
7.776 
7.061 
h 
5.97 
5.458 
4.903 
4.865 
4.966 
4.787 
4.729 
4.616 
h 
3.03 
2.897 
2.704 
2.548 
2.41 
2.311 
2.143 
1.931 
h 
1.229 
1.173 
1.136 
1.096 
1.036 
0.965 
0.971 
0.898 
h 
0.667 
0.562 
0.471 
0.392 
0.297 
0.158 
