30.822 
30.488 
29.515 
27.502 
25.16 
25.095 
25.083 
25.066 
h 
22.591 
22.389 
22.162 
22.036 
21.836 
21.432 
20.65 
19.242 
h 
16.268 
15.769 
33.889 
16.193 
23.384 
13.786 
13.577 
13.367 
13.064 
12.68 
12.499 
h 
11.412 
11.387 
11.345 
11.302 
11.214 
11.048 
10.788 
10.364 
h 
8.622 
8.403 
8.189 
8.104 
7.983 
7.759 
7.401 
6.909 
h 
5.309 
5.035 
4.726 
4.382 
4.38 
4.051 
3.875 
3.559 
h 
2.965 
2.908 
2.879 
2.973 
2.807 
2.788 
2.75 
2.688 
h 
2.261 
2.206 
2.248 
2.188 
2.176 
2.152 
2.107 
2.027 
h 
1.787 
1.666 
1.439 
1.324 
1.258 
1.217 
1.155 
1.064 
h 
0.751 
0.603 
