26.039 
25.98 
25.821 
25.544 
25.333 
25.318 
25.29 
25.241 
h 
24.953 
24.868 
24.725 
24.461 
23.956 
23.088 
22.028 
21.721 
h 
18.407 
17.772 
16.915 
16.486 
16.579 
15.483 
14.623 
13.717 
h 
12.76 
12.482 
12.353 
12.161 
11.929 
11.606 
11.109 
10.333 
h 
8.227 
7.992 
7.899 
7.822 
7.612 
7.389 
6.991 
6.354 
h 
4.552 
4.499 
4.415 
4.352 
4.239 
4.038 
3.834 
3.777 
h 
3.573 
3.434 
3.318 
3.325 
3.31 
3.301 
3.285 
3.27 
h 
2.885 
2.823 
2.749 
2.687 
2.607 
2.545 
2.431 
2.28 
h 
1.693 
1.378 
1.157 
1.103 
1.072 
1.017 
0.915 
0.758 
h 
0.337 
