29.947 
29.642 
28.77 
27.043 
25.323 
25.289 
25.239 
25.155 
h 
22.171 
22.278 
21.943 
21.849 
21.667 
21.318 
20.738 
20.038 
h 
17.273 
16.969 
16.6 
15.932 
14.897 
15.474 
13.936 
13.393 
h 
12.033 
12.186 
11.814 
11.687 
11.564 
11.405 
11.142 
10.776 
10.494 
10.449 
h 
9.112 
9.046 
8.948 
8.782 
8.569 
8.433 
8.039 
7.229 
h 
6.199 
5.741 
5.443 
5.173 
4.934 
4.729 
4.503 
4.24 
h 
3.177 
3.089 
2.989 
2.891 
2.732 
2.566 
2.374 
2.089 
h 
1.673 
1.462 
1.316 
1.171 
1.057 
0.906 
0.829 
0.723 
h 
0.36 
0.246 
