26.066 
26.0 
25.821 
25.511 
25.301 
25.267 
25.205 
25.117 
h 
24.645 
24.504 
24.387 
24.166 
23.721 
22.918 
21.767 
21.064 
h 
19.623 
18.687 
17.937 
17.482 
16.557 
15.7 
14.623 
14.065 
h 
13.614 
13.362 
13.184 
12.904 
12.539 
12.032 
11.297 
10.313 
h 
9.914 
9.676 
9.544 
9.349 
9.108 
8.661 
7.86 
6.577 
h 
4.754 
4.173 
3.784 
3.729 
3.805 
3.507 
3.49 
3.415 
h 
2.956 
2.984 
2.852 
2.815 
2.746 
2.622 
2.419 
2.176 
h 
2.29 
3.405 
2.212 
6.977 
1.991 
1.909 
1.876 
1.87 
1.865 
1.86 
1.845 
1.816 
h 
1.658 
1.63 
1.627 
1.608 
1.599 
1.582 
1.553 
1.494 
h 
1.345 
1.224 
1.15 
1.106 
1.04 
1.14 
0.974 
0.888 
h 
0.51 
0.404 
