26.75,NA
26.623,NA
26.279,NA
25.679,NA
25.282,NA
25.266,NA
25.24,NA
25.206,25.666
23.175,NA
23.095,NA
23.015,NA
22.858,NA
22.53,NA
21.895,NA
20.775,NA
19.167,19.627000000000002
16.178,NA
18.086,NA
15.639,NA
15.35,NA
15.029,NA
14.549,NA
13.925,NA
13.608,NA
13.386,NA
13.042,13.502
11.43,NA
11.296,NA
11.21,NA
11.248,NA
11.093,NA
10.975,NA
10.774,NA
10.476,10.936000000000002
8.998,NA
8.87,NA
8.743,NA
8.661,NA
8.53,NA
8.272,NA
7.776,NA
7.061,7.521
5.97,NA
5.458,NA
4.903,NA
4.865,NA
4.966,NA
4.787,NA
4.729,NA
4.616,5.076
3.03,NA
2.897,NA
2.704,NA
2.548,NA
2.41,NA
2.311,NA
2.143,NA
1.931,2.391
1.229,NA
1.173,NA
1.136,NA
1.096,NA
1.036,NA
0.965,NA
0.971,NA
0.898,1.358
0.667,NA
0.562,NA
0.471,NA
0.392,NA
0.297,NA
0.158,NA
