30.081 
29.749 
28.798 
26.913 
25.106 
25.097 
25.082 
25.061 
h 
22.854 
22.735 
22.664 
22.563 
22.353 
21.957 
21.295 
20.377 
h 
17.508 
17.088 
17.103 
16.238 
15.875 
15.301 
14.457 
13.613 
h 
13.133 
13.466 
12.874 
12.715 
12.512 
12.312 
11.995 
11.564 
11.139 
10.818 
h 
10.296 
9.753 
9.352 
10.049 
8.788 
8.245 
7.372 
6.023 
h 
4.486 
4.419 
4.393 
4.354 
4.3 
4.212 
4.053 
3.817 
h 
3.533 
3.62 
3.359 
3.299 
3.253 
3.178 
3.036 
2.793 
2.522 
2.386 
h 
1.797 
1.742 
1.735 
1.721 
1.705 
1.677 
1.634 
1.572 
h 
1.432 
1.264 
1.097 
1.078 
1.071 
1.069 
1.063 
1.054 
h 
0.766 
0.751 
0.73 
0.697 
0.65 
0.58 
0.51 
0.458 
