27.482 
27.298 
26.793 
25.876 
25.229 
25.199 
25.179 
25.142 
h 
23.332 
23.283 
23.143 
22.996 
22.7 
22.164 
21.386 
20.824 
h 
17.104 
16.537 
16.385 
15.94 
15.552 
14.875 
13.877 
12.927 
h 
11.204 
11.638 
11.259 
11.005 
10.839 
10.623 
10.279 
9.806 
9.548 
9.416 
h 
7.734 
7.528 
7.494 
7.545 
7.28 
7.065 
6.676 
6.016 
h 
3.784 
3.528 
3.247 
3.161 
2.944 
2.666 
2.431 
2.105 
h 
1.624 
1.603 
1.558 
1.482 
1.412 
1.367 
1.254 
1.157 
h 
0.889 
0.73 
0.651 
0.569 
0.514 
0.437 
0.382 
0.309 
