27.069 
26.921 
26.515 
25.79 
25.283 
25.258 
25.228 
25.181 
h 
22.731 
22.295 
22.242 
22.116 
21.852 
21.342 
20.458 
19.256 
h 
18.319 
18.555 
17.788 
17.47 
16.91 
16.018 
14.734 
13.727 
14.204 
13.458 
h 
10.661 
10.558 
10.425 
10.307 
10.091 
9.746 
9.179 
8.408 
h 
7.371 
7.342 
6.854 
6.63 
6.457 
6.279 
6.043 
5.711 
h 
4.731 
4.792 
4.643 
4.592 
4.501 
4.363 
4.184 
4.504 
3.807 
3.728 
h 
3.159 
3.141 
3.165 
3.115 
3.091 
3.052 
2.981 
2.84 
h 
2.513 
2.126 
1.69 
1.573 
1.461 
1.369 
