29.13 
28.891 
28.222 
26.953 
25.794 
25.729 
25.615 
25.434 
h 
22.997 
22.748 
22.659 
22.534 
22.282 
21.81 
21.064 
20.331 
h 
19.535 
19.163 
18.849 
18.254 
17.279 
16.141 
14.862 
14.34 
h 
12.622 
12.533 
12.439 
12.32 
12.206 
12.055 
11.953 
11.83 
h 
11.76 
11.681 
11.661 
11.603 
11.524 
11.362 
11.06 
10.553 
h 
8.363 
8.087 
7.768 
7.709 
7.73 
7.342 
7.025 
6.45 
h 
4.862 
4.261 
3.907 
3.581 
3.231 
3.204 
3.169 
3.152 
h 
3.087 
3.076 
3.053 
3.012 
2.932 
2.744 
2.619 
2.948 
h 
1.869 
1.793 
1.724 
1.703 
1.695 
1.678 
1.655 
1.643 
h 
1.615 
1.575 
1.521 
1.47 
1.457 
1.408 
1.362 
1.215 
h 
1.72 
1.133 
1.011 
0.934 
0.899 
0.862 
0.845 
0.818 
h 
0.625 
0.733 
0.608 
0.589 
0.576 
0.554 
0.529 
0.511 
0.496 
0.493 
h 
0.416 
0.402 
0.393 
0.379 
0.355 
0.312 
0.26 
