30.836 30.487 29.475 27.396 25.094 25.059 25.055 25.048 h 24.979 24.927 24.808 24.549 24.044 23.176 22.103 21.748 h 17.845 17.296 17.008 16.651 16.046 15.1 14.241 13.38 h 12.141 12.121 12.081 12.001 11.852 11.572 11.102 10.498 h 9.978 9.875 9.819 9.799 9.776 9.733 9.648 9.493 h 7.421 7.078 7.035 6.835 6.648 6.365 5.892 5.067 h 3.837 2.787 3.089 3.025 2.501 2.769 2.364 2.358 h 2.319 2.318 2.321 2.32 2.319 2.316 2.312 2.308 h 2.308 2.288 2.286 2.276 2.271 2.284 2.273 2.248 h 2.052 1.873 1.828 1.778 1.708 1.639 1.637 1.621 h 1.297 1.291 1.281 1.261 1.255 1.233 1.225 1.19 h 0.912 0.881 0.868 0.856 0.832 0.791 0.777 0.713 h 0.354 0.296 
25.758 25.694 25.52 25.229 25.066 25.062 25.057 25.055 h 23.293 23.254 23.166 23.016 22.718 22.143 21.113 19.564 h 17.241 20.732 16.77 16.356 15.881 15.114 14.106 13.525 13.144 12.799 h 12.5 12.364 12.289 12.207 12.128 12.031 11.886 11.666 h 9.805 10.001 9.553 9.384 9.049 8.474 7.493 5.979 4.547 3.744 h 3.143 3.092 3.064 3.061 3.055 3.045 3.034 3.023 h 2.973 2.955 2.921 2.858 2.781 2.826 2.651 2.535 h 1.864 1.709 1.623 1.537 1.534 1.479 1.383 1.261 h 1.096 1.237 
26.324 26.222 25.946 25.466 25.152 25.143 25.133 25.127 h 23.352 23.256 23.1 22.935 22.682 22.195 21.359 20.257 h 16.256 15.923 17.109 15.282 14.981 14.508 13.822 13.346 13.196 12.969 12.792 h 12.574 12.457 12.344 12.196 12.044 11.793 11.351 10.691 h 8.611 8.538 8.287 8.104 7.835 7.424 6.813 5.92 h 4.707 4.339 4.291 4.152 4.132 4.108 4.063 3.981 h 3.454 3.432 3.402 3.365 3.347 3.321 3.274 3.195 h 2.645 
26.039 25.98 25.821 25.544 25.333 25.318 25.29 25.241 h 24.953 24.868 24.725 24.461 23.956 23.088 22.028 21.721 h 18.407 17.772 16.915 16.486 16.579 15.483 14.623 13.717 h 12.76 12.482 12.353 12.161 11.929 11.606 11.109 10.333 h 8.227 7.992 7.899 7.822 7.612 7.389 6.991 6.354 h 4.552 4.499 4.415 4.352 4.239 4.038 3.834 3.777 h 3.573 3.434 3.318 3.325 3.31 3.301 3.285 3.27 h 2.885 2.823 2.749 2.687 2.607 2.545 2.431 2.28 h 1.693 1.378 1.157 1.103 1.072 1.017 0.915 0.758 h 0.337 
27.069 26.921 26.515 25.79 25.283 25.258 25.228 25.181 h 22.731 22.295 22.242 22.116 21.852 21.342 20.458 19.256 h 18.319 18.555 17.788 17.47 16.91 16.018 14.734 13.727 14.204 13.458 h 10.661 10.558 10.425 10.307 10.091 9.746 9.179 8.408 h 7.371 7.342 6.854 6.63 6.457 6.279 6.043 5.711 h 4.731 4.792 4.643 4.592 4.501 4.363 4.184 4.504 3.807 3.728 h 3.159 3.141 3.165 3.115 3.091 3.052 2.981 2.84 h 2.513 2.126 1.69 1.573 1.461 1.369 
25.928 25.896 25.809 25.658 25.529 25.48 25.434 25.383 h 23.276 23.176 23.022 22.804 22.365 21.575 20.421 19.656 h 16.604 16.437 16.286 15.988 15.485 14.78 13.831 13.199 h 12.655 12.413 12.127 11.973 11.774 11.436 11.003 10.403 h 10.05 9.959 9.855 9.707 9.563 9.23 8.688 7.742 h 6.237 5.695 4.989 4.675 4.462 4.071 3.793 3.613 h 3.138 3.093 3.003 2.844 2.62 2.482 2.561 2.061 h 1.116 0.992 0.822 0.67 0.567 0.598 0.509 0.431 h 0.196 
25.481 25.479 25.472 25.456 25.428 25.388 25.363 25.341 h 22.882 22.795 22.661 22.519 22.234 21.682 20.712 19.473 h 18.57 18.578 18.056 17.633 16.883 15.744 14.463 13.975 h 12.289 12.113 11.98 11.806 11.692 11.524 11.228 10.785 h 9.89 9.586 9.394 9.08 8.644 7.983 7.186 5.662 h 4.052 3.971 3.928 3.885 3.86 3.833 3.785 3.739 h 3.194 3.128 3.058 2.958 2.877 2.847 2.77 2.674 h 2.201 2.054 1.942 1.912 1.84 1.782 1.691 1.56 h 1.189 
27.481 27.337 26.942 26.229 25.643 25.61 25.545 25.428 h 22.988 22.974 22.778 22.641 22.361 21.83 20.945 19.897 h 16.769 16.786 16.229 16.007 15.678 15.109 14.371 13.701 h 12.813 12.674 12.495 12.278 12.114 11.82 11.299 10.482 h 8.339 8.713 8.207 8.154 8.063 7.895 7.638 7.263 6.877 6.795 h 6.429 6.326 6.246 6.191 6.104 5.984 5.89 5.772 h 5.1 5.265 4.959 4.906 4.807 4.617 4.295 4.141 4.389 3.69 h 3.448 3.399 3.342 3.301 3.236 3.129 2.989 2.735 h 2.419 2.366 2.052 2.023 1.997 1.978 1.943 1.884 h 1.692 1.557 1.434 1.361 1.319 1.268 1.223 1.141 h 0.79 0.621 0.472 0.351 
33.09 
25.962 25.892 25.702 25.378 25.172 25.154 25.12 25.066 h 22.592 22.417 22.244 22.129 21.918 21.499 20.721 19.415 h 15.628 19.284 16.356 14.801 14.549 14.109 13.479 13.057 12.881 12.623 h 11.602 11.917 11.537 11.485 11.381 11.192 10.912 10.453 10.042 9.995 h 8.386 8.232 8.129 7.945 7.69 7.455 7.064 6.435 h 5.19 4.894 4.472 4.28 4.143 3.978 3.823 3.75 h 2.893 2.832 2.743 2.637 2.621 2.458 2.275 1.974 h 1.329 1.07 0.87 0.772 0.709 0.67 0.627 0.61 h 0.368 0.263 0.141 
26.841 26.727 26.415 25.863 25.443 25.423 25.384 25.318 h 23.357 23.125 23.046 22.868 22.499 21.781 20.505 18.653 h 15.384 26.678 15.295 15.902 14.705 14.331 13.706 12.909 12.515 12.452 h 11.967 11.925 11.903 11.856 11.754 11.548 11.167 10.55 h 9.518 9.28 9.113 8.882 8.533 8.064 7.87 6.717 h 5.847 5.738 5.693 5.608 5.461 5.312 5.171 4.959 h 4.379 4.369 4.283 4.263 4.232 4.185 4.153 4.117 h 4.021 3.946 3.898 3.827 3.787 3.758 3.746 3.73 h 3.708 3.715 3.676 3.663 3.652 3.638 3.616 3.59 h 3.431 3.728 3.404 3.387 3.384 3.377 3.363 3.335 3.285 3.198 h 
31.557 31.224 30.249 28.169 25.401 25.204 25.175 25.167 h 22.661 22.581 22.429 22.241 22.082 21.774 21.249 20.621 h 19.943 19.229 18.603 18.03 17.358 16.313 14.929 14.045 h 12.638 12.373 12.186 11.908 11.729 11.574 11.336 10.982 h 10.519 10.335 10.056 9.755 9.453 8.863 7.798 6.182 h 4.217 4.068 3.976 3.914 3.899 3.875 3.84 3.783 h 3.315 3.4 3.243 3.236 3.232 3.221 3.201 3.161 3.1 3.032 h 2.597 2.537 2.483 2.419 2.348 2.305 2.194 2.071 h 1.658 1.524 1.386 1.315 1.223 1.173 1.13 1.087 h 0.942 0.89 0.844 0.779 0.707 0.72 0.667 0.614 h 0.449 0.41 0.365 0.344 0.332 
26.083 26.03 25.886 25.634 25.43 25.421 25.401 25.365 h 22.799 22.594 22.341 22.212 21.972 21.52 20.8 20.071 h 18.89 18.403 17.519 16.272 15.497 17.279 13.474 13.148 h 12.496 12.482 12.156 11.959 11.701 11.308 10.871 10.224 h 8.541 8.266 8.077 7.849 7.546 7.048 6.391 5.724 h 4.421 4.293 4.156 4.097 4.061 4.037 3.987 3.889 h 3.574 3.73 3.368 3.318 3.286 3.25 3.193 3.167 3.133 3.132 h 2.622 2.582 2.567 2.536 2.472 2.351 2.156 2.759 1.717 1.395 1.059 0.926 0.836 0.794 0.758 0.732 h 0.528 0.585 
26.716 26.637 26.422 26.042 25.731 25.691 25.619 25.516 h 21.99 21.854 21.738 21.638 21.437 21.067 20.504 20.008 h 17.678 17.431 17.283 16.743 16.257 15.414 14.241 13.436 h 12.923 12.651 12.637 12.294 12.159 11.925 11.507 10.825 h 9.883 9.652 9.432 9.048 8.735 8.227 7.451 6.374 h 5.054 4.739 4.486 4.319 4.387 4.292 4.278 4.251 h 3.89 3.857 3.86 3.809 3.768 3.705 3.586 3.343 h 2.145 1.779 1.612 1.539 1.504 1.464 1.433 1.384 h 1.072 0.979 
25.994 25.905 25.663 25.25 25.011 25.008 25.007 25.006 h 23.24 23.19 23.098 22.959 22.696 22.2 21.315 19.993 h 16.275 19.531 16.06 15.817 15.455 14.799 13.814 12.856 12.367 13.188 h 12.985 12.241 12.17 12.167 12.163 12.16 12.138 12.125 h 11.085 11.04 11.006 10.971 10.904 10.791 10.639 10.381 h 8.825 8.502 8.182 8.036 7.823 7.607 7.138 6.383 h 4.849 4.626 4.526 4.415 4.238 4.012 3.803 3.651 h 2.419 2.495 2.391 2.286 2.249 2.182 2.06 1.85 1.53 1.22 h 0.566 0.445 
25.254 25.251 25.244 25.232 25.213 25.198 25.191 25.178 h 22.926 22.655 22.477 22.353 22.101 21.636 20.927 20.352 h 19.373 18.966 18.459 17.632 16.496 16.977 21.498 14.825 14.371 14.008 13.656 13.186 12.801 14.082 12.579 h 10.539 10.433 10.281 9.975 9.419 8.625 9.723 
25.995 25.921 25.723 25.385 25.179 25.171 25.157 25.141 h 23.518 23.469 23.38 23.188 22.797 22.077 20.967 19.961 h 18.286 17.966 17.832 17.56 17.077 16.465 15.859 15.401 h 13.406 13.221 13.066 12.94 12.733 12.399 11.889 11.201 h 10.089 11.084 9.925 9.783 9.505 9.015 8.185 7.036 6.187 5.647 h 5.582 5.553 5.545 5.526 5.492 5.433 5.355 5.271 h 4.974 4.812 4.748 4.671 4.561 4.501 4.385 4.249 h 3.952 3.822 3.671 3.511 3.558 3.579 3.241 3.098 h 2.717 2.39 2.185 2.081 2.004 2.228 1.907 1.872 h 1.697 1.6 1.458 1.415 1.397 1.359 1.341 1.331 h 1.15 1.097 1.092 1.081 1.072 1.048 1.089 1.014 h 0.817 0.795 0.754 0.693 0.653 0.636 0.633 0.62 h 0.483 0.474 0.46 0.444 0.423 0.412 0.399 0.38 h 0.216 
29.405 29.14 28.388 26.933 25.554 25.509 25.428 25.29 h 22.934 23.477 22.7 22.546 22.235 21.636 20.591 19.133 18.078 18.624 h 16.328 16.167 16.051 15.922 15.705 15.323 14.833 14.347 h 12.724 12.438 12.152 11.772 11.119 10.422 9.672 9.108 h 8.7 8.379 7.96 7.845 6.971 6.273 6.005 5.647 h 5.331 5.299 5.269 5.241 5.176 5.116 4.985 4.825 h 3.983 3.581 3.221 3.151 3.065 2.919 2.759 2.605 h 1.867 1.744 1.653 1.636 1.601 1.544 1.443 1.331 h 1.151 1.034 0.915 0.8 0.719 0.667 0.634 0.613 h 0.325 
26.699 26.555 26.161 25.461 25.012 25.001 25.001 25.001 h 24.682 24.646 24.542 24.308 23.833 22.966 21.67 20.678 h 19.024 19.091 18.461 18.081 17.364 16.089 14.351 13.531 h 12.398 11.94 11.849 11.724 11.56 11.364 11.072 10.82 h 8.784 8.374 8.306 8.186 8.002 7.669 7.075 6.111 h 4.551 4.32 4.405 4.178 4.161 4.14 4.107 4.058 h 3.507 3.435 3.385 3.309 3.215 3.121 3.01 2.825 h 2.399 2.183 2.007 1.905 1.861 1.847 1.839 1.832 h 1.587 1.573 1.553 1.528 1.489 1.462 1.405 1.316 h 0.728 
32.127 
