25.22 
25.218 
25.214 
25.205 
25.192 
25.176 
25.168 
25.157 
h 
23.334 
23.096 
22.891 
22.793 
22.588 
22.192 
21.516 
20.647 
h 
19.525 
18.732 
17.704 
18.894 
17.437 
16.218 
15.433 
14.406 
h 
13.327 
12.872 
12.593 
12.254 
11.597 
10.487 
8.756 
6.595 
h 
5.285 
5.111 
4.945 
4.851 
4.788 
4.829 
4.721 
4.653 
h 
4.509 
4.415 
4.358 
4.278 
4.189 
4.193 
3.973 
3.739 
h 
2.856 
2.443 
2.269 
2.216 
2.266 
2.211 
2.192 
2.158 
h 
1.646 
1.57 
1.442 
1.244 
1.198 
0.982 
0.904 
0.775 
h 
0.526 
