31.169 
30.831 
29.852 
27.827 
25.462 
25.357 
25.338 
25.301 
h 
24.89 
24.879 
24.668 
24.361 
23.752 
22.682 
21.292 
20.806 
h 
17.635 
16.837 
16.428 
16.408 
15.753 
15.08 
14.039 
13.149 
h 
12.12 
11.62 
11.433 
11.316 
11.179 
10.963 
10.722 
10.378 
h 
8.754 
8.712 
8.596 
8.495 
8.24 
7.86 
7.266 
6.318 
h 
4.715 
4.406 
4.282 
4.254 
4.23 
4.22 
4.202 
4.171 
h 
3.689 
3.638 
3.55 
3.444 
3.699 
3.358 
3.159 
3.005 
h 
2.376 
2.02 
1.689 
1.648 
1.594 
1.512 
1.421 
1.364 
h 
1.24 
1.199 
1.184 
1.163 
1.145 
1.126 
1.096 
1.047 
h 
0.869 
1.032 
0.862 
0.834 
0.825 
0.818 
0.806 
0.783 
0.742 
0.681 
h 
0.554 
0.47 
0.467 
0.463 
0.457 
0.444 
0.422 
0.375 
h 
0.16 
