25.324 
25.319 
25.303 
25.275 
25.245 
25.229 
25.217 
25.194 
h 
23.317 
23.037 
22.945 
22.852 
22.659 
22.312 
21.813 
21.467 
h 
19.234 
18.523 
18.181 
17.992 
17.617 
16.969 
16.047 
15.236 
h 
13.703 
13.002 
12.179 
11.77 
13.407 
11.469 
11.235 
10.852 
h 
10.423 
10.273 
10.118 
10.086 
9.697 
9.291 
8.575 
7.552 
h 
5.019 
4.699 
4.517 
4.264 
3.953 
3.658 
3.471 
3.185 
h 
2.93 
2.883 
2.846 
2.859 
2.739 
2.689 
2.604 
2.465 
h 
2.242 
1.962 
1.748 
1.633 
1.51 
1.344 
1.209 
1.297 
h 
0.77 
0.744 
0.703 
0.641 
0.554 
0.494 
0.442 
0.735 
h 
0.378 
0.33 
