34.215 
33.811 
32.596 
29.84 
25.6 
25.146 
25.037 
25.033 
25.026 
25.014 
25.0 
25.019 
25.011 
24.998 
h 
24.426 
24.403 
24.337 
24.186 
23.878 
23.294 
22.33 
21.198 
21.37 
21.2 
20.563 
20.451 
20.327 
20.167 
19.916 
19.608 
19.389 
19.079 
18.657 
18.456 
18.324 
18.205 
18.106 
18.039 
17.983 
17.884 
17.745 
17.707 
17.648 
17.545 
17.36 
17.061 
16.836 
16.854 
16.644 
16.597 
16.537 
16.469 
16.437 
16.401 
16.34 
16.269 
16.336 
16.232 
16.218 
16.192 
16.14 
16.048 
15.921 
15.911 
15.893 
15.794 
15.787 
15.776 
15.753 
15.712 
15.646 
15.611 
15.611 
15.555 
15.548 
15.54 
15.532 
15.518 
15.493 
15.454 
15.422 
15.375 
15.318 
15.415 
15.289 
15.283 
15.272 
15.26 
15.255 
15.252 
15.249 
15.245 
15.239 
h 
14.226 
14.073 
13.851 
13.743 
13.698 
13.605 
13.421 
13.129 
12.681 
12.18 
11.896 
11.964 
11.684 
11.63 
11.536 
11.41 
11.25 
11.111 
11.614 
11.025 
11.002 
10.956 
10.875 
10.791 
10.731 
10.656 
10.531 
10.299 
9.914 
10.266 
12.594 
9.496 
9.483 
9.457 
9.413 
9.356 
9.368 
9.335 
9.327 
9.314 
9.293 
9.275 
9.258 
9.225 
9.162 
9.13 
9.366 
9.064 
9.059 
9.048 
9.027 
8.992 
8.946 
9.248 
8.932 
8.929 
8.923 
8.912 
8.893 
8.88 
8.948 
8.867 
8.866 
h 
8.829 
8.823 
8.81 
8.785 
8.812 
8.721 
8.647 
8.525 
8.38 
8.358 
8.36 
8.339 
8.336 
8.329 
8.316 
8.296 
8.268 
8.277 
8.286 
8.224 
8.216 
8.202 
8.184 
8.166 
8.143 
8.179 
8.141 
8.134 
8.134 
8.133 
h 
7.771 
7.754 
7.727 
7.7 
7.742 
7.662 
7.638 
7.593 
7.516 
7.411 
7.352 
7.309 
7.292 
7.266 
7.237 
7.205 
7.201 
7.176 
7.164 
7.155 
7.142 
7.126 
7.113 
7.092 
7.069 
7.058 
7.049 
7.031 
7.0 
6.949 
6.992 
6.913 
6.906 
6.903 
6.901 
6.896 
6.887 
6.88 
h 
6.574 
6.458 
6.411 
6.387 
6.371 
6.351 
6.311 
6.24 
6.127 
5.95 
5.685 
5.798 
5.627 
5.458 
5.417 
5.351 
5.266 
5.287 
5.22 
5.176 
5.177 
5.171 
5.16 
5.139 
5.114 
5.087 
5.092 
5.041 
5.045 
5.045 
5.042 
5.039 
5.04 
5.037 
5.033 
5.027 
h 
4.718 
4.689 
4.663 
4.659 
4.654 
4.644 
4.628 
4.599 
4.549 
4.468 
4.359 
4.271 
4.168 
4.124 
4.275 
4.092 
4.086 
4.08 
4.078 
4.077 
4.072 
4.068 
4.067 
4.065 
h 
3.924 
3.89 
3.879 
3.873 
3.872 
3.871 
3.864 
3.852 
3.835 
3.811 
3.763 
3.731 
3.708 
3.722 
3.732 
3.731 
3.708 
3.688 
3.653 
3.603 
3.719 
3.607 
3.608 
3.614 
3.614 
3.6 
3.592 
3.581 
3.566 
3.571 
3.574 
3.541 
3.539 
3.536 
3.531 
3.524 
3.52 
3.588 
3.518 
3.519 
3.521 
3.526 
3.521 
3.527 
3.557 
3.524 
3.525 
3.527 
3.526 
3.526 
3.53 
3.529 
3.531 
h 
3.439 
3.435 
3.428 
3.418 
3.413 
3.406 
3.397 
3.381 
3.351 
3.291 
3.169 
3.034 
2.992 
2.978 
2.974 
2.967 
2.954 
2.93 
2.894 
2.863 
2.837 
2.833 
2.825 
2.806 
2.771 
2.747 
2.7 
2.68 
2.658 
2.628 
2.624 
2.605 
2.594 
2.59 
2.582 
2.567 
2.542 
2.494 
2.502 
2.493 
2.487 
2.475 
2.456 
2.422 
2.372 
2.646 
2.373 
2.373 
2.371 
2.37 
2.369 
2.364 
2.358 
2.35 
2.355 
h 
2.23 
2.234 
2.229 
2.221 
2.217 
2.199 
2.171 
2.121 
2.066 
1.97 
1.921 
1.877 
1.84 
1.797 
1.738 
1.839 
1.741 
1.725 
1.713 
1.702 
1.684 
1.698 
1.672 
1.674 
1.673 
1.671 
1.668 
1.653 
1.739 
1.657 
1.653 
1.653 
1.654 
1.642 
1.624 
1.618 
1.628 
1.623 
1.621 
1.624 
1.63 
1.629 
1.617 
h 
1.69 
1.662 
1.624 
1.611 
1.595 
1.584 
1.587 
1.591 
1.594 
1.599 
1.6 
1.595 
1.593 
h 
1.554 
1.566 
1.59 
1.652 
1.533 
1.53 
1.521 
1.504 
1.477 
1.424 
1.353 
1.328 
1.317 
1.302 
1.273 
1.238 
1.31 
1.22 
1.218 
1.217 
1.212 
1.209 
1.197 
1.167 
1.161 
1.282 
1.141 
1.141 
1.138 
1.131 
1.127 
1.134 
1.115 
1.117 
1.116 
1.112 
1.106 
1.132 
1.096 
1.103 
1.11 
1.108 
1.106 
1.102 
1.094 
1.083 
1.099 
1.098 
1.093 
1.089 
1.082 
1.086 
1.08 
1.088 
1.089 
1.085 
1.084 
1.082 
1.164 
1.074 
1.08 
1.085 
1.084 
1.083 
1.08 
1.077 
1.083 
1.077 
1.077 
1.075 
h 
1.083 
1.057 
1.065 
1.054 
1.057 
1.057 
1.058 
1.058 
1.057 
1.054 
h 
1.011 
1.01 
1.008 
1.006 
1.005 
1.001 
0.995 
0.99 
0.98 
0.964 
0.938 
0.912 
0.916 
0.911 
0.91 
0.909 
0.906 
0.901 
0.897 
0.885 
0.885 
0.881 
0.874 
0.862 
0.861 
0.928 
0.842 
0.837 
0.83 
0.83 
0.829 
0.829 
0.829 
0.828 
0.826 
0.821 
0.812 
0.799 
0.845 
2.092 
0.822 
0.805 
0.779 
0.775 
0.775 
0.774 
0.774 
0.773 
0.769 
0.781 
0.772 
0.771 
0.77 
0.769 
0.769 
0.769 
0.769 
0.769 
0.768 
h 
0.735 
0.728 
0.73 
0.73 
0.73 
0.73 
0.729 
0.726 
0.727 
0.72 
0.714 
0.705 
0.694 
0.691 
0.689 
0.686 
0.708 
0.683 
0.684 
0.684 
0.684 
0.683 
0.683 
0.681 
0.682 
0.681 
h 
0.678 
0.677 
0.677 
0.676 
0.674 
0.671 
0.685 
0.668 
0.667 
0.662 
0.653 
0.636 
0.605 
0.553 
0.505 
0.51 
0.503 
0.497 
0.491 
0.483 
0.467 
0.454 
0.443 
0.43 
0.432 
0.429 
0.424 
0.421 
0.415 
0.407 
0.392 
0.394 
0.388 
0.382 
0.369 
0.37 
0.369 
0.366 
0.362 
0.353 
0.337 
0.314 
