28.102 
27.889 
27.288 
26.146 
25.138 
25.124 
25.1 
25.068 
25.041 
25.019 
25.036 
25.009 
25.007 
h 
23.285 
23.202 
23.063 
22.925 
22.697 
22.26 
21.52 
20.592 
19.924 
19.45 
18.938 
18.043 
16.863 
16.106 
16.124 
16.961 
15.524 
15.493 
15.435 
15.328 
15.157 
15.001 
14.905 
14.785 
14.728 
14.657 
14.591 
14.578 
14.569 
14.55 
14.512 
14.446 
14.364 
14.254 
14.54 
14.197 
14.175 
14.14 
14.086 
14.017 
14.022 
13.975 
13.963 
13.946 
13.918 
13.874 
13.833 
13.957 
13.783 
13.771 
13.75 
13.724 
13.699 
13.681 
13.668 
13.648 
13.619 
13.606 
13.613 
13.583 
13.58 
13.577 
13.572 
13.561 
13.544 
13.522 
13.512 
13.513 
h 
12.472 
12.394 
12.288 
12.23 
12.167 
12.049 
11.866 
11.55 
11.012 
10.272 
10.421 
13.724 
9.687 
9.64 
9.553 
9.404 
9.196 
9.052 
9.261 
8.963 
8.819 
8.796 
8.774 
8.729 
8.64 
8.47 
8.158 
7.771 
13.221 
7.629 
7.618 
7.597 
7.561 
7.501 
7.456 
7.396 
7.385 
7.379 
7.367 
7.347 
7.324 
7.313 
7.309 
7.293 
7.271 
7.263 
7.252 
7.232 
7.194 
7.129 
7.108 
7.346 
7.038 
7.033 
7.024 
7.005 
6.97 
6.927 
7.152 
6.905 
6.897 
6.883 
6.873 
6.857 
6.828 
6.834 
6.825 
6.814 
6.813 
6.813 
6.813 
6.815 
6.814 
h 
6.639 
6.637 
6.634 
6.629 
6.622 
6.605 
6.571 
6.51 
6.411 
6.377 
6.318 
6.302 
6.28 
6.248 
6.235 
6.197 
6.168 
6.146 
6.124 
6.102 
6.075 
6.135 
6.052 
6.043 
6.028 
5.997 
5.975 
5.973 
5.959 
5.946 
5.937 
5.928 
5.924 
5.92 
5.918 
5.913 
5.905 
h 
5.889 
5.88 
5.885 
5.894 
5.84 
5.803 
5.729 
5.593 
5.369 
5.094 
5.005 
4.939 
4.82 
4.606 
4.454 
4.754 
4.299 
4.288 
4.267 
4.238 
4.211 
4.198 
4.186 
4.17 
4.157 
4.164 
4.151 
4.148 
4.143 
4.135 
4.121 
4.096 
4.121 
4.083 
4.077 
4.067 
4.049 
4.014 
3.952 
3.926 
4.642 
3.872 
3.867 
3.859 
3.85 
3.848 
3.846 
3.844 
3.839 
3.831 
3.823 
3.816 
3.804 
3.793 
3.794 
3.792 
3.788 
3.782 
3.775 
3.773 
3.771 
3.765 
3.755 
3.735 
3.731 
3.739 
3.723 
3.721 
3.72 
3.718 
3.713 
3.704 
h 
3.552 
3.498 
3.554 
3.487 
3.481 
3.47 
3.447 
3.403 
3.329 
3.267 
3.213 
3.131 
3.037 
3.045 
3.015 
2.972 
2.948 
2.934 
2.922 
2.921 
2.883 
2.883 
2.888 
2.883 
2.874 
2.857 
2.832 
2.899 
2.841 
2.838 
2.835 
2.829 
2.819 
2.813 
2.862 
2.812 
2.799 
2.796 
2.795 
2.792 
2.788 
2.778 
2.753 
2.916 
2.759 
2.756 
2.751 
2.75 
2.747 
2.738 
2.751 
2.738 
2.739 
h 
2.657 
2.641 
2.616 
2.607 
2.599 
2.59 
2.576 
2.578 
2.539 
2.478 
2.418 
2.375 
2.389 
2.362 
2.345 
2.327 
2.304 
2.277 
2.274 
2.268 
2.281 
2.253 
2.241 
2.224 
2.209 
2.186 
2.147 
2.479 
2.132 
2.137 
2.131 
2.122 
2.105 
2.1 
2.093 
2.084 
2.071 
2.038 
2.098 
2.046 
2.049 
2.05 
2.051 
2.051 
2.081 
2.136 
2.044 
2.041 
2.036 
2.027 
2.032 
2.012 
2.015 
2.015 
2.013 
2.004 
1.988 
1.965 
1.921 
2.457 
2.166 
1.957 
1.947 
1.935 
1.934 
1.911 
1.92 
1.92 
1.92 
1.913 
1.901 
1.876 
1.994 
1.885 
1.882 
1.878 
1.872 
1.866 
1.833 
1.831 
1.824 
1.821 
1.815 
1.82 
1.788 
1.796 
1.799 
1.798 
1.789 
1.78 
1.783 
1.776 
1.764 
1.778 
1.754 
1.752 
1.755 
1.758 
1.756 
1.752 
h 
1.653 
1.617 
1.619 
1.625 
1.626 
1.622 
1.62 
1.609 
1.591 
1.562 
1.521 
1.489 
1.47 
1.552 
1.461 
1.458 
1.465 
1.451 
1.444 
1.436 
1.596 
1.446 
1.445 
1.443 
1.441 
1.44 
1.511 
1.453 
1.453 
1.451 
1.451 
1.451 
1.452 
1.447 
1.459 
1.453 
h 
1.447 
1.447 
1.446 
1.445 
1.457 
1.443 
1.438 
1.428 
1.409 
1.375 
1.333 
1.309 
1.323 
1.292 
1.292 
1.294 
1.292 
1.285 
1.276 
1.288 
1.254 
1.323 
1.279 
1.278 
1.277 
1.279 
1.297 
1.276 
1.308 
1.293 
1.291 
1.291 
1.292 
1.295 
1.302 
1.307 
1.338 
1.315 
1.315 
1.314 
1.313 
1.315 
1.317 
1.319 
1.323 
1.343 
1.328 
1.328 
1.33 
1.333 
1.333 
1.337 
1.333 
1.334 
1.336 
h 
1.3 
1.297 
1.318 
1.304 
1.303 
1.301 
1.303 
1.306 
1.301 
1.292 
1.273 
1.243 
1.219 
1.198 
1.16 
1.224 
1.166 
1.172 
1.177 
1.18 
1.186 
1.184 
1.181 
1.178 
1.184 
1.178 
1.188 
1.182 
h 
1.132 
1.121 
1.11 
1.115 
1.111 
1.111 
1.109 
1.105 
1.098 
1.085 
1.071 
1.06 
1.031 
1.012 
0.997 
0.994 
0.979 
0.969 
0.965 
0.962 
0.959 
0.952 
0.947 
0.939 
0.927 
0.919 
0.907 
0.904 
0.898 
0.892 
0.884 
0.877 
0.871 
0.86 
0.857 
0.853 
0.847 
0.838 
0.832 
0.828 
0.824 
0.817 
0.804 
0.823 
0.806 
0.794 
0.792 
0.791 
0.787 
0.78 
0.779 
0.775 
0.773 
0.772 
0.769 
0.766 
0.765 
0.764 
0.763 
0.76 
0.758 
0.755 
0.749 
0.751 
0.744 
0.742 
0.741 
0.74 
0.738 
0.736 
0.733 
0.729 
0.729 
0.731 
0.723 
0.722 
0.722 
0.72 
0.718 
0.718 
0.716 
0.714 
0.714 
0.713 
0.713 
0.711 
0.708 
0.704 
0.697 
0.694 
0.745 
0.706 
0.688 
0.686 
0.686 
0.685 
0.683 
0.682 
0.681 
0.679 
h 
0.614 
0.613 
0.608 
0.606 
0.605 
0.603 
0.6 
0.594 
0.582 
0.559 
0.543 
0.463 
0.424 
0.368 
