30.293 
30.003 
29.176 
27.552 
25.9 
25.81 
25.708 
25.525 
25.295 
25.193 
25.219 
25.134 
25.124 
25.109 
25.094 
25.081 
25.075 
25.063 
h 
23.047 
22.865 
22.76 
22.648 
22.411 
21.948 
21.12 
19.879 
18.824 
20.246 
18.282 
18.049 
17.824 
17.543 
17.1 
16.8 
16.92 
16.522 
16.464 
16.395 
16.315 
16.208 
16.018 
15.777 
15.491 
15.905 
15.31 
15.252 
15.229 
15.192 
15.135 
15.08 
15.127 
15.009 
14.974 
14.913 
14.808 
14.639 
14.468 
14.408 
14.353 
14.302 
14.244 
14.227 
14.207 
14.18 
14.149 
14.095 
14.055 
14.157 
13.99 
13.981 
13.968 
13.952 
13.94 
13.92 
13.891 
13.891 
13.883 
h 
13.054 
13.026 
12.961 
12.839 
12.69 
12.587 
12.396 
12.084 
11.579 
10.961 
10.493 
10.361 
10.253 
10.129 
9.913 
9.677 
9.55 
9.405 
9.379 
9.349 
9.292 
9.185 
9.01 
8.862 
8.828 
8.749 
8.704 
8.642 
8.583 
8.527 
8.459 
8.389 
8.318 
8.235 
8.143 
8.089 
7.987 
7.811 
8.06 
7.705 
7.663 
7.652 
7.63 
7.586 
7.506 
7.38 
7.399 
7.299 
7.265 
7.257 
7.244 
7.217 
7.164 
7.066 
6.91 
6.686 
6.804 
8.52 
6.485 
6.472 
6.454 
6.438 
6.408 
6.375 
6.359 
6.343 
6.33 
6.307 
6.282 
6.237 
6.181 
6.369 
6.165 
6.161 
6.154 
6.141 
6.116 
6.076 
6.058 
7.052 
6.033 
6.032 
6.029 
6.025 
6.016 
5.999 
5.995 
5.979 
5.957 
5.95 
5.94 
5.926 
5.906 
5.894 
6.042 
5.873 
5.872 
5.868 
5.862 
5.851 
h 
5.459 
5.469 
5.397 
5.391 
5.378 
5.352 
5.303 
5.215 
5.164 
5.063 
5.02 
5.005 
4.987 
4.953 
4.913 
4.906 
4.888 
4.867 
4.829 
4.765 
4.689 
4.991 
4.673 
4.671 
4.666 
4.656 
4.635 
4.598 
4.571 
4.533 
4.459 
4.433 
4.394 
4.364 
4.376 
4.353 
4.347 
4.335 
4.318 
4.296 
4.258 
4.247 
4.233 
4.209 
4.17 
4.145 
4.739 
4.127 
4.124 
4.116 
4.101 
4.074 
4.045 
4.03 
4.016 
4.001 
3.988 
3.988 
3.987 
3.985 
3.983 
3.979 
3.972 
3.955 
3.947 
3.934 
3.912 
3.882 
3.931 
3.867 
3.837 
3.831 
3.825 
3.813 
3.791 
3.758 
3.716 
3.664 
4.543 
3.643 
3.638 
3.631 
3.63 
3.629 
3.626 
3.618 
3.606 
3.6 
3.601 
3.593 
3.585 
3.581 
3.579 
3.574 
3.565 
3.558 
3.553 
3.543 
3.538 
3.535 
h 
3.484 
3.48 
3.474 
3.456 
3.438 
3.402 
3.334 
3.21 
3.014 
2.806 
2.741 
2.671 
2.57 
2.493 
2.405 
2.312 
2.159 
2.069 
2.583 
2.031 
2.027 
2.024 
2.023 
2.023 
2.022 
2.022 
2.014 
2.001 
1.992 
1.998 
1.979 
1.977 
1.973 
1.966 
1.953 
1.945 
1.937 
1.927 
1.909 
1.894 
1.994 
1.887 
1.886 
1.886 
1.885 
1.884 
1.884 
1.88 
1.874 
1.869 
h 
1.756 
1.727 
1.715 
1.715 
1.707 
1.701 
1.691 
1.677 
1.64 
1.584 
1.511 
1.527 
1.452 
1.426 
1.392 
1.348 
1.337 
1.319 
1.289 
1.241 
1.212 
1.29 
1.187 
1.167 
1.154 
1.127 
1.082 
1.029 
1.068 
0.999 
0.995 
0.99 
0.98 
0.965 
0.949 
0.947 
0.939 
0.934 
0.926 
0.913 
0.893 
0.872 
0.902 
0.856 
0.831 
0.827 
0.822 
0.814 
0.811 
0.81 
0.808 
0.804 
0.797 
0.784 
0.762 
0.746 
0.777 
0.736 
0.737 
0.735 
0.729 
0.718 
0.699 
0.684 
0.648 
0.768 
1.028 
0.619 
0.594 
