27.298 
27.164 
26.796 
26.148 
25.662 
25.559 
25.386 
25.181 
24.907 
24.647 
24.644 
24.748 
24.633 
24.632 
24.629 
24.622 
24.611 
24.593 
h 
24.193 
24.157 
24.061 
23.854 
23.441 
22.714 
21.758 
21.323 
20.938 
20.412 
19.98 
20.272 
19.628 
19.423 
19.056 
18.442 
17.66 
17.899 
17.235 
17.118 
17.034 
16.88 
16.645 
16.391 
15.996 
15.545 
18.775 
15.429 
15.406 
15.386 
15.372 
15.342 
15.286 
15.191 
15.062 
14.991 
15.476 
14.774 
14.764 
14.745 
14.713 
14.66 
14.688 
14.712 
14.619 
14.618 
14.614 
14.606 
14.59 
14.56 
14.506 
14.419 
14.76 
14.417 
14.374 
14.373 
14.371 
14.364 
14.356 
14.343 
14.336 
14.33 
h 
13.774 
13.736 
13.687 
13.654 
13.598 
13.507 
13.37 
13.129 
12.759 
12.438 
12.843 
12.398 
12.388 
12.365 
12.32 
12.229 
12.081 
11.959 
12.31 
11.858 
11.845 
11.821 
11.781 
11.716 
11.706 
11.696 
11.686 
11.668 
11.643 
11.631 
11.627 
11.616 
h 
11.108 
11.09 
11.085 
11.071 
11.043 
10.989 
10.898 
10.761 
10.646 
10.622 
10.595 
10.56 
10.532 
10.52 
10.546 
10.502 
10.495 
10.485 
10.477 
10.463 
10.451 
h 
10.151 
10.126 
10.133 
10.113 
10.093 
10.057 
10.001 
9.9 
9.724 
9.496 
9.354 
9.319 
9.233 
9.153 
9.083 
9.052 
9.034 
8.993 
8.971 
8.95 
8.95 
8.915 
8.926 
8.909 
8.906 
8.9 
8.889 
h 
8.707 
8.652 
8.634 
8.613 
8.599 
8.612 
8.598 
8.592 
8.584 
8.565 
8.544 
8.525 
8.501 
8.5 
8.547 
8.473 
8.456 
8.433 
8.421 
8.404 
8.387 
8.365 
8.409 
8.365 
8.36 
8.355 
h 
