27.815 
27.605 
27.022 
25.946 
25.148 
25.123 
25.119 
25.113 
25.1 
25.077 
25.07 
25.058 
25.048 
h 
24.632 
24.595 
24.508 
24.31 
23.906 
23.156 
21.983 
20.909 
20.29 
20.044 
19.955 
19.784 
19.491 
19.126 
18.538 
17.861 
18.547 
17.603 
17.467 
17.425 
17.348 
17.209 
16.994 
16.828 
17.759 
16.622 
16.566 
16.478 
16.317 
16.047 
15.83 
16.308 
15.702 
15.678 
15.644 
15.606 
15.554 
15.54 
15.485 
15.452 
15.435 
15.409 
15.362 
15.284 
15.262 
15.265 
15.194 
15.184 
15.171 
15.145 
15.118 
15.068 
15.068 
15.021 
15.014 
15.008 
14.994 
14.974 
14.962 
14.945 
14.924 
14.92 
h 
14.237 
14.193 
14.134 
14.082 
13.984 
13.806 
13.534 
13.107 
12.644 
12.31 
12.216 
12.168 
12.098 
11.989 
11.893 
11.796 
11.656 
11.466 
11.667 
11.41 
11.395 
11.371 
11.322 
11.234 
11.098 
11.214 
10.991 
10.953 
10.878 
10.74 
10.513 
10.742 
10.952 
10.273 
10.245 
10.197 
10.128 
10.048 
9.974 
9.882 
9.761 
9.548 
9.247 
10.287 
12.59 
9.082 
9.071 
9.067 
9.061 
9.05 
9.027 
8.983 
8.906 
8.79 
8.728 
9.6 
8.699 
8.698 
8.696 
8.692 
8.686 
8.673 
8.651 
8.617 
8.619 
h 
8.707 
8.51 
8.5 
8.48 
8.438 
8.361 
8.232 
8.057 
7.961 
7.905 
7.865 
7.811 
7.772 
7.729 
7.684 
7.667 
7.634 
7.577 
7.497 
7.492 
8.004 
7.398 
7.389 
7.374 
7.348 
7.312 
7.301 
7.283 
7.28 
7.278 
7.27 
7.256 
7.233 
7.202 
7.189 
7.165 
7.126 
7.13 
7.107 
7.082 
7.076 
7.071 
7.063 
7.048 
7.024 
6.984 
7.068 
6.972 
6.967 
6.957 
6.945 
6.924 
6.888 
6.854 
7.075 
6.833 
6.828 
6.821 
6.816 
6.81 
6.802 
6.799 
6.793 
6.783 
h 
6.656 
6.636 
6.631 
6.621 
6.603 
6.567 
6.502 
6.389 
6.21 
6.04 
6.061 
5.924 
5.904 
5.887 
5.865 
5.835 
5.793 
5.767 
5.737 
5.717 
5.697 
5.684 
5.667 
5.647 
5.623 
5.623 
5.606 
5.588 
5.574 
5.582 
5.579 
5.575 
5.576 
h 
5.417 
5.398 
5.388 
5.384 
5.376 
5.359 
5.329 
5.264 
5.146 
4.961 
4.79 
4.72 
4.756 
4.638 
4.62 
4.591 
4.569 
4.586 
4.541 
4.532 
4.518 
4.5 
4.504 
4.495 
4.491 
4.488 
4.48 
4.463 
4.444 
4.437 
4.424 
4.454 
4.424 
4.424 
4.425 
4.422 
4.417 
h 
3.877 
3.866 
3.861 
3.856 
3.847 
3.829 
3.794 
3.712 
3.568 
3.328 
3.092 
3.3 
3.099 
3.063 
3.062 
3.059 
3.054 
3.047 
3.049 
3.04 
3.034 
3.024 
3.006 
2.97 
2.935 
2.911 
2.868 
2.826 
2.824 
2.804 
2.795 
2.783 
2.772 
2.753 
2.727 
2.736 
2.735 
2.685 
2.68 
2.67 
2.65 
2.638 
2.639 
2.634 
2.632 
2.631 
2.627 
2.62 
2.614 
2.61 
2.606 
2.599 
2.594 
2.592 
2.59 
2.586 
2.58 
2.578 
2.581 
2.571 
2.548 
2.545 
2.539 
2.524 
2.506 
2.493 
2.499 
2.491 
2.49 
2.489 
2.483 
2.471 
2.442 
2.613 
2.409 
2.395 
2.398 
2.402 
2.404 
2.409 
2.405 
2.403 
2.397 
h 
2.258 
2.236 
2.232 
2.229 
2.228 
2.213 
2.187 
2.153 
2.108 
2.04 
1.954 
1.891 
1.998 
1.932 
1.769 
1.757 
1.736 
1.708 
1.682 
1.664 
1.645 
1.62 
1.607 
1.595 
1.596 
1.58 
1.577 
1.57 
1.562 
1.556 
1.538 
1.577 
1.53 
1.525 
1.515 
1.5 
1.497 
1.474 
1.469 
1.463 
1.459 
1.447 
1.441 
1.435 
1.428 
1.424 
1.415 
1.398 
1.38 
1.381 
1.44 
1.352 
1.343 
1.341 
1.34 
1.34 
1.336 
1.331 
1.324 
1.315 
1.306 
1.297 
1.285 
1.29 
1.277 
1.272 
1.266 
1.262 
1.257 
1.246 
1.255 
1.231 
1.228 
1.224 
1.218 
1.214 
1.205 
1.196 
1.197 
1.182 
1.18 
1.176 
1.17 
1.159 
1.163 
1.158 
1.146 
1.143 
1.141 
1.137 
1.131 
1.121 
1.159 
1.115 
1.113 
1.109 
1.107 
1.106 
1.101 
1.099 
h 
0.943 
0.935 
0.929 
0.921 
0.91 
0.893 
0.872 
0.862 
0.844 
0.81 
0.751 
0.653 
0.556 
