31.376 
30.996 
29.896 
27.64 
25.152 
25.104 
25.085 
25.052 
25.005 
24.952 
25.032 
24.974 
24.948 
h 
24.903 
24.878 
24.805 
24.639 
24.303 
23.693 
22.793 
22.11 
21.491 
21.025 
20.316 
20.118 
20.772 
19.554 
19.503 
19.398 
19.192 
18.84 
19.091 
18.703 
18.483 
18.439 
18.353 
18.195 
17.962 
17.732 
17.412 
17.285 
17.314 
17.02 
16.979 
16.908 
16.824 
16.768 
16.666 
16.535 
16.513 
16.471 
16.398 
16.384 
16.365 
16.329 
16.262 
16.146 
15.995 
18.454 
15.916 
15.782 
15.774 
15.756 
15.723 
15.66 
15.582 
15.806 
15.553 
15.548 
15.539 
15.525 
15.51 
15.502 
15.492 
15.477 
15.459 
h 
15.181 
15.175 
15.142 
15.065 
14.97 
14.788 
14.479 
14.073 
13.904 
14.885 
13.767 
13.731 
13.669 
13.562 
13.387 
13.194 
13.776 
13.064 
13.016 
12.938 
12.83 
12.84 
12.739 
12.702 
12.653 
12.617 
12.579 
12.517 
12.424 
12.364 
12.311 
12.293 
12.277 
12.25 
12.224 
12.176 
12.13 
12.105 
12.082 
12.048 
12.006 
11.995 
11.978 
11.945 
11.897 
11.84 
11.795 
11.794 
11.775 
11.73 
11.72 
11.716 
11.712 
11.701 
11.695 
h 
11.269 
11.183 
11.182 
11.178 
11.16 
11.124 
11.064 
10.933 
10.857 
10.798 
10.725 
10.68 
10.613 
10.504 
10.465 
10.654 
10.426 
10.409 
10.399 
10.381 
10.352 
10.359 
10.348 
10.344 
10.345 
h 
10.09 
10.087 
10.08 
10.066 
10.026 
9.948 
9.85 
9.674 
9.404 
9.147 
8.942 
9.27 
8.936 
8.91 
8.876 
8.838 
8.782 
8.757 
8.767 
8.757 
8.744 
8.721 
8.69 
8.716 
8.742 
8.708 
8.703 
8.695 
8.692 
h 
8.156 
8.16 
8.176 
8.173 
8.163 
8.149 
8.122 
8.053 
7.935 
7.754 
7.677 
7.653 
7.617 
7.536 
7.51 
7.401 
7.562 
8.159 
7.539 
7.178 
7.208 
7.217 
7.229 
7.239 
7.229 
7.201 
7.199 
7.2 
h 
7.133 
7.138 
7.076 
7.097 
7.119 
7.081 
7.061 
7.03 
6.986 
6.948 
6.952 
6.953 
6.954 
6.958 
6.964 
7.0 
6.959 
h 
6.729 
6.702 
6.685 
6.731 
6.691 
6.692 
6.683 
6.661 
6.656 
6.587 
6.557 
6.451 
6.399 
6.363 
6.439 
6.361 
6.346 
6.344 
6.336 
6.319 
6.296 
6.253 
6.159 
6.124 
6.244 
6.003 
5.988 
5.959 
5.915 
5.831 
5.768 
5.933 
5.702 
5.693 
5.676 
5.645 
5.63 
5.599 
5.592 
5.587 
5.575 
5.557 
5.534 
5.544 
5.523 
5.518 
5.511 
5.499 
5.479 
5.44 
5.445 
5.446 
5.442 
5.423 
5.391 
5.378 
5.364 
5.36 
5.353 
5.341 
5.32 
5.318 
5.304 
5.287 
5.28 
5.276 
5.243 
5.212 
5.272 
5.212 
5.209 
5.199 
5.185 
5.176 
5.148 
5.146 
5.142 
5.138 
5.132 
5.121 
5.103 
5.077 
5.134 
5.364 
5.037 
5.039 
5.039 
5.038 
5.03 
5.019 
5.016 
5.038 
4.995 
h 
4.862 
4.848 
4.829 
4.79 
4.749 
4.736 
4.733 
4.728 
4.725 
4.715 
4.694 
4.667 
4.646 
4.616 
4.595 
4.598 
4.597 
4.597 
4.592 
4.593 
4.596 
4.617 
h 
4.689 
4.53 
4.467 
4.448 
4.422 
4.423 
4.414 
4.407 
4.398 
4.383 
4.356 
4.314 
4.268 
4.217 
4.143 
4.182 
4.095 
4.071 
4.059 
4.044 
4.029 
4.007 
3.978 
3.957 
3.94 
4.188 
3.913 
3.907 
3.906 
3.906 
3.904 
3.901 
3.895 
3.885 
3.874 
h 
3.721 
3.684 
3.637 
3.586 
3.576 
3.567 
3.553 
3.52 
3.475 
3.39 
3.23 
2.966 
2.791 
4.045 
2.721 
2.713 
2.699 
2.675 
2.629 
2.56 
2.5 
2.455 
2.487 
2.443 
2.439 
2.43 
2.419 
2.411 
2.399 
2.381 
2.353 
2.313 
2.355 
2.77 
2.279 
2.267 
2.264 
2.261 
2.256 
2.251 
2.241 
2.225 
2.205 
2.204 
2.288 
2.178 
2.177 
2.174 
2.169 
2.159 
2.154 
2.147 
2.134 
2.122 
2.105 
2.114 
2.103 
2.084 
2.082 
2.077 
2.069 
2.054 
2.051 
2.053 
2.034 
2.029 
2.027 
2.024 
2.021 
2.015 
2.007 
1.993 
1.987 
2.221 
1.974 
1.974 
1.972 
1.97 
1.968 
1.965 
1.96 
1.953 
1.948 
1.943 
1.939 
1.943 
1.935 
1.929 
1.927 
1.923 
1.919 
1.912 
1.922 
1.917 
1.911 
1.899 
1.898 
1.896 
1.894 
1.891 
h 
1.608 
1.602 
1.598 
1.595 
1.59 
1.579 
1.562 
1.529 
1.47 
1.386 
1.284 
1.245 
1.231 
1.224 
1.212 
1.196 
1.182 
1.158 
1.132 
1.126 
1.121 
1.113 
1.102 
1.098 
1.089 
1.084 
1.075 
1.076 
1.074 
1.069 
1.061 
1.051 
1.101 
1.043 
1.044 
1.039 
1.031 
1.019 
1.007 
0.989 
1.004 
0.983 
0.969 
0.968 
0.966 
0.961 
0.953 
0.943 
0.949 
0.936 
0.933 
0.93 
0.928 
0.926 
0.918 
0.903 
0.873 
0.869 
0.871 
0.89 
0.847 
0.845 
0.842 
0.841 
0.84 
0.838 
0.835 
0.829 
0.817 
0.799 
0.775 
0.842 
0.877 
0.75 
0.748 
0.746 
0.744 
0.74 
0.737 
0.737 
0.734 
0.731 
0.728 
0.732 
0.724 
0.72 
0.716 
0.714 
0.712 
0.707 
0.706 
0.702 
0.699 
0.698 
0.696 
0.692 
0.685 
0.678 
0.675 
0.674 
h 
0.579 
0.568 
0.565 
0.562 
0.558 
0.555 
0.545 
0.531 
0.503 
0.452 
0.368 
