26.163 
26.047 
25.734 
25.199 
24.883 
24.876 
24.869 
24.866 
24.861 
24.851 
24.835 
24.842 
24.827 
h 
22.998 
22.931 
22.79 
22.607 
22.433 
22.093 
21.488 
20.609 
19.948 
20.114 
19.524 
19.411 
19.369 
19.294 
19.151 
18.91 
18.766 
18.638 
18.58 
18.528 
18.486 
18.403 
18.248 
17.985 
17.767 
19.312 
17.64 
17.615 
17.573 
17.505 
17.385 
17.195 
17.083 
17.318 
16.948 
16.93 
16.896 
16.833 
16.786 
16.735 
16.709 
16.658 
16.562 
16.4 
16.287 
17.554 
16.174 
16.165 
16.151 
16.132 
16.095 
16.031 
16.044 
16.135 
15.956 
15.951 
15.941 
15.919 
15.881 
15.866 
15.852 
15.829 
15.825 
h 
15.175 
15.108 
15.053 
15.025 
14.965 
14.848 
14.648 
14.384 
14.228 
14.066 
14.086 
13.917 
13.861 
13.757 
13.558 
13.239 
12.908 
12.819 
12.707 
12.523 
12.419 
12.287 
12.179 
12.144 
12.093 
12.04 
12.015 
11.975 
11.907 
11.858 
11.802 
11.879 
11.762 
11.737 
11.692 
11.623 
11.627 
11.584 
11.574 
11.557 
11.526 
11.468 
11.37 
11.461 
11.35 
11.346 
11.338 
11.315 
11.279 
11.266 
11.249 
11.215 
11.154 
11.122 
11.421 
11.054 
11.045 
11.034 
11.025 
11.011 
10.98 
10.986 
10.966 
10.955 
h 
10.728 
10.681 
10.664 
10.648 
10.619 
10.576 
10.511 
10.446 
10.35 
10.266 
10.186 
10.141 
10.12 
10.096 
10.123 
10.102 
10.099 
10.095 
10.093 
h 
9.953 
9.957 
9.956 
9.946 
9.924 
9.879 
9.822 
9.698 
9.625 
9.609 
9.598 
9.596 
9.528 
9.514 
9.491 
9.436 
9.436 
9.4 
9.368 
9.347 
9.331 
9.315 
9.263 
9.309 
9.284 
9.281 
9.28 
9.28 
9.279 
9.279 
9.265 
h 
9.255 
9.217 
9.219 
9.216 
9.193 
9.151 
9.072 
8.932 
8.71 
8.483 
8.605 
8.382 
8.528 
8.299 
8.279 
8.26 
8.231 
8.187 
8.17 
8.154 
8.137 
8.109 
8.114 
8.097 
8.084 
8.072 
8.053 
8.044 
8.022 
8.018 
8.015 
8.01 
8.006 
7.982 
7.983 
7.979 
7.973 
7.973 
7.973 
h 
