28.882 
28.622 
27.892 
26.511 
25.364 
25.332 
25.288 
25.261 
25.241 
25.208 
25.177 
25.153 
25.115 
h 
22.519 
22.353 
22.303 
22.222 
22.063 
21.74 
21.112 
19.955 
18.057 
15.968 
28.268 
16.351 
27.232 
15.581 
15.538 
15.494 
15.43 
15.389 
15.331 
15.237 
15.086 
14.988 
14.925 
14.879 
14.864 
14.853 
14.832 
14.795 
14.75 
14.718 
14.657 
14.558 
14.479 
14.456 
14.411 
14.385 
14.351 
14.304 
14.281 
14.248 
14.204 
14.27 
14.147 
14.094 
14.064 
14.012 
13.932 
13.836 
13.774 
13.859 
13.719 
13.708 
13.692 
13.676 
13.671 
13.664 
13.65 
h 
13.387 
13.371 
13.352 
13.311 
13.219 
13.049 
12.72 
12.135 
11.255 
11.26 
11.19 
10.558 
10.532 
10.497 
10.44 
10.358 
10.217 
10.166 
10.137 
10.043 
10.021 
9.987 
9.947 
9.881 
9.785 
9.948 
9.73 
9.701 
9.655 
9.618 
9.58 
9.503 
9.364 
9.186 
9.526 
9.134 
9.123 
9.101 
9.066 
9.032 
8.988 
8.918 
8.866 
9.002 
8.834 
8.827 
8.813 
8.798 
8.772 
8.752 
8.749 
8.729 
8.725 
8.719 
8.709 
8.691 
8.652 
8.62 
8.564 
8.48 
8.747 
8.478 
8.476 
8.473 
8.466 
8.452 
8.424 
8.376 
8.362 
8.327 
8.318 
8.317 
8.314 
8.309 
8.299 
8.279 
8.244 
8.19 
8.329 
8.257 
8.157 
8.156 
8.154 
8.151 
8.147 
8.137 
8.125 
8.108 
8.08 
h 
7.943 
8.14 
7.924 
7.909 
7.879 
7.821 
7.714 
7.531 
7.498 
7.381 
7.315 
7.285 
7.24 
7.174 
7.103 
7.402 
7.079 
7.067 
7.048 
7.014 
6.954 
6.894 
6.894 
6.872 
6.865 
6.853 
6.835 
6.816 
6.794 
6.782 
6.769 
6.749 
6.731 
6.706 
6.669 
6.628 
6.599 
6.62 
6.527 
6.517 
6.5 
6.487 
6.486 
6.485 
6.482 
6.473 
6.459 
6.449 
6.433 
6.403 
6.395 
6.381 
6.376 
6.369 
6.357 
6.348 
6.338 
6.32 
6.298 
6.3 
6.294 
6.292 
6.289 
6.283 
6.277 
6.272 
6.265 
h 
6.1 
6.094 
6.092 
6.084 
6.069 
6.04 
6.002 
5.913 
5.769 
5.656 
5.645 
5.628 
5.599 
5.586 
5.572 
5.57 
5.565 
5.556 
5.54 
5.515 
5.479 
5.485 
5.419 
5.41 
5.412 
5.411 
5.409 
5.401 
5.394 
5.388 
5.382 
h 
5.253 
5.241 
5.239 
5.234 
5.225 
5.205 
5.164 
5.089 
4.971 
4.832 
4.762 
4.847 
4.833 
4.8 
4.796 
4.788 
4.77 
4.744 
4.697 
4.628 
4.566 
4.534 
4.488 
4.459 
4.468 
4.454 
4.439 
4.442 
4.458 
4.452 
4.452 
4.465 
4.462 
4.457 
4.445 
h 
4.197 
4.186 
4.18 
4.168 
4.151 
4.119 
4.099 
4.104 
3.985 
3.905 
3.886 
3.87 
3.854 
3.841 
3.832 
3.843 
3.816 
3.818 
3.82 
3.817 
3.81 
3.798 
3.777 
3.749 
3.731 
3.708 
3.699 
3.69 
3.674 
3.648 
3.615 
3.621 
3.585 
3.585 
3.583 
3.582 
3.577 
3.58 
3.574 
3.551 
3.542 
3.59 
3.542 
3.539 
3.534 
3.528 
3.518 
3.506 
3.489 
3.486 
3.558 
3.465 
3.472 
3.467 
3.465 
3.462 
3.45 
3.435 
3.458 
3.435 
h 
3.327 
3.32 
3.323 
3.324 
3.322 
3.319 
3.312 
3.299 
h 
2.829 
2.805 
2.736 
2.783 
2.688 
2.668 
2.642 
2.587 
2.502 
2.404 
2.308 
2.291 
2.285 
2.285 
2.282 
2.278 
2.275 
2.274 
2.274 
2.266 
2.27 
2.272 
h 
2.089 
2.079 
2.062 
2.041 
2.038 
2.021 
2.001 
1.975 
1.964 
1.903 
1.805 
1.687 
1.638 
1.755 
1.593 
1.585 
1.57 
1.556 
1.542 
1.496 
1.484 
1.576 
1.479 
1.484 
1.491 
1.49 
1.487 
1.52 
1.469 
1.483 
1.48 
1.473 
1.458 
1.432 
1.415 
1.384 
1.387 
1.388 
1.39 
1.397 
1.394 
1.392 
1.403 
1.361 
1.384 
1.383 
1.385 
1.391 
1.383 
1.382 
1.391 
1.364 
1.394 
1.382 
1.376 
1.376 
1.379 
1.378 
1.379 
1.391 
1.366 
1.365 
1.365 
1.373 
1.37 
1.369 
1.37 
1.383 
1.388 
1.384 
1.382 
1.38 
1.378 
1.383 
1.369 
1.37 
1.383 
1.368 
1.368 
1.366 
1.357 
1.373 
1.353 
1.403 
1.364 
1.36 
1.36 
1.355 
1.351 
1.341 
1.381 
1.356 
1.342 
1.344 
1.346 
1.354 
1.343 
1.34 
1.343 
1.351 
h 
1.331 
1.384 
1.336 
1.331 
1.329 
1.336 
1.327 
1.329 
1.324 
1.316 
1.302 
1.3 
1.284 
1.255 
1.229 
1.201 
1.19 
1.173 
1.152 
1.265 
1.138 
1.132 
1.125 
1.122 
1.119 
1.115 
1.108 
1.099 
1.092 
1.092 
1.086 
1.085 
1.082 
1.078 
1.073 
1.067 
1.063 
1.061 
1.055 
1.053 
1.051 
1.047 
1.045 
1.045 
1.041 
1.04 
1.039 
1.038 
1.037 
1.036 
1.035 
1.035 
1.034 
h 
1.003 
1.001 
0.999 
0.998 
0.997 
0.997 
0.995 
0.992 
0.988 
0.981 
0.97 
0.953 
0.934 
0.957 
0.938 
0.923 
0.922 
0.921 
0.919 
0.917 
0.913 
0.907 
0.902 
0.897 
0.894 
0.889 
0.881 
0.869 
0.865 
1.416 
0.855 
0.852 
0.849 
0.849 
0.849 
0.848 
0.846 
0.844 
0.846 
0.844 
0.842 
0.842 
0.842 
0.842 
0.841 
0.84 
h 
0.785 
0.784 
0.784 
0.783 
0.782 
0.781 
0.78 
0.777 
0.774 
0.766 
0.754 
0.732 
0.704 
0.697 
0.699 
0.691 
0.693 
0.692 
0.691 
0.688 
0.686 
0.682 
0.672 
0.694 
0.667 
0.668 
0.667 
0.666 
0.664 
0.664 
0.66 
0.661 
0.66 
0.66 
0.66 
0.657 
0.657 
0.655 
0.656 
h 
0.636 
0.633 
0.633 
0.633 
0.633 
0.63 
0.626 
0.62 
0.609 
0.597 
0.557 
0.503 
0.428 
0.397 
0.346 
0.289 
