25.462 
25.423 
25.317 
25.137 
25.019 
25.015 
25.007 
24.995 
24.982 
24.969 
24.962 
24.95 
h 
22.892 
22.744 
22.666 
22.505 
22.219 
21.766 
20.938 
19.632 
18.3 
19.512 
17.776 
17.673 
17.47 
17.118 
16.682 
16.56 
17.026 
16.368 
16.251 
16.045 
15.759 
15.538 
15.396 
15.664 
15.286 
15.251 
15.178 
15.038 
14.778 
14.341 
14.047 
18.01 
13.774 
13.753 
13.722 
13.692 
13.647 
13.609 
13.792 
13.575 
13.563 
13.545 
13.51 
13.458 
13.429 
13.39 
13.368 
13.568 
13.345 
13.341 
13.333 
13.317 
13.291 
13.273 
13.262 
13.255 
13.246 
h 
12.731 
12.728 
12.709 
12.682 
12.627 
12.522 
12.341 
12.095 
11.956 
11.795 
11.572 
12.087 
11.44 
11.414 
11.361 
11.26 
11.075 
10.755 
10.676 
13.615 
10.279 
10.257 
10.223 
10.177 
10.089 
9.93 
9.664 
11.227 
9.756 
9.515 
9.504 
9.483 
9.441 
9.36 
9.211 
8.997 
9.909 
8.936 
8.932 
8.926 
8.913 
8.888 
8.844 
8.795 
8.737 
8.875 
8.71 
8.704 
8.692 
8.67 
8.627 
8.653 
8.6 
8.592 
8.585 
8.576 
8.564 
8.552 
8.536 
8.524 
8.506 
8.479 
8.486 
8.457 
8.449 
8.446 
8.44 
8.431 
8.421 
8.412 
8.403 
8.395 
8.386 
8.382 
8.377 
8.37 
8.362 
h 
8.125 
8.105 
8.096 
8.082 
8.06 
8.023 
7.956 
7.841 
7.699 
7.638 
7.583 
7.528 
7.484 
7.454 
7.41 
7.372 
7.347 
7.48 
7.331 
7.328 
7.323 
7.314 
7.316 
7.302 
7.299 
7.295 
7.291 
h 
7.112 
7.099 
7.096 
7.075 
7.05 
7.008 
6.966 
6.901 
6.81 
6.768 
6.743 
6.7 
6.646 
6.564 
6.45 
6.403 
6.546 
6.315 
6.296 
6.259 
6.193 
6.115 
6.133 
6.11 
6.053 
6.039 
6.015 
5.973 
5.937 
5.957 
5.923 
5.911 
5.895 
5.88 
5.871 
5.846 
5.817 
5.79 
5.782 
5.735 
5.722 
5.706 
5.681 
5.639 
5.604 
5.537 
5.438 
5.274 
6.083 
5.241 
5.239 
5.235 
5.231 
5.223 
5.208 
5.192 
5.181 
5.163 
5.142 
5.15 
5.127 
5.122 
5.127 
5.128 
5.126 
5.127 
5.127 
5.111 
5.11 
h 
5.061 
5.054 
5.035 
5.001 
4.945 
4.905 
4.831 
4.686 
4.483 
4.315 
4.24 
4.142 
4.033 
3.915 
3.757 
3.671 
3.665 
3.634 
3.628 
3.619 
3.625 
3.627 
3.623 
3.618 
3.616 
3.609 
h 
3.606 
3.601 
3.595 
3.601 
3.575 
3.565 
3.531 
3.469 
3.369 
3.259 
3.201 
3.118 
3.121 
3.067 
3.046 
3.038 
2.969 
2.972 
2.913 
2.891 
2.885 
2.876 
2.859 
2.84 
2.794 
2.827 
2.787 
2.781 
2.78 
2.78 
2.788 
2.795 
2.808 
2.791 
2.787 
h 
2.648 
2.632 
2.625 
2.597 
2.623 
2.604 
2.59 
2.567 
2.525 
2.453 
2.358 
2.255 
2.074 
1.941 
1.841 
1.834 
1.808 
1.775 
1.724 
1.721 
1.699 
1.64 
1.597 
1.592 
1.588 
1.58 
1.576 
1.568 
1.632 
1.556 
1.561 
1.56 
1.551 
1.553 
1.544 
1.539 
1.538 
1.536 
1.538 
1.53 
1.559 
1.536 
1.534 
1.531 
1.53 
1.536 
1.512 
1.566 
1.524 
1.524 
1.524 
1.522 
1.519 
1.513 
1.547 
1.531 
1.51 
1.506 
1.508 
1.51 
1.507 
1.498 
1.49 
1.482 
1.49 
1.503 
1.483 
1.48 
1.475 
1.475 
1.474 
1.477 
1.466 
1.468 
1.478 
1.461 
1.466 
h 
1.404 
1.393 
1.381 
1.37 
1.37 
1.37 
1.372 
1.361 
1.362 
1.354 
1.342 
1.33 
1.321 
1.292 
1.294 
1.261 
1.258 
1.253 
1.258 
1.248 
1.234 
1.228 
1.219 
1.229 
1.217 
1.22 
1.193 
1.219 
1.208 
1.202 
1.201 
1.193 
1.21 
1.209 
1.204 
1.2 
1.209 
1.213 
h 
1.109 
1.094 
1.092 
1.088 
1.079 
1.062 
1.043 
1.042 
0.995 
0.942 
0.846 
0.737 
0.716 
0.726 
0.692 
0.68 
0.669 
0.661 
0.662 
0.657 
0.652 
0.65 
0.646 
0.64 
0.632 
0.621 
0.622 
0.593 
0.586 
0.584 
0.577 
0.56 
0.542 
0.519 
0.568 
0.497 
0.495 
0.483 
0.487 
0.483 
0.477 
0.469 
0.444 
0.461 
0.433 
0.434 
0.434 
0.432 
0.428 
0.418 
0.415 
0.398 
0.431 
0.398 
0.395 
0.389 
0.389 
0.385 
0.376 
0.361 
0.372 
0.356 
