27.075 
26.913 
26.472 
25.692 
25.183 
25.16 
25.145 
25.132 
25.109 
25.07 
25.021 
25.066 
25.013 
h 
22.645 
22.531 
22.373 
22.255 
22.037 
21.615 
20.862 
19.952 
19.558 
18.885 
17.784 
16.732 
20.583 
16.342 
14.994 
14.924 
14.817 
14.682 
14.509 
14.427 
14.509 
14.225 
14.167 
14.076 
13.975 
13.931 
13.85 
13.79 
13.736 
13.706 
13.651 
13.565 
13.525 
13.494 
13.445 
13.418 
13.37 
13.293 
13.224 
13.189 
13.181 
13.169 
13.147 
13.115 
13.079 
13.059 
13.025 
12.978 
12.902 
12.792 
12.983 
12.866 
12.693 
12.686 
12.674 
12.653 
12.625 
12.648 
12.663 
12.598 
12.598 
h 
12.284 
12.284 
12.282 
12.278 
12.27 
12.255 
12.231 
12.205 
h 
11.558 
11.351 
11.271 
11.257 
11.235 
11.19 
11.106 
10.973 
10.746 
10.498 
10.517 
10.386 
10.354 
10.291 
10.174 
9.963 
10.175 
9.917 
9.767 
9.75 
9.721 
9.671 
9.592 
9.483 
9.532 
9.436 
9.428 
9.419 
9.402 
9.375 
9.335 
9.248 
9.095 
8.927 
12.612 
8.873 
8.863 
8.849 
8.827 
8.803 
8.802 
8.789 
8.786 
8.779 
8.765 
8.739 
8.689 
8.598 
8.446 
11.21 
8.427 
8.428 
8.427 
8.424 
8.419 
8.411 
8.409 
8.404 
8.395 
h 
8.106 
8.117 
8.096 
8.085 
8.066 
8.05 
8.029 
7.974 
7.893 
7.929 
7.788 
7.693 
7.672 
7.654 
7.625 
7.575 
7.507 
7.513 
7.477 
7.428 
7.417 
7.4 
7.365 
7.302 
7.231 
7.135 
7.063 
7.047 
7.02 
6.974 
6.88 
6.865 
7.126 
6.784 
6.769 
6.756 
6.735 
6.697 
6.635 
6.701 
6.778 
6.571 
6.565 
6.557 
6.548 
6.551 
6.549 
6.541 
6.538 
6.532 
h 
6.411 
6.398 
6.376 
6.36 
6.325 
6.333 
6.234 
6.139 
6.003 
5.941 
5.889 
5.81 
5.722 
5.732 
5.713 
5.682 
5.673 
5.659 
5.619 
5.568 
5.564 
5.557 
5.544 
5.545 
5.505 
5.471 
5.415 
5.507 
5.383 
5.361 
5.349 
5.333 
5.322 
5.303 
5.295 
5.286 
5.263 
5.248 
5.245 
5.241 
5.238 
5.263 
5.227 
5.214 
5.202 
5.196 
5.17 
5.174 
5.169 
5.167 
5.163 
5.165 
5.164 
h 
4.922 
4.918 
4.928 
4.918 
4.905 
4.885 
4.853 
4.799 
4.706 
4.555 
4.415 
4.484 
4.848 
4.348 
4.321 
4.307 
4.305 
4.301 
4.298 
4.275 
4.335 
4.299 
4.298 
4.289 
4.291 
h 
4.116 
4.137 
4.113 
4.109 
4.101 
4.082 
4.072 
4.072 
4.058 
4.034 
3.979 
3.932 
3.924 
3.881 
3.878 
3.872 
3.856 
3.827 
3.834 
3.774 
3.754 
3.754 
3.755 
3.757 
3.75 
3.747 
3.739 
3.763 
h 
3.551 
3.548 
3.56 
3.562 
3.565 
3.562 
3.563 
3.557 
h 
3.312 
3.309 
3.306 
3.302 
3.322 
3.265 
3.226 
3.17 
3.101 
2.995 
2.948 
2.922 
2.868 
2.863 
2.818 
2.768 
2.718 
2.718 
2.707 
2.717 
2.678 
2.66 
2.636 
2.628 
2.623 
2.685 
2.608 
2.622 
2.622 
2.617 
2.607 
2.59 
2.572 
2.539 
2.671 
2.548 
2.55 
2.55 
2.551 
2.544 
2.522 
2.519 
2.514 
2.506 
2.493 
2.505 
2.453 
2.473 
2.473 
2.474 
2.475 
2.474 
2.457 
2.529 
2.468 
2.467 
2.464 
2.459 
2.46 
2.448 
2.476 
2.447 
2.445 
h 
2.308 
2.304 
2.308 
2.323 
2.313 
2.302 
2.283 
2.252 
2.199 
2.108 
2.0 
1.957 
1.894 
1.826 
1.744 
1.613 
1.47 
1.24 
1.498 
1.606 
1.196 
1.139 
1.095 
1.086 
1.08 
1.069 
1.05 
1.027 
1.026 
1.055 
1.032 
1.01 
1.004 
0.999 
0.996 
0.992 
0.991 
0.988 
0.984 
0.976 
0.975 
0.964 
0.963 
0.962 
0.961 
0.958 
0.957 
0.952 
0.947 
0.943 
0.936 
0.933 
0.953 
0.925 
0.923 
0.921 
0.92 
0.918 
0.914 
0.911 
0.91 
0.909 
0.905 
0.904 
0.903 
0.902 
0.901 
0.899 
0.899 
0.896 
0.896 
h 
0.824 
0.821 
0.818 
0.816 
0.813 
0.807 
0.798 
0.782 
0.749 
0.686 
0.573 
0.398 
