25.177 
25.174 
25.164 
25.144 
25.108 
25.047 
24.97 
24.887 
24.844 
24.796 
24.743 
24.742 
24.751 
24.711 
24.71 
24.709 
h 
23.272 
23.241 
23.208 
23.166 
23.08 
22.916 
22.64 
22.251 
22.035 
21.996 
21.871 
21.813 
21.702 
21.488 
21.116 
21.173 
21.097 
20.663 
20.618 
20.529 
20.376 
20.131 
19.808 
19.421 
21.286 
19.19 
19.153 
19.087 
18.988 
18.823 
18.561 
18.074 
17.255 
21.589 
25.979 
16.661 
16.497 
16.482 
16.467 
16.438 
16.381 
16.279 
16.129 
16.374 
17.306 
16.031 
16.028 
16.022 
16.011 
15.991 
15.96 
15.936 
15.939 
15.953 
h 
15.485 
15.443 
15.419 
15.385 
15.323 
15.269 
15.046 
14.819 
14.718 
14.632 
14.516 
14.517 
14.499 
14.429 
14.392 
14.388 
14.381 
14.369 
14.346 
14.323 
14.297 
14.278 
14.247 
14.212 
14.217 
14.204 
14.202 
14.196 
14.189 
14.188 
h 
13.579 
13.566 
13.548 
13.507 
13.426 
13.287 
13.042 
12.651 
12.286 
12.21 
12.073 
11.871 
11.612 
11.561 
11.377 
11.231 
10.957 
10.508 
10.153 
10.248 
9.767 
9.549 
9.507 
9.438 
9.341 
9.29 
9.213 
9.126 
8.99 
8.906 
8.964 
8.787 
8.752 
8.689 
8.578 
8.415 
8.319 
8.565 
8.24 
8.22 
8.185 
8.141 
8.12 
8.124 
8.101 
8.097 
8.089 
8.077 
8.026 
7.971 
8.018 
7.925 
7.92 
7.912 
7.897 
7.881 
7.879 
7.867 
7.862 
7.852 
h 
7.61 
7.602 
7.598 
7.591 
7.579 
7.557 
7.519 
7.452 
7.344 
7.21 
7.076 
7.589 
7.046 
7.019 
6.983 
6.943 
6.884 
6.815 
6.864 
6.8 
6.795 
6.783 
6.752 
6.703 
6.614 
6.549 
7.541 
6.508 
6.486 
6.458 
6.419 
6.403 
6.379 
6.391 
6.39 
6.389 
6.389 
6.408 
6.379 
h 
6.29 
6.238 
6.149 
6.029 
5.961 
5.944 
5.946 
5.942 
5.934 
5.923 
5.915 
5.928 
5.888 
5.824 
5.771 
5.715 
5.629 
5.502 
5.523 
6.618 
5.391 
5.394 
5.394 
5.393 
5.394 
5.398 
5.38 
5.356 
5.35 
h 
4.939 
4.928 
4.943 
4.932 
4.919 
4.903 
4.869 
4.835 
4.744 
4.684 
4.556 
4.522 
4.479 
4.478 
4.432 
4.429 
4.375 
4.317 
4.309 
4.287 
4.264 
4.232 
4.191 
4.153 
4.047 
4.153 
4.055 
4.053 
4.055 
4.033 
4.016 
3.986 
4.233 
4.016 
4.002 
3.989 
3.972 
3.975 
3.972 
3.973 
3.98 
3.968 
3.975 
3.938 
3.938 
h 
3.786 
3.769 
3.747 
3.75 
3.749 
3.744 
3.724 
3.684 
3.609 
3.465 
3.222 
3.123 
2.971 
2.89 
2.839 
2.806 
2.776 
2.776 
2.769 
2.766 
2.761 
2.757 
2.756 
2.754 
2.753 
h 
2.681 
2.674 
2.671 
2.669 
2.666 
2.659 
2.643 
2.617 
2.567 
2.507 
2.445 
2.398 
2.372 
2.331 
2.27 
2.259 
2.214 
2.198 
2.178 
2.149 
2.166 
2.115 
2.108 
2.105 
2.099 
2.089 
2.069 
2.037 
1.994 
2.357 
1.979 
1.979 
1.978 
1.979 
1.975 
1.972 
1.968 
1.963 
1.954 
1.941 
1.998 
1.966 
1.925 
1.925 
1.924 
1.923 
1.919 
1.914 
1.911 
1.906 
1.909 
h 
1.889 
1.887 
1.883 
1.877 
1.866 
1.85 
1.872 
1.82 
1.797 
1.762 
1.736 
1.761 
1.732 
1.732 
1.731 
1.73 
1.726 
1.72 
1.711 
1.696 
1.677 
1.654 
1.65 
1.707 
1.612 
1.611 
1.609 
1.606 
1.597 
1.596 
1.591 
1.58 
1.565 
1.552 
1.714 
1.533 
1.531 
1.526 
1.521 
1.517 
1.509 
1.564 
1.51 
1.509 
1.507 
1.505 
1.501 
1.498 
1.498 
1.497 
1.497 
h 
1.382 
1.378 
1.37 
1.37 
1.365 
1.364 
1.36 
1.35 
1.334 
1.307 
1.272 
1.276 
1.222 
1.212 
1.197 
1.195 
1.189 
1.181 
1.177 
1.175 
1.173 
1.171 
1.168 
1.166 
1.166 
1.168 
1.164 
1.163 
1.16 
1.187 
1.157 
1.16 
1.159 
1.158 
1.156 
1.157 
1.152 
1.15 
1.149 
h 
1.026 
1.001 
0.985 
0.983 
0.979 
0.972 
0.96 
0.941 
0.903 
0.828 
0.843 
0.695 
0.636 
0.557 
0.513 
0.506 
