26.724 
26.654 
26.461 
26.104 
25.746 
25.682 
25.597 
25.517 
25.422 
25.335 
25.207 
25.069 
25.044 
24.999 
24.986 
24.97 
24.955 
24.949 
24.946 
24.943 
h 
23.343 
23.259 
23.075 
22.801 
22.639 
22.429 
22.049 
21.461 
20.889 
20.379 
20.114 
19.919 
19.647 
19.369 
19.22 
19.161 
19.095 
18.981 
18.829 
18.577 
18.221 
18.457 
19.834 
17.809 
17.778 
17.716 
17.596 
17.374 
17.011 
16.678 
20.475 
16.599 
16.592 
16.579 
16.556 
16.511 
16.429 
16.299 
16.437 
16.257 
16.176 
16.165 
16.15 
16.13 
16.102 
16.065 
16.018 
15.944 
15.911 
16.708 
15.869 
15.866 
15.859 
15.845 
15.818 
15.77 
15.696 
15.733 
15.747 
15.639 
15.636 
15.629 
15.617 
15.594 
15.58 
h 
14.679 
14.66 
14.626 
14.59 
14.563 
14.509 
14.399 
14.19 
13.824 
13.406 
15.053 
13.139 
13.077 
12.997 
12.916 
12.872 
12.79 
12.653 
12.488 
12.936 
12.388 
12.37 
12.341 
12.302 
12.24 
12.173 
12.232 
12.135 
12.131 
12.122 
12.109 
12.082 
12.042 
12.038 
12.009 
12.001 
11.985 
11.957 
11.905 
11.822 
11.765 
13.049 
11.724 
11.722 
11.718 
11.709 
11.723 
11.7 
11.7 
11.698 
11.694 
h 
11.356 
11.324 
11.324 
11.306 
11.286 
11.246 
11.174 
11.047 
10.856 
10.704 
10.711 
10.627 
10.581 
10.533 
10.482 
10.474 
10.467 
10.439 
10.426 
10.416 
10.403 
10.376 
10.421 
10.377 
h 
10.084 
10.064 
10.041 
10.043 
10.031 
10.011 
9.979 
9.922 
9.834 
9.68 
9.516 
9.484 
9.876 
9.359 
9.351 
9.338 
9.317 
9.297 
9.433 
9.298 
9.296 
9.292 
h 
8.879 
8.858 
8.863 
8.854 
8.834 
8.79 
8.71 
8.571 
8.334 
8.055 
7.92 
7.901 
7.845 
7.75 
7.661 
7.607 
7.524 
7.437 
7.433 
7.4 
7.43 
7.406 
7.387 
7.362 
7.341 
7.316 
7.313 
7.273 
7.264 
7.245 
7.244 
7.235 
7.276 
7.234 
7.227 
7.217 
h 
7.093 
7.112 
7.092 
7.078 
7.061 
7.035 
6.988 
6.892 
6.802 
6.614 
6.553 
6.45 
6.31 
6.26 
6.312 
6.161 
6.142 
6.112 
6.052 
5.983 
5.903 
5.925 
5.873 
5.855 
5.848 
5.844 
5.837 
5.82 
5.831 
5.81 
5.814 
5.818 
5.818 
5.817 
h 
5.815 
5.809 
5.804 
5.801 
5.797 
5.79 
5.739 
5.694 
5.626 
5.605 
5.569 
5.515 
5.434 
5.335 
5.155 
5.077 
4.884 
4.876 
4.876 
4.873 
4.872 
4.857 
4.81 
4.827 
4.822 
4.816 
4.8 
4.816 
4.803 
4.803 
4.803 
h 
4.644 
4.623 
4.632 
4.627 
4.618 
4.602 
4.593 
4.57 
4.508 
4.473 
4.451 
4.463 
4.449 
4.439 
4.428 
4.409 
4.378 
4.353 
4.315 
4.306 
4.297 
4.285 
4.282 
4.277 
4.271 
4.255 
4.228 
4.213 
4.234 
4.205 
4.193 
4.183 
4.169 
4.155 
4.146 
4.158 
4.103 
4.106 
4.107 
4.092 
4.072 
4.044 
3.994 
4.172 
4.078 
4.163 
4.03 
4.011 
4.007 
4.0 
3.989 
3.97 
3.945 
3.941 
3.939 
3.919 
3.917 
3.913 
3.908 
3.898 
3.881 
3.862 
4.353 
3.856 
3.853 
3.849 
3.84 
3.825 
3.825 
3.808 
3.808 
3.803 
3.801 
3.793 
3.785 
3.773 
3.8 
3.775 
h 
3.708 
3.701 
3.694 
3.689 
3.682 
3.668 
3.642 
3.62 
3.545 
3.462 
3.4 
3.351 
3.295 
3.27 
3.24 
3.224 
3.214 
3.205 
3.181 
3.158 
3.12 
3.086 
3.096 
3.107 
3.056 
3.04 
3.034 
3.025 
3.029 
3.024 
3.015 
3.003 
2.994 
3.016 
2.958 
2.943 
2.936 
2.935 
2.933 
2.932 
2.93 
2.918 
2.932 
2.918 
2.914 
2.906 
2.891 
2.864 
2.836 
2.946 
2.839 
2.835 
2.831 
2.83 
2.824 
2.826 
2.817 
2.819 
2.784 
2.801 
2.788 
2.785 
2.782 
2.784 
2.787 
2.793 
2.788 
h 
2.64 
2.642 
2.635 
2.632 
2.613 
2.614 
2.618 
2.609 
2.606 
2.6 
2.589 
2.571 
2.545 
2.528 
2.518 
2.59 
2.453 
2.452 
2.451 
2.452 
2.45 
2.446 
2.438 
2.436 
2.419 
2.432 
2.4 
2.4 
2.399 
2.396 
2.385 
2.378 
2.367 
2.37 
2.356 
2.357 
2.359 
2.359 
2.357 
2.353 
2.346 
2.334 
2.344 
h 
2.222 
2.164 
2.112 
2.109 
2.11 
2.106 
2.1 
2.092 
2.079 
2.053 
2.002 
1.924 
1.841 
1.797 
1.776 
1.768 
1.759 
1.748 
1.726 
1.69 
1.658 
1.662 
1.639 
1.595 
1.59 
1.581 
1.575 
1.564 
1.559 
1.548 
1.53 
1.504 
1.56 
1.553 
1.461 
1.458 
1.452 
1.445 
1.433 
1.431 
1.406 
1.395 
1.429 
1.385 
1.384 
1.382 
1.377 
1.369 
1.364 
1.354 
1.352 
1.351 
1.35 
1.347 
1.34 
1.329 
1.31 
1.308 
1.528 
1.285 
1.278 
1.276 
1.274 
1.269 
1.266 
1.265 
1.26 
1.256 
1.249 
1.246 
1.242 
1.234 
1.242 
1.223 
1.223 
1.223 
1.221 
1.216 
1.207 
1.201 
1.198 
1.2 
1.179 
1.177 
1.174 
1.171 
1.17 
1.167 
1.163 
1.16 
1.155 
1.154 
1.149 
1.145 
1.145 
1.141 
1.14 
1.138 
1.133 
1.123 
h 
1.113 
1.127 
1.099 
1.099 
1.095 
1.087 
1.073 
1.045 
0.993 
0.901 
