25.421 
25.419 
25.412 
25.398 
25.368 
25.313 
25.213 
25.07 
25.079 
25.173 
24.993 
24.992 
24.989 
24.983 
24.972 
24.956 
h 
23.044 
22.695 
22.654 
22.561 
22.363 
21.962 
21.191 
19.809 
17.691 
22.544 
22.708 
16.47 
16.379 
16.047 
16.014 
15.948 
15.828 
15.643 
15.551 
15.471 
15.435 
15.417 
15.386 
15.325 
15.223 
15.071 
14.921 
15.104 
14.807 
14.78 
14.731 
14.655 
14.539 
14.457 
14.505 
14.406 
14.394 
14.371 
14.34 
14.285 
14.201 
14.294 
14.939 
14.067 
14.06 
14.044 
14.016 
13.966 
13.954 
13.982 
13.853 
13.841 
13.823 
13.793 
13.771 
13.749 
13.734 
13.707 
13.663 
13.663 
13.634 
13.629 
13.62 
13.607 
13.6 
13.587 
h 
12.567 
12.53 
12.472 
12.434 
12.365 
12.238 
12.012 
11.673 
11.335 
11.434 
11.391 
10.959 
10.918 
10.849 
10.718 
10.484 
10.134 
10.217 
10.12 
9.792 
9.759 
9.7 
9.611 
9.491 
9.355 
9.236 
9.187 
9.165 
9.134 
9.086 
9.024 
8.967 
8.899 
8.801 
8.819 
9.025 
8.711 
8.694 
8.663 
8.609 
8.561 
8.551 
8.538 
8.531 
8.523 
8.51 
8.497 
8.475 
8.464 
8.437 
8.422 
8.418 
8.414 
8.406 
8.394 
8.39 
8.385 
8.378 
8.369 
h 
8.116 
8.092 
8.042 
8.015 
7.984 
7.956 
7.927 
7.873 
7.785 
7.677 
7.66 
8.639 
7.646 
7.633 
7.634 
7.633 
7.631 
7.627 
7.62 
7.607 
7.596 
h 
7.043 
7.032 
7.023 
7.007 
6.983 
6.945 
6.871 
6.736 
6.556 
6.349 
6.305 
6.283 
6.266 
6.239 
6.214 
6.157 
6.218 
6.124 
6.104 
6.085 
6.049 
6.013 
5.999 
5.964 
5.957 
5.951 
5.939 
5.943 
5.922 
5.918 
5.915 
5.911 
h 
5.478 
5.477 
5.469 
5.461 
5.446 
5.415 
5.346 
5.224 
5.016 
4.74 
4.619 
4.506 
4.337 
4.117 
4.064 
3.96 
3.926 
3.908 
3.898 
3.88 
3.846 
3.791 
3.851 
3.804 
3.752 
3.719 
3.687 
3.678 
3.664 
3.655 
3.648 
3.635 
3.625 
3.619 
3.599 
3.596 
3.596 
3.61 
3.589 
3.585 
3.58 
3.57 
3.545 
3.54 
3.543 
3.538 
3.536 
3.537 
3.533 
3.531 
3.528 
h 
3.266 
3.254 
3.246 
3.243 
3.239 
3.233 
3.22 
3.196 
3.156 
3.071 
2.971 
2.975 
2.939 
2.929 
2.915 
2.876 
2.846 
2.808 
2.809 
2.765 
2.746 
2.738 
2.738 
2.725 
2.715 
2.707 
2.704 
2.693 
2.675 
2.668 
2.687 
2.661 
2.653 
2.653 
2.642 
2.638 
2.635 
2.627 
2.619 
2.607 
2.594 
2.591 
2.59 
2.587 
2.578 
2.567 
2.561 
2.551 
2.536 
2.531 
2.525 
2.518 
2.507 
2.498 
2.489 
2.493 
2.526 
2.488 
2.484 
2.476 
2.464 
2.454 
2.447 
2.443 
2.44 
2.434 
2.426 
2.441 
2.425 
2.426 
2.424 
h 
2.251 
2.207 
2.173 
2.148 
2.139 
2.13 
2.128 
2.117 
2.09 
2.039 
1.956 
1.85 
1.749 
2.028 
1.729 
1.726 
1.723 
1.702 
1.665 
1.649 
1.634 
1.632 
1.632 
1.625 
1.611 
1.582 
1.572 
1.524 
1.529 
1.529 
1.524 
1.517 
1.505 
1.501 
1.5 
1.482 
1.477 
1.469 
1.461 
1.451 
1.452 
1.889 
1.438 
1.438 
1.437 
1.436 
1.437 
1.435 
1.433 
1.429 
1.416 
1.412 
1.412 
1.409 
1.406 
1.407 
1.409 
1.407 
1.409 
h 
1.395 
1.394 
1.398 
1.399 
1.398 
1.395 
1.397 
1.392 
h 
1.293 
1.291 
1.291 
1.286 
1.279 
1.344 
1.446 
1.263 
1.243 
1.214 
1.18 
1.162 
1.192 
1.133 
1.132 
1.128 
1.116 
1.103 
1.102 
1.073 
1.207 
1.05 
1.06 
1.072 
1.074 
1.075 
1.07 
1.067 
1.061 
1.042 
1.104 
1.044 
1.048 
1.051 
1.052 
1.05 
1.048 
1.03 
1.037 
1.041 
1.042 
1.041 
1.039 
1.027 
1.041 
1.039 
1.035 
1.032 
1.028 
1.023 
1.014 
1.101 
0.999 
0.996 
1.023 
1.007 
1.006 
1.003 
0.998 
1.001 
0.988 
1.003 
0.995 
0.991 
0.986 
0.988 
0.992 
0.988 
0.982 
0.982 
0.982 
0.974 
0.979 
0.967 
0.969 
0.973 
0.972 
0.97 
0.968 
0.962 
0.958 
0.95 
0.965 
0.952 
0.951 
0.949 
0.946 
0.945 
0.938 
0.941 
0.938 
0.937 
0.935 
0.932 
0.924 
0.948 
0.922 
0.922 
0.921 
0.919 
h 
0.854 
0.849 
0.848 
0.847 
0.845 
0.843 
0.838 
0.829 
0.815 
0.787 
0.73 
0.64 
0.589 
0.553 
0.543 
0.53 
0.524 
0.515 
0.504 
0.491 
0.538 
0.492 
0.491 
0.49 
0.489 
0.489 
0.487 
0.484 
0.481 
0.531 
0.478 
0.478 
0.478 
0.478 
0.478 
0.479 
0.479 
0.479 
0.479 
h 
0.349 
0.349 
0.348 
0.347 
0.344 
0.343 
0.343 
0.335 
0.325 
0.305 
0.271 
