25.249 
25.201 
25.072 
24.847 
24.695 
24.688 
24.676 
24.661 
24.648 
24.635 
24.625 
24.621 
h 
23.887 
23.859 
23.789 
23.648 
23.39 
22.914 
22.175 
21.566 
21.318 
21.174 
21.082 
20.904 
20.585 
20.292 
20.148 
19.755 
19.654 
19.589 
19.459 
19.214 
18.846 
18.571 
18.973 
18.269 
18.191 
18.104 
18.009 
17.923 
17.797 
17.61 
17.531 
17.519 
17.374 
17.35 
17.307 
17.247 
17.189 
17.084 
17.035 
17.247 
16.947 
16.936 
16.919 
16.897 
16.878 
16.844 
16.813 
16.879 
16.772 
16.763 
16.751 
16.738 
16.73 
16.717 
16.693 
16.668 
16.688 
h 
16.425 
16.411 
16.383 
16.328 
16.21 
15.977 
15.55 
14.845 
14.039 
13.893 
13.561 
13.412 
13.299 
13.192 
13.161 
13.107 
13.022 
12.915 
12.84 
12.712 
12.637 
12.569 
12.514 
12.464 
12.378 
12.229 
12.004 
12.418 
12.334 
11.811 
11.786 
11.741 
11.674 
11.603 
11.504 
11.394 
11.335 
11.329 
11.319 
11.301 
11.271 
11.228 
11.179 
11.103 
11.053 
11.021 
11.004 
10.969 
10.904 
10.798 
10.645 
12.611 
10.615 
10.611 
10.604 
10.59 
10.563 
10.514 
10.449 
10.459 
10.414 
10.411 
10.405 
10.396 
10.38 
10.353 
10.356 
h 
10.207 
10.185 
10.176 
10.159 
10.121 
10.051 
9.944 
9.786 
9.674 
9.644 
9.605 
9.542 
9.448 
9.481 
9.437 
9.37 
9.362 
9.348 
9.332 
9.331 
9.302 
9.287 
9.284 
9.279 
9.268 
9.247 
9.232 
9.226 
9.224 
9.209 
9.205 
9.2 
9.197 
9.193 
9.185 
h 
9.0 
8.982 
8.961 
8.926 
8.9 
8.887 
8.874 
8.863 
8.848 
8.82 
8.774 
8.721 
8.699 
8.685 
8.674 
8.658 
8.649 
8.642 
8.633 
8.629 
8.616 
8.611 
h 
8.157 
8.084 
8.087 
8.068 
8.055 
8.029 
7.979 
7.891 
7.76 
7.665 
7.611 
7.61 
7.564 
7.549 
7.549 
7.545 
7.541 
7.534 
7.52 
7.493 
7.432 
7.343 
7.581 
7.327 
7.302 
7.297 
7.293 
7.285 
7.27 
7.27 
7.257 
7.25 
7.24 
7.228 
7.234 
7.215 
7.21 
7.204 
7.195 
7.187 
h 
7.091 
7.081 
7.064 
7.035 
7.023 
6.971 
6.886 
6.754 
6.601 
6.549 
6.49 
6.426 
6.391 
6.374 
6.319 
6.269 
6.212 
6.227 
6.193 
6.174 
6.157 
6.139 
6.134 
6.124 
6.121 
6.117 
6.11 
6.098 
6.077 
6.056 
6.139 
6.054 
6.038 
6.034 
6.028 
6.016 
5.998 
5.996 
6.024 
5.98 
5.977 
5.971 
5.959 
5.943 
5.925 
5.91 
5.906 
5.894 
5.888 
5.884 
5.877 
5.869 
5.857 
5.836 
5.799 
5.802 
6.17 
5.745 
5.742 
5.736 
5.733 
5.727 
5.717 
5.702 
5.719 
5.695 
h 
5.689 
5.682 
5.674 
5.66 
5.654 
5.646 
5.635 
5.622 
5.599 
5.567 
5.546 
5.532 
5.527 
5.491 
5.477 
5.461 
5.44 
5.419 
5.395 
5.359 
5.373 
5.479 
5.332 
5.327 
5.323 
5.318 
5.306 
5.279 
5.232 
5.166 
6.094 
5.497 
5.161 
5.129 
5.126 
5.124 
5.121 
5.118 
5.114 
5.124 
5.115 
h 
5.083 
5.081 
5.077 
5.069 
5.054 
5.031 
4.98 
4.891 
4.741 
4.543 
4.459 
4.457 
4.374 
4.326 
4.242 
4.115 
3.967 
4.513 
4.247 
3.904 
3.851 
3.843 
3.841 
3.836 
3.833 
3.822 
3.812 
3.796 
3.776 
3.78 
3.78 
3.768 
3.75 
3.754 
3.737 
3.728 
3.713 
3.688 
4.015 
3.701 
3.684 
3.677 
3.672 
3.673 
3.671 
3.669 
3.665 
3.662 
3.68 
3.652 
3.659 
3.66 
3.663 
3.667 
3.663 
3.666 
h 
3.509 
3.487 
3.453 
3.408 
3.36 
3.342 
3.318 
3.282 
3.25 
3.214 
3.142 
3.066 
3.013 
2.916 
2.822 
2.69 
2.607 
2.578 
2.548 
2.499 
2.435 
2.351 
2.486 
2.322 
2.303 
2.301 
2.296 
2.291 
2.287 
2.285 
2.282 
2.267 
2.245 
2.208 
2.158 
2.603 
2.141 
2.138 
2.138 
2.138 
2.137 
2.133 
2.126 
2.127 
2.118 
2.115 
2.109 
2.099 
2.086 
2.091 
2.121 
2.072 
2.072 
2.07 
2.07 
2.067 
2.066 
2.063 
2.059 
2.051 
2.038 
2.045 
2.032 
2.028 
2.027 
2.023 
2.02 
2.015 
2.012 
2.004 
2.013 
2.001 
1.993 
1.992 
1.99 
1.987 
1.983 
1.984 
1.977 
1.976 
1.973 
1.968 
1.955 
1.956 
1.959 
1.952 
1.949 
1.945 
1.94 
1.939 
1.94 
h 
1.91 
1.891 
1.861 
1.832 
1.821 
1.814 
1.804 
1.798 
1.792 
1.786 
1.778 
1.764 
1.743 
1.705 
1.643 
1.681 
1.649 
1.567 
1.56 
1.549 
1.536 
1.518 
1.515 
1.507 
1.502 
1.497 
1.489 
1.473 
1.45 
1.436 
1.498 
1.415 
1.398 
1.393 
1.387 
1.379 
1.367 
1.35 
1.328 
1.318 
1.373 
1.301 
1.297 
1.292 
1.287 
1.288 
1.283 
1.281 
1.278 
1.273 
1.268 
1.264 
1.259 
1.253 
1.243 
1.24 
1.279 
1.229 
1.227 
1.224 
1.22 
1.215 
1.208 
1.242 
1.201 
1.197 
1.195 
1.192 
1.189 
1.184 
1.178 
1.178 
1.174 
1.172 
1.17 
1.165 
1.158 
1.189 
1.163 
1.153 
1.152 
1.151 
1.149 
1.148 
1.145 
1.143 
1.143 
1.143 
1.14 
1.138 
1.135 
1.131 
1.124 
1.111 
1.1 
1.429 
1.091 
1.09 
1.089 
1.087 
h 
0.946 
0.94 
0.937 
0.935 
0.931 
0.923 
0.908 
0.881 
0.834 
0.761 
0.705 
0.666 
0.65 
0.639 
0.625 
0.606 
0.593 
0.563 
0.519 
0.494 
