26.265 
26.184 
25.968 
25.59 
25.317 
25.305 
25.282 
25.249 
25.226 
25.197 
25.159 
25.131 
25.092 
h 
22.71 
22.513 
22.477 
22.396 
22.228 
21.896 
21.288 
20.322 
19.964 
23.308 
19.407 
19.235 
19.132 
18.969 
18.651 
18.114 
17.476 
16.973 
17.646 
17.981 
15.949 
15.85 
15.781 
15.659 
15.483 
15.395 
15.389 
15.325 
15.308 
15.28 
15.247 
15.191 
15.112 
15.043 
15.009 
14.969 
14.916 
14.881 
14.849 
14.812 
14.76 
14.743 
14.844 
14.7 
14.585 
14.577 
14.564 
14.556 
14.554 
14.548 
14.537 
14.524 
14.521 
h 
14.233 
14.216 
14.199 
14.168 
14.099 
13.96 
13.695 
13.22 
12.464 
11.696 
12.211 
12.421 
11.469 
11.376 
11.218 
11.032 
10.943 
10.868 
10.802 
10.794 
10.739 
10.71 
10.687 
10.64 
10.548 
10.379 
10.134 
10.624 
10.082 
10.071 
10.05 
10.016 
9.988 
9.953 
9.902 
9.846 
9.78 
9.664 
9.532 
9.755 
9.464 
9.453 
9.43 
9.389 
9.322 
9.216 
9.109 
9.694 
9.031 
9.017 
8.992 
8.958 
8.896 
8.791 
8.866 
10.371 
8.643 
8.635 
8.62 
8.594 
8.549 
8.484 
8.507 
8.811 
8.398 
8.393 
8.384 
8.372 
8.357 
8.331 
8.31 
8.479 
8.294 
8.292 
8.289 
8.283 
8.273 
8.269 
8.263 
8.253 
8.235 
h 
7.87 
7.942 
7.754 
7.738 
7.71 
7.67 
7.654 
7.631 
7.559 
7.489 
7.435 
7.427 
7.411 
7.442 
7.406 
7.402 
7.399 
7.389 
7.371 
h 
7.164 
7.119 
7.143 
7.094 
7.058 
6.987 
6.857 
6.63 
6.425 
6.341 
6.215 
6.057 
5.862 
5.768 
5.74 
5.688 
5.622 
5.585 
5.531 
5.515 
5.486 
5.477 
5.476 
5.468 
5.45 
5.41 
5.342 
5.251 
6.326 
5.243 
5.246 
5.243 
5.239 
5.231 
5.216 
5.2 
5.174 
5.242 
5.152 
5.153 
5.153 
5.148 
5.139 
5.123 
5.087 
5.108 
5.084 
5.082 
5.078 
5.071 
5.045 
5.046 
5.043 
h 
4.753 
4.733 
4.739 
4.741 
4.724 
4.703 
4.663 
4.594 
4.486 
4.341 
4.238 
4.565 
4.179 
4.134 
4.089 
4.033 
4.004 
4.001 
3.972 
3.92 
3.845 
3.743 
3.773 
3.729 
3.71 
3.676 
3.647 
3.617 
3.685 
3.774 
3.589 
3.586 
3.584 
3.583 
3.582 
3.576 
3.564 
3.533 
3.567 
3.423 
3.425 
3.417 
3.404 
3.366 
3.342 
3.349 
3.348 
3.339 
3.325 
3.286 
3.31 
3.292 
3.287 
3.286 
3.284 
3.282 
3.278 
3.265 
h 
3.016 
3.024 
3.017 
3.005 
2.997 
2.986 
2.97 
2.952 
2.918 
2.853 
2.732 
2.628 
2.799 
2.627 
2.605 
2.572 
2.563 
2.555 
2.529 
2.527 
2.516 
2.496 
2.514 
2.507 
2.466 
2.465 
2.462 
2.456 
2.453 
2.447 
2.424 
2.834 
2.42 
2.415 
2.407 
2.398 
2.388 
2.399 
2.396 
2.399 
2.398 
2.397 
2.395 
2.385 
2.381 
h 
2.308 
2.32 
2.315 
2.309 
2.304 
2.296 
2.287 
2.256 
2.213 
2.137 
2.043 
1.997 
3.472 
1.983 
1.976 
1.969 
1.959 
1.961 
1.959 
2.089 
1.94 
1.915 
1.896 
1.895 
1.893 
1.891 
1.884 
1.87 
1.853 
1.824 
1.897 
1.83 
1.832 
1.823 
1.839 
1.828 
1.823 
1.812 
1.813 
1.813 
1.801 
1.79 
1.77 
1.757 
1.788 
1.768 
1.765 
1.765 
1.766 
1.767 
1.764 
1.759 
1.749 
1.731 
1.705 
1.662 
2.014 
1.679 
1.649 
1.647 
1.643 
1.642 
1.635 
1.622 
1.638 
1.62 
1.621 
1.624 
1.623 
1.626 
1.632 
1.605 
1.595 
1.593 
1.589 
1.584 
1.576 
1.562 
1.561 
1.609 
1.564 
1.552 
1.542 
1.532 
1.521 
1.514 
1.522 
1.513 
1.503 
1.493 
1.505 
1.479 
1.474 
1.478 
1.473 
1.464 
1.452 
1.456 
1.452 
1.436 
h 
1.221 
1.217 
1.195 
1.171 
1.135 
1.111 
1.088 
1.048 
0.989 
0.992 
0.786 
0.707 
0.61 
0.51 
0.423 
