29.671 
29.318 
28.323 
26.436 
24.962 
24.935 
24.93 
24.92 
24.908 
24.893 
24.93 
24.891 
24.891 
h 
24.349 
24.325 
24.257 
24.102 
23.785 
23.178 
22.123 
20.716 
20.388 
22.096 
19.871 
19.791 
19.743 
19.656 
19.487 
19.204 
18.915 
18.708 
18.534 
18.464 
18.362 
18.185 
17.961 
17.719 
17.545 
17.354 
17.001 
16.522 
16.924 
16.655 
15.965 
15.926 
15.869 
15.787 
15.652 
15.501 
15.389 
15.365 
15.345 
15.137 
15.117 
15.088 
15.054 
15.025 
14.979 
14.903 
14.84 
14.818 
14.751 
14.733 
14.701 
14.654 
14.573 
14.519 
14.959 
14.46 
14.452 
14.441 
14.426 
14.413 
14.398 
14.374 
14.357 
14.343 
h 
13.27 
13.118 
13.023 
12.974 
12.896 
12.753 
12.501 
12.087 
11.487 
11.102 
14.833 
10.682 
10.588 
10.561 
10.512 
10.42 
10.314 
10.26 
10.158 
9.985 
9.904 
9.799 
9.736 
9.684 
9.625 
9.534 
9.395 
9.284 
9.216 
9.194 
9.161 
9.102 
9.005 
8.897 
8.83 
8.768 
8.646 
8.416 
8.375 
8.778 
8.097 
8.075 
8.046 
8.018 
8.0 
7.966 
7.901 
7.789 
7.689 
8.516 
7.551 
7.533 
7.498 
7.434 
7.338 
7.431 
7.323 
7.32 
7.315 
7.306 
7.288 
7.255 
7.222 
7.18 
7.189 
7.163 
7.155 
7.142 
7.127 
7.1 
7.05 
6.958 
6.813 
7.689 
7.719 
6.714 
6.706 
6.696 
6.684 
6.675 
6.661 
6.646 
6.644 
6.661 
6.631 
6.63 
6.628 
6.625 
6.618 
6.605 
h 
6.51 
6.481 
6.43 
6.429 
6.427 
6.423 
6.417 
6.406 
6.386 
6.41 
6.374 
h 
5.611 
5.604 
5.592 
5.575 
5.55 
5.506 
5.439 
5.333 
5.214 
5.099 
5.072 
5.041 
5.016 
5.007 
5.078 
5.03 
4.994 
4.992 
4.995 
4.994 
h 
4.875 
4.873 
4.87 
4.872 
4.851 
4.824 
4.773 
4.682 
4.537 
4.393 
4.345 
4.275 
4.195 
4.133 
4.356 
4.036 
3.932 
3.905 
3.87 
3.834 
3.944 
3.811 
3.796 
3.774 
3.755 
3.73 
3.714 
3.691 
3.678 
3.725 
3.64 
3.623 
3.618 
3.612 
3.606 
3.601 
3.597 
3.587 
3.579 
3.572 
3.564 
3.559 
3.561 
3.54 
3.535 
3.53 
3.523 
3.521 
3.51 
3.507 
3.504 
3.498 
3.487 
3.478 
3.475 
3.476 
3.469 
3.465 
3.459 
3.454 
3.451 
3.459 
3.445 
3.444 
3.443 
3.442 
3.441 
3.446 
3.439 
h 
3.283 
3.278 
3.272 
3.261 
3.244 
3.219 
3.169 
3.074 
2.902 
2.638 
2.414 
2.404 
2.307 
2.166 
2.058 
2.004 
1.916 
1.796 
1.746 
1.7 
1.661 
1.645 
1.635 
1.617 
1.59 
1.568 
1.57 
1.547 
1.539 
1.528 
1.518 
1.517 
1.508 
1.5 
1.489 
1.482 
1.476 
1.474 
1.477 
1.465 
1.461 
1.455 
1.445 
1.449 
1.432 
1.424 
1.423 
1.422 
1.418 
1.413 
1.409 
1.405 
1.402 
1.395 
1.394 
1.392 
1.39 
1.385 
1.385 
1.381 
1.378 
1.378 
1.374 
1.369 
1.363 
1.363 
1.362 
1.363 
1.362 
1.361 
1.36 
1.357 
1.354 
h 
1.266 
1.253 
1.234 
1.224 
1.221 
1.219 
1.214 
1.206 
1.193 
1.16 
1.096 
0.982 
0.816 
0.897 
0.891 
0.664 
0.643 
0.628 
