26.149 
26.052 
25.793 
25.352 
25.062 
25.012 
24.925 
24.813 
24.658 
24.645 
26.022 
24.582 
24.582 
24.581 
24.578 
24.574 
24.567 
24.558 
24.559 
24.556 
h 
23.574 
23.543 
23.461 
23.295 
23.001 
22.435 
21.436 
19.976 
18.813 
21.933 
18.552 
18.442 
18.359 
18.308 
18.224 
18.062 
17.832 
17.745 
17.692 
17.628 
17.579 
17.517 
17.396 
17.181 
16.865 
17.423 
17.351 
16.672 
16.649 
16.624 
16.578 
16.506 
16.443 
16.351 
16.213 
16.1 
16.105 
16.034 
16.006 
15.978 
15.95 
15.92 
15.872 
15.817 
15.743 
16.024 
15.751 
15.699 
15.689 
15.671 
15.637 
15.582 
15.559 
15.536 
15.498 
15.466 
15.414 
15.334 
15.462 
15.511 
15.278 
15.274 
15.269 
15.261 
15.247 
15.223 
15.198 
15.166 
15.116 
15.14 
15.371 
15.072 
15.07 
15.066 
15.063 
15.057 
15.044 
15.018 
15.004 
15.012 
h 
14.134 
14.193 
14.082 
14.048 
13.979 
13.847 
13.632 
13.31 
13.013 
12.754 
12.584 
12.532 
12.475 
12.386 
12.305 
12.175 
11.974 
11.862 
11.662 
11.376 
11.595 
11.274 
11.257 
11.218 
11.142 
10.988 
10.925 
10.808 
10.624 
10.391 
12.816 
10.22 
10.194 
10.187 
10.173 
10.146 
10.108 
10.036 
10.016 
10.04 
9.89 
9.883 
9.872 
9.841 
9.82 
9.772 
9.807 
9.777 
9.765 
9.748 
9.718 
9.714 
9.704 
9.677 
h 
9.535 
9.616 
9.52 
9.513 
9.495 
9.459 
9.385 
9.29 
9.123 
8.94 
8.857 
8.88 
8.818 
8.811 
8.806 
8.801 
8.792 
8.782 
8.766 
8.745 
8.744 
h 
8.479 
8.41 
8.392 
8.371 
8.328 
8.245 
8.089 
7.842 
7.638 
8.33 
7.469 
7.441 
7.42 
7.396 
7.362 
7.338 
7.316 
7.288 
7.28 
7.268 
7.247 
7.212 
7.166 
7.188 
7.137 
7.131 
7.119 
7.1 
7.083 
7.06 
7.048 
7.049 
7.034 
7.03 
7.026 
7.018 
7.009 
6.995 
6.973 
6.937 
6.917 
7.233 
6.88 
6.876 
6.869 
6.858 
6.836 
6.821 
6.828 
6.8 
6.798 
6.793 
6.783 
6.765 
6.735 
6.698 
7.688 
6.683 
6.668 
6.662 
6.652 
6.644 
6.635 
6.624 
6.619 
6.613 
6.612 
6.607 
6.601 
6.593 
6.579 
6.575 
6.572 
6.567 
h 
6.346 
6.343 
6.337 
6.331 
6.32 
6.297 
6.253 
6.184 
6.061 
5.938 
5.789 
5.676 
5.594 
5.542 
5.491 
5.429 
5.393 
5.352 
5.324 
5.299 
5.261 
5.211 
5.29 
5.176 
5.168 
5.162 
5.159 
5.152 
5.148 
5.142 
5.131 
5.114 
5.099 
5.077 
5.07 
5.072 
5.06 
5.056 
5.05 
5.044 
5.04 
5.032 
5.02 
5.016 
5.011 
h 
4.834 
4.825 
4.818 
4.816 
4.811 
4.799 
4.777 
4.745 
4.707 
4.649 
4.617 
4.601 
4.584 
4.57 
4.562 
4.56 
4.557 
4.549 
4.538 
4.522 
4.514 
4.501 
4.493 
4.488 
4.484 
4.475 
4.458 
4.43 
4.405 
4.521 
4.625 
4.41 
4.406 
4.402 
4.395 
4.399 
4.393 
4.389 
4.385 
4.38 
h 
4.173 
4.135 
4.099 
4.095 
4.092 
4.09 
4.084 
4.086 
4.062 
4.03 
3.979 
3.922 
3.921 
3.91 
3.907 
3.908 
3.905 
3.901 
3.901 
3.888 
h 
3.9 
3.851 
3.809 
3.795 
3.777 
3.769 
3.764 
3.765 
3.761 
3.754 
3.73 
3.688 
3.689 
3.648 
3.631 
3.618 
3.606 
3.574 
3.549 
3.558 
3.542 
3.52 
3.516 
3.509 
3.502 
3.492 
3.47 
3.441 
3.593 
3.397 
3.404 
3.399 
3.393 
3.395 
3.393 
3.395 
3.395 
3.39 
h 
