27.087 
26.946 
26.555 
25.845 
25.28 
25.259 
25.217 
25.141 
25.019 
24.961 
25.805 
24.907 
24.907 
24.906 
24.905 
24.904 
24.904 
24.907 
24.903 
24.903 
h 
24.094 
24.066 
23.984 
23.803 
23.44 
22.785 
21.798 
21.009 
20.562 
20.174 
19.71 
19.072 
18.457 
18.083 
17.858 
17.543 
17.226 
17.002 
16.748 
16.35 
15.997 
16.273 
15.716 
15.6 
15.563 
15.54 
15.497 
15.419 
15.305 
15.136 
14.977 
14.749 
14.457 
15.821 
14.669 
14.173 
14.148 
14.13 
14.098 
14.048 
13.966 
13.873 
13.92 
13.854 
13.766 
13.747 
13.716 
13.669 
13.63 
13.625 
13.611 
13.598 
13.589 
13.57 
13.547 
13.521 
13.474 
13.403 
13.345 
13.857 
13.325 
13.318 
13.306 
13.289 
13.274 
13.27 
13.263 
13.256 
13.249 
h 
12.763 
12.721 
12.694 
12.642 
12.545 
12.36 
12.021 
11.435 
10.589 
10.268 
12.312 
9.96 
9.947 
9.922 
9.873 
9.804 
9.723 
9.625 
9.536 
9.386 
9.13 
8.898 
10.095 
8.764 
8.746 
8.712 
8.647 
8.534 
8.381 
9.253 
8.336 
8.319 
8.289 
8.255 
8.19 
8.079 
7.965 
8.187 
7.903 
7.895 
7.878 
7.847 
7.79 
7.722 
7.924 
7.698 
7.689 
7.673 
7.655 
7.62 
7.557 
7.459 
7.521 
10.9 
7.346 
7.335 
7.325 
7.308 
7.288 
7.278 
7.271 
7.258 
7.25 
7.243 
7.334 
7.241 
7.241 
7.24 
7.236 
h 
6.916 
6.867 
6.866 
6.862 
6.853 
6.833 
6.794 
6.722 
6.602 
6.49 
6.393 
6.358 
6.327 
6.272 
6.175 
6.173 
6.081 
6.086 
6.025 
6.01 
6.003 
5.995 
5.978 
5.948 
5.911 
5.884 
5.822 
5.718 
5.572 
6.745 
5.544 
5.539 
5.534 
5.527 
5.491 
5.426 
5.392 
5.521 
5.491 
5.353 
5.321 
5.3 
5.262 
5.266 
5.26 
5.238 
5.237 
5.237 
5.228 
5.212 
5.184 
5.18 
5.166 
5.163 
5.162 
5.162 
5.166 
5.157 
5.155 
h 
4.71 
4.666 
4.654 
4.642 
4.642 
4.62 
4.61 
4.55 
4.456 
4.322 
4.237 
4.16 
4.123 
4.232 
4.096 
4.075 
4.06 
4.06 
4.057 
4.053 
4.045 
4.024 
3.983 
3.894 
3.836 
4.561 
3.758 
3.75 
3.734 
3.703 
3.654 
3.569 
3.478 
3.654 
5.077 
3.334 
3.308 
3.295 
3.272 
3.266 
3.277 
3.279 
3.274 
3.27 
3.263 
3.25 
3.237 
3.216 
3.175 
3.159 
4.974 
3.128 
3.138 
3.133 
3.128 
3.118 
3.1 
3.075 
3.117 
3.123 
3.074 
3.079 
3.082 
3.079 
3.072 
3.063 
3.074 
3.06 
3.046 
h 
3.025 
3.004 
2.987 
2.988 
2.986 
2.983 
2.978 
2.969 
2.968 
2.932 
2.935 
2.917 
2.916 
2.913 
2.902 
2.886 
2.864 
2.836 
2.802 
2.802 
2.767 
2.784 
2.764 
2.759 
2.751 
2.733 
2.734 
2.718 
2.713 
2.715 
2.711 
2.729 
2.696 
2.696 
2.693 
2.692 
2.69 
2.674 
2.671 
2.673 
2.67 
h 
2.523 
2.524 
2.507 
2.496 
2.487 
2.472 
2.446 
2.397 
2.323 
2.194 
2.011 
1.887 
2.439 
1.856 
1.849 
1.838 
1.815 
1.805 
1.773 
1.764 
1.759 
1.76 
1.763 
1.754 
1.75 
1.736 
1.715 
1.682 
1.689 
1.688 
1.658 
1.647 
1.644 
1.644 
1.637 
1.657 
1.64 
1.627 
1.608 
1.593 
1.601 
1.61 
1.602 
1.592 
1.581 
1.58 
1.577 
1.573 
1.575 
1.536 
1.581 
1.532 
1.532 
1.526 
1.525 
1.518 
1.516 
1.524 
1.507 
1.531 
1.507 
1.5 
1.494 
1.488 
1.477 
1.609 
1.503 
1.485 
1.48 
1.471 
1.477 
1.466 
1.465 
1.462 
1.434 
1.465 
1.442 
1.439 
1.441 
1.442 
1.441 
1.441 
1.44 
1.43 
1.442 
h 
1.413 
1.42 
1.414 
1.429 
1.412 
1.412 
1.412 
1.407 
1.393 
1.367 
1.345 
1.347 
1.277 
1.251 
1.23 
1.22 
1.217 
1.198 
1.164 
1.095 
0.999 
0.935 
0.865 
0.85 
0.818 
0.787 
0.761 
0.738 
0.707 
0.694 
