26.883 
26.697 
26.193 
25.32 
24.814 
24.8 
24.796 
24.792 
24.788 
24.779 
24.766 
24.754 
24.834 
h 
24.019 
23.962 
23.892 
23.747 
23.451 
22.908 
22.086 
21.406 
20.816 
20.473 
19.956 
19.742 
20.853 
19.395 
19.356 
19.296 
19.21 
19.066 
18.824 
18.506 
18.487 
18.457 
18.155 
18.124 
18.074 
18.003 
17.914 
17.767 
17.605 
17.629 
17.544 
17.528 
17.497 
17.442 
17.372 
17.319 
17.287 
17.268 
17.236 
17.173 
17.075 
17.019 
16.972 
16.949 
16.912 
16.87 
16.801 
16.785 
16.793 
16.709 
16.699 
16.682 
16.652 
16.601 
16.522 
16.522 
16.477 
16.466 
16.448 
16.423 
16.41 
16.39 
16.369 
16.354 
16.343 
16.323 
16.289 
16.257 
16.221 
16.305 
16.21 
16.207 
16.202 
16.192 
16.176 
16.146 
h 
15.571 
15.763 
15.515 
15.457 
15.337 
15.11 
14.727 
14.253 
14.022 
13.925 
13.837 
13.739 
13.619 
13.428 
13.093 
12.599 
13.032 
13.082 
11.874 
11.825 
11.771 
11.687 
11.565 
11.359 
11.38 
12.007 
11.11 
11.098 
11.078 
11.048 
11.036 
11.084 
11.003 
10.995 
10.982 
10.964 
10.967 
10.964 
10.942 
10.939 
10.935 
10.927 
h 
10.466 
10.333 
10.301 
10.277 
10.26 
10.254 
10.247 
10.231 
10.2 
10.143 
10.059 
10.025 
10.176 
9.985 
9.982 
9.976 
9.966 
9.959 
9.933 
9.906 
9.863 
9.82 
9.803 
9.798 
9.786 
9.784 
9.781 
9.776 
9.767 
h 
9.672 
9.674 
9.663 
9.651 
9.629 
9.592 
9.539 
9.453 
9.358 
9.287 
9.275 
9.231 
9.201 
9.193 
9.173 
9.167 
9.166 
9.164 
9.161 
9.151 
h 
8.805 
8.802 
8.793 
8.778 
8.755 
8.707 
8.614 
8.44 
8.143 
7.761 
7.683 
7.553 
7.369 
7.341 
7.277 
7.205 
7.111 
7.449 
7.047 
7.001 
6.967 
6.978 
6.88 
6.86 
6.798 
6.746 
6.706 
6.667 
6.653 
6.65 
6.64 
6.626 
6.617 
6.678 
6.569 
6.58 
6.562 
6.534 
6.535 
6.489 
6.494 
6.497 
6.499 
6.49 
6.473 
6.501 
h 
6.444 
6.365 
6.259 
6.219 
6.219 
6.223 
6.22 
6.212 
6.196 
6.166 
6.116 
6.048 
5.993 
5.949 
5.939 
5.911 
5.891 
5.858 
5.813 
5.762 
5.692 
5.933 
5.764 
5.641 
5.64 
5.637 
5.632 
5.626 
5.619 
5.613 
5.605 
5.593 
h 
5.516 
5.513 
5.507 
5.497 
5.48 
5.448 
5.395 
5.329 
5.234 
5.164 
5.149 
5.124 
5.085 
5.044 
5.023 
4.997 
4.975 
4.967 
4.952 
4.928 
4.888 
4.859 
4.835 
4.822 
4.81 
4.795 
4.771 
4.74 
4.729 
4.72 
4.711 
4.705 
4.697 
4.688 
4.679 
4.665 
4.648 
4.634 
4.651 
4.614 
4.609 
4.602 
4.594 
4.586 
4.574 
4.558 
4.588 
4.551 
4.548 
4.545 
4.536 
4.531 
4.527 
4.525 
h 
4.42 
4.412 
4.399 
4.383 
4.372 
4.366 
4.347 
4.315 
4.265 
4.204 
4.168 
4.116 
4.038 
4.004 
3.979 
3.94 
3.894 
3.867 
3.835 
3.799 
3.763 
3.751 
3.716 
3.704 
3.683 
3.652 
3.611 
3.627 
3.582 
3.575 
3.563 
3.545 
3.547 
3.537 
3.495 
3.491 
3.489 
3.484 
3.477 
3.469 
3.467 
3.463 
3.46 
3.46 
3.456 
3.454 
3.451 
3.447 
3.44 
3.432 
3.431 
h 
3.372 
3.361 
3.358 
3.353 
3.343 
3.329 
3.304 
3.259 
3.183 
3.065 
3.097 
3.009 
2.95 
2.933 
2.916 
2.897 
2.896 
2.881 
2.874 
2.869 
2.864 
2.855 
2.84 
2.821 
2.816 
2.814 
2.812 
2.807 
2.8 
2.794 
2.793 
2.854 
2.782 
2.78 
2.777 
2.772 
2.764 
2.751 
2.75 
2.742 
2.742 
2.741 
2.739 
2.734 
2.727 
2.719 
2.74 
2.708 
2.707 
2.705 
2.702 
2.695 
2.692 
2.691 
2.685 
2.685 
2.685 
2.686 
2.686 
2.687 
2.69 
2.689 
h 
2.635 
2.635 
2.634 
2.632 
2.631 
2.618 
2.599 
2.569 
2.513 
2.427 
2.344 
2.336 
2.305 
2.273 
2.347 
2.253 
2.241 
2.223 
2.193 
2.187 
2.183 
2.164 
2.165 
2.157 
2.15 
2.137 
2.113 
2.073 
2.082 
2.159 
2.035 
2.021 
2.019 
2.016 
2.01 
1.997 
1.988 
1.973 
1.968 
1.962 
1.956 
1.95 
1.94 
1.932 
1.917 
1.89 
2.048 
1.891 
1.89 
1.889 
1.886 
1.882 
1.873 
1.888 
1.872 
1.87 
1.867 
1.865 
1.862 
1.861 
1.859 
1.858 
1.852 
1.851 
1.849 
1.845 
1.844 
1.837 
1.834 
1.833 
1.829 
1.826 
1.823 
1.82 
1.815 
1.836 
1.813 
1.811 
1.81 
1.807 
1.802 
1.794 
1.781 
1.776 
2.317 
1.764 
1.763 
1.764 
1.762 
1.757 
1.754 
1.752 
1.75 
1.752 
h 
1.683 
1.676 
1.665 
1.657 
1.652 
1.647 
1.643 
1.633 
1.621 
1.601 
1.564 
1.508 
1.457 
1.438 
1.427 
1.419 
1.406 
1.387 
1.364 
1.349 
1.359 
1.341 
1.339 
1.336 
1.334 
1.33 
1.324 
1.319 
1.315 
1.315 
1.312 
1.311 
1.31 
1.308 
1.32 
1.313 
h 
1.254 
1.241 
1.222 
1.217 
1.208 
1.208 
1.207 
1.205 
1.198 
1.185 
1.169 
1.135 
1.103 
1.09 
1.063 
1.026 
0.986 
1.002 
0.954 
0.945 
0.929 
0.901 
0.893 
0.883 
0.856 
0.851 
0.845 
0.837 
0.833 
0.831 
0.863 
0.819 
0.815 
0.807 
0.798 
0.788 
0.775 
0.791 
0.766 
0.766 
0.763 
0.757 
0.751 
0.739 
0.744 
0.74 
0.739 
0.737 
0.733 
0.727 
0.719 
0.703 
0.701 
0.897 
0.68 
0.682 
0.682 
0.682 
0.679 
0.674 
0.674 
0.67 
0.673 
0.668 
0.667 
0.664 
0.663 
0.652 
0.655 
0.653 
0.65 
0.645 
0.632 
0.643 
0.633 
0.625 
0.626 
0.62 
0.618 
0.615 
0.615 
0.611 
0.612 
0.61 
0.609 
0.604 
0.603 
0.6 
0.595 
0.591 
0.605 
0.606 
0.584 
0.582 
0.58 
0.577 
0.577 
0.577 
0.576 
0.592 
h 
0.564 
