29.095 
28.839 
28.102 
26.608 
24.946 
24.91 
24.907 
24.901 
24.89 
24.871 
24.852 
24.845 
24.843 
h 
23.318 
23.274 
23.182 
23.048 
22.87 
22.527 
21.913 
20.998 
20.253 
21.066 
19.852 
19.665 
19.467 
19.167 
18.658 
18.665 
18.378 
18.071 
18.045 
17.993 
17.898 
17.741 
17.707 
17.557 
17.37 
17.331 
17.294 
17.237 
17.146 
17.159 
16.992 
16.952 
16.935 
16.921 
16.893 
16.84 
16.761 
16.733 
16.707 
16.675 
16.654 
16.622 
16.584 
16.536 
16.514 
16.495 
16.459 
16.419 
16.409 
16.4 
16.384 
16.361 
16.343 
16.352 
16.324 
16.313 
16.292 
h 
15.138 
14.808 
14.749 
14.727 
14.679 
14.579 
14.379 
14.01 
13.394 
12.623 
12.951 
19.08 
11.974 
11.868 
11.785 
11.732 
11.696 
11.65 
11.595 
11.513 
11.443 
11.394 
11.343 
11.257 
11.094 
10.822 
10.675 
14.341 
10.446 
10.409 
10.383 
10.344 
10.275 
10.148 
9.935 
9.865 
12.418 
9.69 
9.673 
9.66 
9.655 
9.647 
9.641 
9.63 
9.622 
9.616 
h 
9.242 
9.242 
9.231 
9.213 
9.181 
9.133 
9.096 
9.024 
8.952 
8.927 
8.92 
8.903 
8.884 
8.856 
8.835 
8.812 
8.851 
8.831 
8.812 
8.804 
8.805 
8.805 
8.804 
h 
8.683 
8.685 
8.683 
8.673 
8.65 
8.604 
8.518 
8.372 
8.13 
7.971 
8.047 
7.815 
7.786 
7.74 
7.66 
7.55 
7.62 
7.493 
7.47 
7.438 
7.425 
7.397 
7.368 
7.361 
7.35 
7.325 
7.303 
7.257 
7.185 
7.227 
7.739 
7.16 
7.156 
7.15 
7.147 
7.13 
7.133 
7.129 
7.122 
7.107 
h 
7.099 
7.066 
7.008 
6.913 
6.778 
6.788 
6.741 
6.663 
6.656 
6.643 
6.619 
6.597 
6.566 
6.587 
6.53 
6.512 
6.486 
6.446 
6.418 
6.378 
6.382 
6.374 
6.366 
6.36 
6.357 
6.352 
6.341 
6.339 
6.327 
6.304 
6.307 
6.291 
6.283 
6.275 
6.26 
6.226 
6.229 
6.235 
6.208 
6.206 
6.203 
6.197 
6.185 
6.183 
6.173 
6.18 
6.181 
h 
6.108 
6.108 
6.089 
6.073 
6.07 
6.068 
6.059 
6.049 
h 
5.943 
5.883 
5.802 
5.771 
5.765 
5.774 
5.768 
5.754 
5.725 
5.673 
5.593 
5.74 
5.572 
5.547 
5.516 
5.494 
5.465 
5.448 
5.428 
5.403 
5.385 
5.378 
5.356 
5.351 
5.342 
5.344 
5.33 
5.326 
5.323 
5.305 
5.288 
5.277 
5.266 
5.267 
5.273 
5.274 
5.274 
5.273 
5.27 
5.26 
5.239 
h 
