29.291 
29.01 
28.218 
26.714 
25.358 
25.246 
25.04 
24.8 
24.699 
24.512 
24.265 
24.041 
23.984 
23.928 
23.907 
23.863 
23.784 
23.671 
23.615 
23.57 
23.546 
23.499 
23.415 
23.346 
23.495 
23.298 
23.29 
23.277 
23.254 
23.244 
23.235 
h 
22.332 
22.263 
22.191 
22.175 
22.14 
22.069 
21.938 
21.728 
21.494 
21.281 
20.946 
20.955 
20.734 
20.658 
20.579 
20.544 
20.486 
20.403 
20.264 
20.082 
19.835 
19.64 
19.92 
19.493 
19.45 
19.389 
19.338 
19.315 
19.276 
19.207 
19.124 
18.982 
18.768 
18.921 
24.335 
18.623 
18.59 
18.581 
18.582 
18.583 
18.582 
18.579 
18.575 
18.572 
h 
18.267 
18.236 
18.189 
18.103 
17.969 
17.833 
17.745 
17.743 
17.72 
17.691 
17.654 
17.639 
17.618 
17.579 
17.507 
17.432 
17.783 
17.303 
17.26 
17.205 
17.17 
17.135 
17.133 
17.09 
17.073 
17.068 
17.061 
17.047 
17.021 
16.977 
16.938 
16.949 
h 
15.91 
15.841 
15.77 
15.717 
15.68 
15.606 
15.468 
15.238 
14.967 
14.922 
15.104 
14.825 
14.82 
14.815 
14.805 
14.795 
14.782 
14.761 
14.736 
14.782 
14.69 
14.674 
h 
13.652 
13.614 
13.592 
13.561 
13.509 
13.455 
13.349 
13.129 
12.858 
12.615 
12.558 
12.483 
12.405 
12.368 
12.358 
12.341 
12.34 
12.333 
12.321 
12.3 
12.288 
12.273 
12.255 
h 
12.06 
11.991 
11.928 
11.919 
11.905 
11.888 
11.869 
11.839 
11.777 
11.678 
11.576 
11.476 
12.086 
11.461 
11.456 
11.449 
11.436 
11.419 
11.422 
11.522 
11.393 
11.395 
h 
11.128 
11.106 
11.067 
11.025 
11.008 
10.98 
10.931 
10.842 
10.705 
10.58 
10.435 
10.247 
10.069 
9.95 
9.898 
9.876 
9.858 
9.838 
9.806 
9.751 
9.69 
9.759 
9.705 
9.668 
9.666 
9.662 
9.654 
9.643 
9.637 
h 
9.587 
9.581 
9.577 
9.57 
9.555 
9.528 
9.474 
9.378 
9.23 
9.103 
9.017 
9.073 
8.877 
8.808 
8.776 
8.73 
8.684 
8.647 
8.597 
8.52 
8.429 
8.336 
8.303 
8.294 
8.239 
8.229 
8.212 
8.187 
8.153 
8.096 
8.028 
8.134 
7.982 
7.97 
7.947 
7.907 
7.844 
7.898 
7.851 
7.802 
7.799 
7.795 
7.788 
7.776 
7.756 
7.744 
7.742 
7.727 
7.715 
7.711 
7.705 
7.695 
7.691 
h 
7.248 
7.18 
7.171 
7.166 
7.156 
7.135 
7.096 
7.022 
6.888 
6.671 
6.422 
6.312 
6.911 
6.326 
6.252 
6.243 
6.227 
6.21 
6.193 
6.177 
6.173 
6.163 
6.169 
6.162 
6.157 
6.151 
6.142 
6.127 
h 
5.994 
5.955 
5.922 
5.897 
5.864 
5.846 
5.837 
5.82 
5.79 
5.764 
5.724 
5.678 
5.659 
5.677 
5.704 
5.613 
5.583 
5.569 
5.537 
5.552 
5.595 
5.528 
5.506 
5.485 
5.469 
5.458 
5.455 
5.443 
5.428 
5.402 
5.338 
5.409 
5.326 
5.32 
5.319 
5.316 
5.302 
5.277 
5.274 
5.276 
5.268 
5.253 
5.235 
5.225 
5.214 
5.194 
5.158 
5.173 
5.132 
5.125 
5.116 
5.103 
5.084 
5.089 
5.077 
5.073 
5.07 
5.067 
5.049 
5.042 
5.03 
5.04 
5.029 
5.023 
5.012 
4.995 
4.957 
4.998 
4.941 
4.948 
4.945 
4.941 
4.932 
4.919 
4.888 
4.931 
4.9 
4.893 
4.887 
4.878 
4.872 
4.864 
4.867 
h 
4.598 
4.576 
4.545 
4.5 
4.492 
4.485 
4.473 
4.447 
4.402 
4.333 
4.256 
4.215 
4.195 
4.153 
4.145 
4.214 
4.121 
4.116 
4.108 
4.093 
4.073 
4.053 
4.076 
4.048 
4.046 
4.043 
4.037 
4.04 
4.034 
h 
3.964 
3.961 
3.954 
3.939 
3.919 
3.887 
3.893 
3.762 
3.633 
3.504 
3.489 
3.469 
3.424 
3.386 
3.348 
3.289 
3.331 
3.272 
3.249 
3.231 
3.213 
3.221 
3.204 
3.181 
3.173 
3.167 
3.153 
3.128 
3.091 
3.142 
3.081 
3.078 
3.073 
3.064 
3.04 
3.039 
3.079 
3.041 
3.037 
3.032 
3.024 
3.02 
3.001 
2.988 
2.986 
2.983 
2.978 
2.964 
2.958 
2.975 
2.96 
2.957 
2.953 
2.945 
2.943 
2.947 
h 
2.924 
2.921 
2.926 
2.924 
2.922 
2.918 
2.912 
2.899 
h 
2.849 
2.837 
2.826 
2.818 
2.858 
2.815 
2.757 
2.786 
2.768 
2.76 
2.75 
2.747 
2.753 
2.769 
2.793 
2.717 
2.676 
2.59 
2.571 
2.576 
2.545 
2.507 
2.479 
2.439 
2.404 
2.384 
2.32 
2.353 
2.3 
2.27 
2.246 
2.207 
2.152 
2.12 
2.11 
2.084 
2.071 
2.053 
2.034 
2.031 
2.016 
2.011 
2.001 
1.984 
1.98 
1.966 
1.959 
1.956 
1.93 
1.943 
1.94 
1.939 
1.939 
1.933 
1.925 
1.917 
1.887 
1.947 
1.998 
1.881 
1.88 
1.877 
1.884 
1.872 
1.872 
1.87 
1.859 
1.857 
1.861 
1.849 
1.851 
1.851 
1.851 
1.85 
1.847 
h 
1.796 
1.826 
1.804 
1.8 
1.794 
1.79 
1.78 
1.792 
1.725 
1.688 
1.616 
1.473 
1.483 
1.419 
1.409 
1.403 
1.398 
1.388 
1.376 
1.337 
1.278 
1.196 
1.162 
1.152 
1.143 
1.123 
1.089 
1.049 
1.043 
1.026 
1.018 
1.006 
0.991 
0.974 
0.989 
1.04 
0.967 
0.962 
0.959 
0.953 
0.942 
0.923 
0.897 
0.901 
0.894 
0.878 
0.875 
0.87 
0.862 
0.847 
0.854 
0.835 
0.834 
0.831 
0.825 
0.819 
0.818 
0.815 
0.806 
0.806 
0.804 
0.801 
0.796 
0.788 
0.774 
0.796 
0.816 
0.756 
0.755 
0.753 
0.749 
0.74 
0.73 
0.743 
0.797 
0.717 
0.716 
0.715 
0.711 
0.706 
0.701 
0.693 
0.694 
0.714 
0.674 
0.672 
0.669 
0.664 
0.656 
0.658 
0.649 
0.647 
0.647 
0.646 
0.643 
0.64 
0.637 
0.634 
0.629 
0.627 
h 
0.612 
0.612 
0.612 
0.61 
0.608 
0.602 
0.595 
0.58 
0.557 
0.517 
0.459 
