25.145 
25.138 
25.12 
25.085 
25.029 
24.986 
24.969 
24.936 
h 
23.642 
23.422 
23.374 
23.354 
23.309 
23.223 
23.086 
22.953 
22.808 
22.648 
22.538 
22.38 
22.147 
21.788 
21.932 
21.545 
21.398 
21.365 
21.317 
21.227 
21.068 
20.843 
20.48 
20.525 
24.593 
20.101 
20.082 
20.074 
20.061 
20.042 
20.034 
20.052 
20.026 
20.025 
h 
19.628 
19.625 
19.618 
19.606 
19.582 
19.54 
19.487 
19.418 
19.386 
19.366 
19.344 
19.308 
19.264 
19.24 
19.227 
19.193 
19.182 
19.177 
19.172 
19.17 
19.165 
19.158 
19.152 
19.146 
h 
18.261 
18.181 
18.109 
18.086 
18.037 
17.938 
17.749 
17.414 
16.929 
16.706 
18.76 
16.499 
16.478 
16.436 
16.357 
16.229 
16.214 
16.112 
16.084 
16.06 
16.026 
15.971 
15.905 
15.786 
15.645 
16.255 
15.587 
15.576 
15.554 
15.512 
15.468 
15.456 
15.441 
15.422 
15.412 
15.401 
15.388 
15.37 
15.352 
15.326 
15.317 
15.293 
h 
14.71 
14.7 
14.687 
14.667 
14.634 
14.574 
14.474 
14.348 
14.312 
14.283 
14.253 
14.202 
14.136 
14.175 
14.127 
14.119 
14.119 
14.111 
14.099 
14.082 
14.075 
h 
14.109 
14.098 
14.088 
14.081 
14.08 
14.074 
14.066 
14.056 
h 
13.984 
13.993 
13.971 
13.951 
13.914 
13.848 
13.727 
13.52 
13.264 
13.203 
13.027 
13.12 
12.978 
12.961 
12.932 
12.894 
12.875 
12.884 
12.886 
12.857 
12.854 
12.854 
12.854 
12.852 
h 
