24.917 
24.899 
24.847 
24.754 
24.661 
24.611 
24.553 
24.48 
24.389 
24.251 
24.071 
23.917 
24.067 
23.867 
23.858 
23.841 
23.823 
23.797 
23.785 
23.834 
23.781 
23.781 
23.779 
23.777 
23.776 
h 
23.657 
23.639 
23.583 
23.452 
23.186 
22.694 
21.913 
21.094 
20.967 
20.747 
20.604 
20.364 
19.993 
19.357 
18.417 
17.694 
20.734 
17.257 
17.146 
16.95 
16.896 
16.8 
16.667 
16.506 
16.221 
15.791 
15.986 
24.679 
15.333 
15.322 
15.3 
15.26 
15.191 
15.091 
15.17 
15.384 
14.984 
14.985 
14.985 
14.982 
14.977 
14.97 
14.968 
15.003 
14.954 
h 
14.906 
14.901 
14.89 
14.872 
14.832 
14.753 
14.604 
14.338 
13.97 
13.849 
14.437 
13.667 
13.658 
13.646 
13.63 
13.618 
13.601 
13.568 
13.506 
13.401 
13.415 
13.796 
13.264 
13.255 
13.238 
13.208 
13.156 
13.083 
13.409 
13.198 
13.051 
13.048 
13.046 
13.044 
13.041 
13.034 
13.021 
12.997 
12.961 
h 
13.031 
13.565 
13.011 
12.994 
12.966 
12.928 
12.881 
12.835 
12.837 
12.831 
12.83 
12.828 
12.826 
12.824 
12.822 
h 
12.569 
12.539 
12.522 
12.517 
12.513 
12.498 
12.473 
12.462 
h 
