25.978 
25.873 
25.59 
25.103 
24.817 
24.807 
24.8 
24.789 
24.773 
24.766 
24.769 
24.759 
24.758 
h 
24.489 
24.465 
24.409 
24.285 
24.028 
23.539 
22.713 
21.714 
21.745 
21.476 
21.248 
21.197 
21.1 
20.936 
20.736 
20.489 
20.569 
20.328 
20.276 
20.196 
20.045 
19.829 
19.6 
19.257 
19.906 
19.488 
18.985 
18.971 
18.941 
18.881 
18.813 
18.735 
18.629 
18.462 
18.332 
18.311 
18.262 
18.24 
18.215 
18.187 
18.156 
18.119 
18.05 
17.934 
17.935 
17.871 
17.813 
17.803 
17.786 
17.753 
17.709 
17.669 
17.648 
17.619 
17.574 
17.533 
17.508 
17.478 
17.45 
17.435 
17.422 
17.397 
17.351 
17.278 
17.212 
18.165 
17.187 
17.13 
17.122 
17.108 
17.079 
17.027 
16.947 
17.003 
16.983 
16.883 
16.879 
16.871 
16.86 
16.857 
16.848 
h 
16.321 
16.299 
16.256 
16.19 
16.14 
16.123 
16.092 
16.036 
15.959 
15.897 
15.856 
15.805 
15.769 
15.706 
15.601 
15.493 
15.418 
15.515 
15.386 
15.38 
15.367 
15.341 
15.3 
15.222 
15.142 
15.169 
15.246 
15.054 
15.049 
15.042 
15.029 
15.008 
14.983 
14.968 
14.941 
14.893 
14.833 
15.003 
14.812 
14.795 
14.794 
14.792 
14.789 
14.781 
h 
14.251 
14.135 
14.063 
14.052 
14.031 
13.993 
13.936 
13.888 
13.835 
13.778 
13.693 
13.608 
13.562 
13.526 
13.51 
13.497 
13.487 
13.468 
13.445 
13.407 
13.374 
13.427 
13.355 
13.35 
13.348 
13.344 
13.336 
13.326 
13.333 
h 
13.163 
13.126 
13.113 
13.107 
13.094 
13.069 
13.022 
12.952 
12.831 
12.705 
12.641 
12.607 
12.566 
12.497 
12.427 
12.383 
12.31 
12.198 
12.241 
12.242 
12.103 
12.098 
12.089 
12.076 
12.065 
12.064 
12.046 
12.039 
12.026 
h 
