26.448 
26.4 
26.268 
26.024 
25.764 
25.716 
25.657 
25.586 
25.46 
25.288 
25.152 
24.978 
24.857 
25.023 
24.834 
24.831 
24.826 
24.817 
24.804 
24.807 
h 
24.395 
24.355 
24.297 
24.182 
23.948 
23.519 
22.861 
22.315 
22.072 
21.931 
21.811 
21.624 
21.436 
21.243 
21.294 
21.154 
21.125 
21.072 
20.985 
20.889 
20.827 
20.715 
20.585 
20.534 
20.508 
20.489 
20.452 
20.399 
20.358 
20.278 
20.187 
20.131 
20.116 
20.09 
20.051 
20.011 
19.933 
19.797 
19.703 
19.934 
19.573 
19.55 
19.515 
19.468 
19.396 
19.379 
19.338 
19.32 
19.309 
19.297 
19.278 
19.254 
19.215 
19.165 
19.156 
h 
18.487 
18.459 
18.429 
18.376 
18.28 
18.1 
17.785 
17.347 
17.039 
17.413 
16.803 
16.749 
16.667 
16.577 
16.493 
16.362 
16.149 
15.982 
16.406 
15.84 
15.819 
15.78 
15.723 
15.689 
15.655 
15.618 
15.588 
15.549 
15.486 
15.421 
15.488 
15.389 
15.376 
15.353 
15.335 
15.312 
15.332 
15.279 
15.27 
15.27 
15.267 
15.258 
15.25 
15.287 
h 
15.102 
15.068 
15.04 
14.999 
14.984 
14.948 
14.88 
14.764 
14.599 
14.487 
14.983 
14.727 
14.517 
14.488 
14.47 
14.468 
14.462 
14.461 
14.452 
14.457 
14.457 
h 
14.237 
14.234 
14.229 
14.223 
14.213 
14.194 
14.161 
14.1 
h 
13.902 
13.765 
13.71 
13.705 
13.699 
13.692 
13.678 
13.648 
13.621 
13.605 
13.583 
h 
