35.203 
34.523 
32.538 
28.456 
24.213 
24.153 
24.141 
24.118 
24.077 
24.022 
23.99 
23.989 
23.973 
h 
22.614 
22.555 
22.473 
22.416 
22.315 
22.145 
21.885 
21.48 
21.043 
20.397 
20.907 
20.056 
19.963 
19.958 
19.945 
19.914 
19.849 
19.733 
19.578 
19.491 
19.465 
19.399 
19.232 
19.213 
19.205 
19.191 
19.164 
19.125 
19.052 
19.033 
18.999 
18.977 
18.954 
18.938 
18.922 
18.899 
18.868 
18.832 
18.811 
18.773 
18.74 
18.692 
18.699 
18.643 
18.629 
18.62 
18.613 
18.599 
18.574 
18.543 
18.665 
18.524 
h 
18.323 
18.299 
18.28 
18.268 
18.243 
18.193 
18.103 
17.973 
17.908 
17.887 
17.857 
17.843 
17.834 
17.835 
17.83 
17.823 
17.814 
h 
17.507 
17.406 
17.284 
17.265 
17.259 
17.248 
17.226 
17.192 
17.134 
17.047 
16.931 
16.812 
16.809 
16.743 
16.693 
16.684 
16.672 
16.647 
16.605 
16.602 
16.558 
16.55 
16.546 
16.536 
16.517 
16.49 
16.449 
h 
16.349 
16.29 
16.271 
16.255 
16.233 
16.197 
16.137 
16.032 
15.872 
15.776 
16.028 
15.806 
15.696 
15.687 
15.679 
15.67 
15.658 
15.698 
15.704 
15.661 
15.66 
h 
