26.742 
26.616 
26.273 
25.669 
25.252 
25.222 
25.168 
25.1 
25.021 
24.929 
25.294 
24.92 
24.877 
24.875 
24.872 
24.866 
24.858 
24.855 
24.852 
24.851 
h 
23.976 
23.898 
23.777 
23.672 
23.622 
23.58 
23.498 
23.341 
23.072 
22.608 
22.054 
26.71 
21.847 
21.76 
21.712 
21.67 
21.636 
21.577 
21.499 
21.523 
21.45 
21.429 
21.396 
21.355 
21.305 
21.273 
21.247 
21.218 
21.19 
21.173 
21.16 
21.144 
h 
20.751 
20.623 
20.394 
20.149 
20.258 
20.135 
20.095 
20.083 
20.063 
20.034 
20.014 
19.994 
h 
19.245 
19.214 
19.156 
19.074 
19.032 
19.072 
18.979 
18.941 
18.883 
18.84 
18.815 
18.782 
18.767 
18.759 
18.754 
18.751 
18.742 
18.74 
h 
