30.301 
29.859 
28.623 
26.345 
24.742 
24.686 
24.67 
24.656 
24.639 
24.607 
24.558 
24.535 
24.649 
h 
22.466 
22.213 
21.937 
21.84 
21.73 
21.504 
21.069 
20.295 
19.199 
18.254 
23.701 
17.822 
17.714 
17.635 
17.488 
17.26 
17.096 
16.966 
16.905 
16.858 
16.817 
16.742 
16.618 
16.509 
16.316 
16.13 
16.656 
16.036 
16.024 
16.001 
15.968 
15.907 
15.808 
15.812 
15.836 
15.677 
15.663 
15.639 
15.606 
15.576 
15.548 
15.533 
15.531 
15.526 
15.515 
15.495 
h 
15.083 
15.058 
15.025 
15.017 
15.008 
14.99 
14.96 
14.918 
14.935 
14.889 
14.879 
14.87 
14.858 
14.853 
14.876 
14.835 
h 
14.334 
14.302 
14.258 
14.232 
14.189 
14.101 
13.928 
13.597 
13.029 
12.197 
11.74 
18.159 
11.459 
11.43 
11.416 
11.392 
11.357 
11.303 
11.252 
11.198 
11.126 
11.156 
11.143 
11.075 
11.072 
11.068 
11.062 
11.044 
11.032 
h 
10.853 
10.841 
10.832 
10.825 
10.811 
10.783 
10.735 
10.705 
10.663 
10.641 
10.637 
10.637 
10.634 
10.629 
10.616 
10.603 
10.603 
10.592 
10.591 
10.588 
10.586 
10.58 
10.57 
h 
10.414 
10.4 
10.399 
10.397 
10.392 
10.385 
10.373 
10.353 
h 
9.775 
9.722 
9.712 
9.709 
9.704 
9.693 
9.664 
9.615 
9.54 
9.486 
9.47 
9.464 
9.45 
9.431 
9.442 
9.422 
9.413 
9.393 
9.379 
9.352 
9.331 
9.313 
9.291 
9.34 
9.257 
9.256 
9.253 
9.253 
9.246 
h 
