26.263 
26.199 
26.028 
25.727 
25.447 
25.353 
25.264 
25.101 
24.807 
24.425 
25.71 
24.38 
24.371 
24.356 
24.337 
24.323 
24.301 
24.277 
24.233 
24.174 
h 
23.053 
24.28 
23.513 
22.882 
22.797 
22.632 
22.312 
21.763 
21.062 
20.71 
20.615 
20.527 
20.407 
20.231 
20.02 
19.815 
19.549 
19.29 
19.174 
19.198 
19.024 
19.006 
18.982 
18.944 
18.874 
18.742 
18.528 
18.655 
19.303 
18.375 
18.351 
18.336 
18.309 
18.271 
18.251 
18.222 
18.201 
18.179 
18.145 
18.089 
18.024 
18.206 
18.008 
18.002 
17.991 
17.98 
17.962 
17.933 
17.886 
17.915 
17.858 
17.848 
17.846 
h 
17.569 
17.555 
17.54 
17.527 
17.504 
17.456 
17.364 
17.208 
17.009 
17.059 
17.755 
16.897 
16.889 
16.871 
16.835 
16.771 
16.697 
16.651 
16.624 
16.604 
16.567 
16.501 
16.414 
16.981 
16.335 
16.319 
16.297 
16.257 
16.192 
16.169 
16.137 
16.123 
16.101 
16.068 
16.017 
15.932 
16.055 
16.972 
15.821 
15.816 
15.809 
15.8 
15.787 
15.763 
15.757 
15.748 
15.743 
h 
15.621 
15.619 
15.62 
15.617 
15.608 
15.592 
15.563 
15.524 
h 
15.457 
15.301 
15.236 
15.191 
15.18 
15.176 
15.167 
15.163 
15.146 
15.13 
15.103 
15.054 
14.977 
14.947 
15.108 
14.902 
14.899 
14.894 
14.893 
14.892 
14.891 
h 
