27.504 
27.305 
26.76 
25.777 
25.103 
25.08 
25.071 
25.056 
25.039 
25.023 
24.997 
25.016 
25.06 
h 
24.43 
24.4 
24.331 
24.177 
23.866 
23.296 
22.437 
21.784 
21.895 
22.038 
21.248 
21.176 
21.073 
20.874 
20.567 
20.235 
20.047 
19.721 
19.277 
18.835 
20.721 
18.651 
18.571 
18.47 
18.294 
18.068 
17.976 
17.941 
17.915 
17.866 
17.791 
17.695 
17.552 
17.364 
17.282 
17.696 
17.157 
17.154 
17.149 
17.138 
17.119 
17.084 
17.031 
16.965 
16.906 
16.884 
16.856 
16.846 
16.838 
16.826 
16.809 
16.785 
16.764 
16.751 
16.736 
16.713 
16.696 
16.683 
16.672 
16.653 
h 
16.431 
16.418 
16.4 
16.384 
16.353 
16.299 
16.207 
16.076 
15.984 
15.915 
15.998 
15.798 
15.786 
15.769 
15.732 
15.671 
15.573 
15.611 
15.528 
15.52 
15.506 
15.48 
15.431 
15.348 
15.248 
17.401 
15.176 
15.169 
15.156 
15.13 
15.086 
15.056 
15.228 
15.023 
15.018 
15.008 
14.997 
14.979 
14.965 
14.964 
14.959 
14.952 
h 
14.632 
14.611 
14.607 
14.618 
14.525 
14.425 
14.246 
13.978 
13.803 
13.757 
13.692 
13.594 
13.61 
13.562 
13.46 
13.458 
13.439 
13.406 
13.357 
13.351 
13.313 
13.297 
13.266 
13.236 
13.189 
13.151 
13.309 
13.089 
13.085 
13.079 
13.073 
13.065 
13.062 
13.01 
13.014 
13.015 
h 
12.608 
12.597 
12.591 
12.575 
12.542 
12.479 
12.377 
12.222 
12.002 
11.862 
12.132 
11.795 
11.783 
11.776 
11.771 
11.765 
11.759 
11.748 
11.737 
11.722 
h 
