29.825 
29.487 
28.535 
26.714 
25.132 
25.112 
25.077 
25.038 
25.005 
24.991 
24.965 
24.923 
24.882 
h 
24.368 
24.287 
24.226 
24.092 
23.813 
23.283 
22.408 
21.428 
20.931 
20.719 
20.532 
20.297 
19.97 
19.521 
19.463 
19.288 
19.235 
19.133 
18.969 
18.743 
18.611 
18.663 
18.352 
18.243 
18.042 
17.714 
17.543 
17.918 
17.224 
17.174 
17.099 
17.018 
16.976 
16.903 
16.772 
16.634 
16.69 
16.559 
16.549 
16.531 
16.505 
16.461 
16.425 
16.385 
16.257 
16.209 
16.192 
16.174 
16.146 
16.107 
16.091 
16.084 
16.069 
16.045 
16.009 
15.998 
16.078 
15.937 
15.928 
15.912 
15.882 
15.837 
15.864 
15.82 
15.807 
15.805 
15.8 
15.789 
15.77 
h 
15.323 
15.257 
15.226 
15.194 
15.13 
15.001 
14.759 
14.342 
13.745 
13.531 
13.783 
13.258 
13.229 
13.179 
13.129 
13.08 
13.045 
13.019 
12.989 
12.943 
12.875 
12.811 
12.691 
12.489 
12.44 
13.739 
12.25 
12.24 
12.221 
12.185 
12.13 
12.078 
12.198 
12.019 
12.007 
11.986 
11.96 
11.931 
11.888 
11.835 
11.905 
11.857 
11.791 
11.786 
11.776 
11.756 
11.723 
11.675 
11.601 
11.64 
12.041 
11.541 
11.539 
11.535 
11.528 
11.517 
11.503 
11.5 
11.593 
11.49 
h 
11.235 
11.232 
11.23 
11.227 
11.221 
11.209 
11.188 
11.157 
h 
11.03 
10.981 
10.814 
10.719 
10.714 
10.707 
10.699 
10.683 
10.65 
10.598 
10.529 
10.451 
10.321 
10.124 
9.848 
10.878 
9.823 
9.823 
9.82 
9.814 
9.8 
9.777 
9.746 
9.725 
9.705 
9.702 
9.698 
9.692 
9.684 
9.668 
9.641 
9.68 
9.637 
h 
9.554 
9.548 
9.54 
9.532 
9.52 
9.498 
9.453 
9.369 
9.272 
9.24 
9.209 
9.164 
9.096 
8.985 
8.833 
9.116 
10.468 
8.739 
8.737 
8.734 
8.729 
8.722 
8.716 
8.712 
8.708 
8.706 
h 
