30.25 
30.005 
29.277 
27.65 
25.058 
24.682 
24.539 
24.536 
24.532 
24.529 
24.525 
24.517 
24.51 
24.52 
h 
23.752 
23.642 
23.453 
23.333 
23.312 
23.273 
23.205 
23.136 
23.047 
22.932 
22.83 
22.729 
22.618 
22.51 
22.762 
22.466 
22.455 
22.434 
22.395 
22.327 
22.224 
22.124 
22.478 
22.062 
22.052 
22.035 
22.017 
21.993 
21.952 
21.919 
22.195 
21.886 
h 
21.734 
21.722 
21.701 
21.655 
21.561 
21.384 
21.082 
20.688 
20.578 
21.068 
20.34 
20.31 
20.277 
20.227 
20.142 
20.1 
20.035 
20.012 
19.972 
19.925 
19.837 
19.779 
19.721 
19.683 
19.631 
19.552 
19.427 
19.604 
19.379 
19.368 
19.364 
19.356 
19.342 
19.315 
19.276 
h 
19.152 
19.326 
19.067 
19.059 
19.046 
19.026 
19.021 
19.001 
h 
