27.772 
27.572 
27.014 
25.976 
25.134 
25.108 
25.071 
25.035 
25.002 
24.956 
24.918 
24.858 
24.836 
24.818 
24.801 
24.796 
24.791 
24.781 
24.766 
24.793 
h 
24.38 
24.342 
24.293 
24.192 
23.981 
23.576 
22.874 
21.941 
21.499 
21.366 
21.199 
21.116 
21.03 
20.915 
20.77 
20.577 
20.573 
20.442 
20.399 
20.319 
20.175 
19.979 
19.781 
19.461 
19.213 
20.366 
19.002 
18.975 
18.928 
18.878 
18.811 
18.684 
18.515 
19.02 
18.405 
18.376 
18.322 
18.232 
18.137 
18.107 
18.09 
18.069 
18.049 
18.03 
18.001 
17.962 
17.902 
17.884 
17.862 
17.847 
17.825 
17.81 
17.791 
17.757 
17.714 
17.635 
17.608 
17.576 
17.524 
17.513 
17.496 
17.468 
17.458 
17.443 
17.414 
17.361 
17.289 
17.491 
17.27 
17.263 
17.247 
17.221 
17.211 
17.194 
17.186 
17.177 
17.162 
h 
16.806 
16.775 
16.756 
16.707 
16.641 
16.532 
16.35 
16.136 
16.015 
15.994 
15.911 
15.863 
15.801 
15.714 
15.549 
15.315 
15.08 
15.333 
14.971 
14.928 
14.859 
14.802 
14.725 
14.631 
14.603 
14.595 
14.583 
14.558 
14.509 
14.418 
14.37 
14.332 
14.303 
14.293 
14.276 
14.246 
14.208 
14.138 
14.046 
14.59 
14.03 
14.021 
14.007 
13.984 
13.953 
14.007 
13.947 
13.942 
13.934 
h 
13.561 
13.46 
13.356 
13.376 
13.325 
13.291 
13.223 
13.093 
12.881 
12.625 
12.646 
12.65 
12.417 
12.387 
12.345 
12.339 
12.298 
12.287 
12.26 
12.261 
12.254 
12.24 
12.212 
12.215 
12.189 
12.194 
h 
12.091 
12.084 
12.071 
12.059 
12.037 
11.995 
11.922 
11.807 
11.702 
11.674 
11.663 
11.644 
11.616 
11.577 
11.571 
11.56 
11.55 
11.508 
11.553 
11.501 
11.478 
11.445 
11.42 
11.398 
11.36 
11.343 
11.305 
11.273 
11.263 
11.244 
11.23 
11.196 
11.13 
11.011 
10.854 
12.791 
10.819 
10.968 
10.783 
10.778 
10.769 
10.756 
10.745 
10.726 
10.743 
10.71 
10.705 
h 
10.351 
10.328 
10.282 
10.251 
10.237 
10.225 
10.2 
10.153 
10.065 
9.938 
9.835 
9.708 
9.668 
9.821 
9.933 
9.546 
9.518 
9.507 
9.49 
9.481 
9.468 
9.443 
9.407 
9.372 
9.382 
9.394 
9.357 
9.355 
9.352 
9.346 
9.337 
9.31 
9.273 
9.288 
9.27 
9.261 
9.253 
9.243 
9.225 
9.261 
9.225 
9.221 
9.213 
9.208 
9.198 
9.175 
h 
