25.822 
25.774 
25.643 
25.411 
25.197 
25.052 
24.924 
24.785 
24.66 
24.548 
24.468 
24.345 
24.177 
24.333 
25.446 
24.114 
24.113 
24.112 
24.11 
24.106 
24.1 
24.094 
24.088 
24.087 
h 
23.229 
23.2 
23.148 
23.069 
22.922 
22.634 
22.112 
21.304 
20.658 
25.006 
20.341 
20.201 
20.105 
20.007 
19.908 
19.815 
19.765 
19.743 
19.709 
19.675 
19.613 
19.514 
19.456 
19.382 
19.308 
19.23 
19.196 
19.314 
19.136 
19.111 
19.066 
18.993 
18.959 
18.938 
18.901 
18.886 
18.86 
18.814 
18.773 
18.786 
18.755 
18.744 
18.724 
18.69 
18.647 
18.613 
18.646 
18.591 
18.552 
18.534 
18.507 
18.486 
18.487 
18.475 
18.468 
18.455 
18.435 
h 
18.343 
18.296 
18.279 
18.251 
18.2 
18.109 
17.955 
17.758 
17.705 
17.657 
17.634 
17.619 
17.596 
17.579 
17.57 
17.559 
17.542 
17.545 
17.54 
17.532 
17.521 
17.513 
h 
17.151 
16.983 
16.912 
16.909 
16.89 
16.871 
16.849 
16.813 
16.744 
16.625 
16.532 
16.842 
16.427 
16.408 
16.374 
16.331 
16.261 
16.144 
16.22 
16.183 
16.004 
15.995 
15.977 
15.944 
15.881 
15.784 
15.673 
16.481 
15.745 
15.658 
15.644 
15.627 
15.609 
15.598 
15.585 
15.561 
15.55 
15.532 
15.527 
15.518 
15.507 
15.488 
15.472 
h 
14.581 
14.453 
14.383 
14.334 
14.253 
14.151 
14.059 
13.893 
13.698 
13.603 
13.521 
13.409 
13.319 
13.272 
13.232 
13.182 
13.14 
13.093 
13.085 
13.066 
13.058 
13.05 
13.037 
13.029 
13.025 
13.017 
13.006 
12.99 
12.976 
12.963 
h 
12.577 
12.524 
12.466 
12.454 
12.445 
12.432 
12.408 
12.366 
12.3 
12.208 
12.145 
12.124 
12.175 
12.055 
12.016 
11.987 
11.972 
11.962 
11.951 
11.938 
11.946 
11.932 
11.93 
h 
11.693 
11.661 
11.613 
11.577 
11.572 
11.558 
11.539 
11.514 
11.484 
11.464 
11.44 
11.404 
11.38 
11.358 
11.337 
11.306 
11.283 
11.263 
11.233 
11.217 
11.206 
11.196 
11.172 
11.157 
11.158 
11.143 
11.14 
11.134 
11.126 
11.116 
11.111 
h 
11.029 
10.987 
10.845 
10.754 
10.753 
10.736 
10.734 
10.729 
10.719 
10.701 
10.672 
10.626 
10.573 
10.511 
10.413 
10.482 
10.438 
10.319 
10.31 
10.295 
10.27 
10.261 
10.24 
10.26 
10.236 
10.236 
h 
