26.459 
26.361 
26.092 
25.604 
25.193 
25.151 
25.079 
24.968 
24.85 
24.659 
24.64 
25.008 
24.463 
24.454 
24.445 
24.435 
24.426 
24.415 
24.399 
24.398 
24.388 
h 
23.275 
23.252 
23.204 
23.127 
23.014 
22.84 
22.552 
22.229 
21.962 
21.652 
21.381 
21.229 
20.955 
20.559 
20.599 
20.257 
20.131 
20.086 
20.003 
19.87 
19.715 
19.664 
19.628 
19.575 
19.505 
19.457 
19.416 
19.361 
19.285 
19.247 
19.24 
19.224 
19.191 
19.133 
19.071 
19.01 
18.986 
19.027 
18.927 
18.881 
18.836 
18.814 
18.813 
18.808 
18.803 
18.797 
18.786 
18.764 
18.75 
h 
18.644 
18.635 
18.621 
18.591 
18.535 
18.422 
18.283 
18.163 
18.123 
18.055 
17.958 
17.896 
17.83 
17.804 
17.786 
17.758 
17.753 
17.693 
17.71 
17.692 
17.677 
17.68 
17.676 
17.674 
h 
17.341 
17.341 
17.329 
17.323 
17.305 
17.269 
17.197 
17.075 
16.918 
16.928 
16.904 
16.796 
16.767 
16.73 
16.691 
16.64 
16.584 
16.592 
16.525 
16.516 
16.504 
16.482 
16.455 
16.438 
16.428 
16.418 
16.408 
h 
15.734 
15.73 
15.706 
15.69 
15.661 
15.613 
15.525 
15.42 
15.397 
15.393 
15.389 
15.382 
15.37 
15.364 
15.352 
15.341 
15.332 
15.32 
15.312 
15.297 
15.278 
h 
