27.025 
26.882 
26.492 
25.803 
25.301 
25.244 
25.14 
24.971 
24.94 
25.031 
24.814 
24.807 
24.796 
24.788 
24.787 
24.784 
h 
23.954 
23.925 
23.889 
23.815 
23.68 
23.429 
23.03 
22.644 
22.395 
22.226 
22.158 
22.094 
22.047 
21.957 
21.785 
21.498 
21.018 
20.468 
24.269 
20.393 
20.386 
20.373 
20.359 
20.342 
20.311 
20.265 
20.238 
20.201 
h 
19.697 
19.621 
19.549 
19.472 
19.439 
19.416 
19.378 
19.317 
19.234 
19.165 
19.125 
19.173 
19.111 
19.103 
19.1 
19.098 
19.095 
h 
18.867 
18.805 
18.71 
18.64 
18.586 
18.541 
18.528 
18.516 
18.491 
18.441 
18.375 
18.306 
18.279 
18.23 
18.169 
18.11 
18.05 
18.103 
18.037 
18.017 
18.008 
17.997 
17.983 
17.967 
17.943 
17.92 
17.905 
h 
17.224 
17.126 
17.035 
16.963 
16.94 
16.912 
16.856 
16.752 
16.576 
16.523 
16.429 
16.374 
16.325 
16.271 
16.216 
16.17 
16.189 
16.111 
16.079 
16.072 
16.067 
16.058 
16.041 
16.018 
h 
