26.348 
26.306 
26.192 
25.982 
25.766 
25.697 
25.643 
25.598 
25.532 
25.46 
25.342 
25.187 
25.003 
25.16 
25.317 
24.958 
24.957 
24.956 
24.955 
24.954 
24.954 
24.954 
24.953 
24.952 
h 
24.029 
23.997 
23.919 
23.775 
23.532 
23.071 
22.307 
21.431 
21.094 
20.883 
20.71 
20.388 
19.835 
18.969 
19.477 
20.66 
18.321 
18.284 
18.253 
18.198 
18.114 
18.049 
18.007 
17.938 
17.882 
17.847 
17.779 
17.66 
17.496 
17.572 
17.485 
17.309 
17.299 
17.286 
17.26 
17.213 
17.13 
17.126 
17.319 
17.005 
16.999 
16.99 
16.971 
16.938 
16.887 
16.836 
16.871 
16.867 
h 
16.723 
16.718 
16.706 
16.684 
16.644 
16.591 
16.557 
16.458 
16.429 
16.405 
16.393 
16.373 
16.356 
16.355 
16.341 
16.339 
h 
16.322 
16.314 
16.292 
16.244 
16.152 
15.97 
15.661 
15.224 
14.953 
14.766 
14.645 
14.564 
14.508 
14.435 
14.388 
14.306 
14.229 
14.167 
14.131 
14.074 
13.996 
13.931 
13.81 
13.65 
13.742 
13.585 
13.562 
13.519 
13.439 
13.331 
13.227 
13.256 
13.157 
13.134 
13.092 
13.042 
12.963 
12.9 
12.897 
12.849 
12.832 
12.812 
12.785 
12.744 
12.707 
12.703 
12.694 
12.678 
12.657 
12.618 
12.565 
12.572 
12.539 
12.527 
12.509 
12.497 
12.49 
12.478 
12.459 
h 
12.122 
12.12 
12.101 
12.079 
12.034 
11.956 
11.811 
11.562 
11.215 
11.044 
10.972 
10.904 
10.849 
10.874 
10.812 
10.795 
10.769 
10.747 
10.73 
10.717 
10.703 
10.694 
10.655 
10.665 
10.664 
10.662 
10.658 
10.652 
10.643 
10.637 
10.684 
h 
10.545 
10.546 
10.551 
10.544 
10.531 
10.504 
10.463 
10.392 
10.277 
10.148 
10.233 
10.154 
10.038 
9.99 
9.938 
9.934 
9.912 
9.896 
9.874 
9.873 
9.845 
9.822 
9.791 
9.767 
9.756 
9.744 
9.708 
9.704 
9.706 
9.715 
9.711 
9.764 
9.711 
9.7 
9.688 
h 
9.502 
9.475 
9.441 
9.434 
9.42 
9.393 
9.339 
9.296 
9.18 
9.132 
9.078 
9.022 
8.993 
8.96 
8.92 
8.857 
8.786 
8.775 
8.752 
8.745 
8.734 
8.717 
8.703 
8.693 
8.694 
8.71 
8.687 
h 
