27.635 
27.353 
26.581 
25.229 
24.406 
24.376 
24.357 
24.331 
24.295 
24.248 
24.264 
24.427 
24.237 
h 
23.012 
22.991 
22.935 
22.834 
22.706 
22.59 
22.431 
22.128 
21.606 
20.888 
21.655 
22.135 
19.948 
19.894 
19.814 
19.697 
19.609 
19.571 
19.54 
19.521 
19.488 
19.439 
19.388 
19.367 
19.356 
19.346 
19.327 
19.294 
19.251 
19.173 
19.086 
19.591 
19.056 
19.053 
19.047 
19.04 
19.026 
19.002 
18.998 
18.984 
18.969 
h 
18.389 
18.343 
18.245 
18.097 
18.029 
18.01 
17.971 
17.895 
17.758 
17.705 
17.638 
17.579 
17.507 
17.394 
17.322 
17.57 
17.25 
17.236 
17.208 
17.161 
17.077 
16.944 
16.744 
17.522 
16.862 
16.604 
16.599 
16.588 
16.567 
16.528 
16.454 
16.327 
16.192 
18.377 
16.139 
16.136 
16.131 
16.123 
16.108 
16.083 
16.054 
16.331 
16.054 
16.019 
16.018 
16.014 
16.008 
15.999 
15.98 
15.963 
15.996 
h 
16.11 
15.86 
15.646 
15.645 
15.643 
15.635 
15.624 
15.618 
15.588 
15.573 
15.56 
h 
15.226 
15.164 
15.155 
15.138 
15.105 
15.054 
15.044 
14.967 
14.904 
14.882 
14.88 
14.871 
14.862 
14.846 
14.828 
14.82 
14.827 
14.816 
h 
14.566 
14.532 
14.496 
14.467 
14.458 
14.432 
14.381 
14.296 
14.184 
14.086 
13.981 
13.92 
13.871 
13.861 
13.857 
13.85 
13.845 
13.837 
13.822 
13.784 
13.723 
13.673 
13.744 
13.618 
13.622 
13.621 
13.615 
13.61 
13.605 
13.589 
h 
