24.865 
24.856 
24.83 
24.783 
24.728 
24.673 
24.647 
24.617 
h 
23.752 
23.718 
23.644 
23.512 
23.25 
22.787 
22.137 
21.764 
21.639 
21.564 
21.488 
21.369 
21.14 
20.714 
20.014 
19.49 
21.004 
20.519 
18.663 
18.603 
18.495 
18.338 
18.249 
18.173 
18.135 
18.089 
18.059 
18.03 
17.974 
17.885 
17.841 
17.789 
17.772 
17.762 
17.747 
17.72 
17.677 
17.64 
17.621 
17.588 
17.534 
17.536 
17.483 
17.456 
17.449 
17.442 
17.427 
17.399 
17.351 
17.328 
17.313 
h 
16.645 
16.584 
16.5 
16.453 
16.388 
16.266 
16.064 
15.748 
15.384 
15.045 
14.89 
14.687 
14.394 
14.355 
14.222 
14.189 
14.139 
14.052 
13.903 
13.729 
14.78 
13.686 
13.674 
13.649 
13.6 
13.514 
13.493 
13.425 
13.375 
13.363 
13.349 
13.319 
13.266 
13.184 
13.064 
13.951 
13.036 
13.029 
13.023 
13.013 
12.993 
12.957 
12.898 
12.815 
12.758 
13.746 
12.747 
12.745 
12.742 
12.735 
12.721 
12.698 
12.667 
12.674 
12.706 
h 
12.55 
12.511 
12.496 
12.494 
12.491 
12.485 
12.471 
12.447 
h 
12.123 
12.382 
12.078 
12.064 
12.035 
11.982 
11.891 
11.772 
11.799 
11.663 
11.643 
11.611 
11.556 
11.47 
11.452 
11.438 
11.382 
11.376 
11.368 
11.355 
11.331 
11.288 
11.328 
11.237 
11.21 
11.202 
11.186 
11.157 
11.109 
11.049 
11.254 
11.027 
11.022 
11.013 
10.999 
10.981 
10.957 
10.921 
10.947 
10.926 
h 
10.873 
10.843 
10.825 
10.82 
10.813 
10.803 
10.787 
10.758 
10.736 
10.691 
10.594 
10.409 
10.314 
11.27 
10.24 
10.23 
10.218 
10.196 
10.161 
10.136 
10.115 
10.132 
10.114 
10.107 
10.099 
10.087 
10.071 
10.043 
h 
