32.133 
31.885 
31.13 
29.351 
25.981 
25.944 
24.532 
24.514 
24.51 
24.504 
24.497 
24.491 
24.481 
24.47 
24.471 
h 
23.176 
23.013 
22.749 
22.582 
22.556 
22.502 
22.406 
22.229 
22.049 
21.93 
21.724 
21.446 
21.082 
21.65 
20.85 
20.795 
20.744 
20.712 
20.659 
20.604 
20.576 
20.517 
20.395 
20.167 
19.799 
20.034 
20.078 
19.421 
19.395 
19.353 
19.314 
19.245 
19.131 
19.295 
19.103 
19.094 
19.078 
19.061 
19.053 
19.049 
19.041 
h 
18.458 
18.248 
17.958 
17.873 
17.865 
17.847 
17.808 
17.729 
17.58 
17.355 
17.518 
17.217 
17.179 
17.109 
16.989 
16.825 
16.95 
16.743 
16.718 
16.674 
16.62 
16.527 
16.436 
16.745 
16.369 
16.353 
16.324 
16.291 
16.243 
16.204 
16.194 
16.181 
16.165 
16.153 
16.134 
16.106 
16.091 
16.064 
h 
15.831 
15.795 
15.783 
15.77 
15.743 
15.693 
15.61 
15.589 
15.514 
15.528 
15.499 
15.477 
15.442 
15.403 
15.377 
15.4 
15.38 
15.375 
15.376 
15.37 
15.362 
h 
15.322 
15.154 
15.05 
15.045 
15.039 
15.027 
15.007 
14.977 
14.974 
15.078 
14.943 
14.943 
14.942 
14.941 
14.939 
14.932 
h 
14.825 
14.754 
14.731 
14.729 
14.727 
14.723 
14.721 
14.727 
h 
