37.938 
37.59 
36.513 
33.851 
28.242 
26.95 
25.046 
25.037 
h 
23.337 
23.276 
23.151 
22.978 
22.748 
22.318 
21.629 
20.94 
h 
19.526 
19.125 
18.732 
18.356 
17.621 
16.366 
14.454 
13.706 
h 
13.387 
12.389 
12.115 
12.08 
12.039 
12.005 
11.993 
12.179 
h 
11.828 
11.823 
11.821 
11.817 
11.812 
11.788 
11.763 
11.724 
h 
10.934 
10.876 
10.857 
10.827 
10.768 
10.656 
10.44 
10.078 
h 
7.648 
7.568 
7.504 
7.372 
7.249 
7.025 
6.64 
6.042 
h 
4.201 
4.122 
4.032 
3.927 
3.803 
3.611 
3.409 
3.319 
h 
3.011 
2.986 
2.96 
2.928 
2.88 
2.808 
2.696 
2.509 
h 
1.943 
1.764 
1.46 
1.332 
1.275 
1.237 
1.222 
1.155 
h 
1.009 
0.809 
0.266 
