34.783 34.367 33.11 30.234 25.706 25.19 25.04 25.038 h 23.989 23.938 23.855 23.681 23.32 22.617 21.368 19.547 h 16.638 19.968 16.086 15.736 15.412 14.829 13.976 13.292 12.796 12.498 h 11.058 10.836 10.737 10.64 10.587 10.481 10.294 10.019 h 8.384 8.164 8.129 8.198 7.937 7.713 7.3 6.61 h 4.368 4.131 3.854 3.617 3.241 2.875 2.527 2.3 h 1.649 1.517 1.358 1.22 1.33 1.203 1.152 1.135 h 0.879 0.869 0.854 0.817 0.808 0.796 0.769 0.733 h 0.622 0.647 0.57 0.559 0.547 0.537 0.522 0.498 0.46 0.395 h 0.246 
25.261 25.248 25.214 25.155 25.113 25.101 25.083 25.066 h 23.958 23.883 23.795 23.598 23.199 22.478 21.428 20.707 h 17.235 17.423 16.867 16.564 15.998 15.114 13.936 13.053 12.765 12.627 h 12.101 11.997 11.949 11.885 11.778 11.59 11.251 10.699 h 8.066 8.069 7.932 7.813 7.635 7.305 6.755 5.991 h 4.997 4.786 4.61 4.511 4.457 4.436 4.411 4.385 h 4.347 4.293 4.218 4.499 4.114 4.048 3.926 3.692 3.283 3.044 2.953 2.963 h 2.757 2.729 2.69 2.662 2.626 2.56 2.452 2.271 h 1.422 1.277 1.087 0.941 0.786 0.725 
25.365 25.362 25.352 25.333 25.304 25.271 25.215 25.155 h 25.051 24.989 24.827 24.506 24.0 23.035 21.877 21.491 h 20.345 19.831 19.382 18.861 18.014 16.607 14.739 13.547 h 13.254 12.57 12.26 11.996 11.681 11.333 10.517 9.642 h 8.597 8.422 8.362 8.333 8.122 7.877 7.429 6.663 h 5.081 4.76 4.424 3.976 3.638 3.283 2.766 2.139 h 1.841 1.715 1.55 1.484 1.464 1.426 1.37 1.317 h 1.101 1.057 0.99 0.979 0.972 0.959 0.932 0.893 h 0.546 
31.082 30.76 29.829 27.917 25.698 25.573 25.527 25.438 h 22.325 21.944 21.874 21.731 21.452 20.948 20.021 18.608 h 15.743 20.701 15.559 15.329 15.078 14.652 13.999 13.376 13.011 12.848 h 12.617 12.49 12.394 12.367 12.33 12.308 12.302 12.287 h 12.003 11.996 11.978 11.939 11.861 11.708 11.422 10.931 h 8.908 8.57 8.109 8.247 7.572 7.164 6.502 5.341 h 3.203 3.213 2.994 2.941 2.892 2.859 2.837 2.806 h 2.334 2.342 2.293 2.279 2.256 2.23 2.183 2.093 h 1.845 1.686 1.533 1.455 1.42 1.394 1.379 1.346 h 1.172 1.139 1.089 1.066 1.076 1.014 1.072 1.046 h 0.981 0.968 0.933 0.796 0.4 0.363 0.289 
26.131 26.071 25.911 25.63 25.406 25.393 25.368 25.325 h 25.234 25.089 25.004 24.7 24.157 23.221 21.915 21.113 h 19.429 19.398 19.003 18.62 17.88 16.635 15.112 14.539 h 13.062 12.476 12.33 12.27 12.198 12.066 11.856 11.606 h 11.452 11.416 11.387 11.361 11.309 11.217 11.076 10.855 h 10.244 10.164 10.117 10.04 9.889 9.599 9.095 8.226 h 7.49 6.63 6.428 6.258 6.059 5.865 5.83 5.659 h 4.782 4.756 4.732 4.691 4.639 4.586 4.722 4.37 h 3.578 3.492 3.356 3.24 3.212 3.107 3.101 3.09 h 2.864 2.838 2.812 2.816 2.801 2.771 2.738 2.709 h 2.538 2.465 2.438 2.434 2.414 2.382 2.328 2.289 h 2.16 2.124 2.104 2.087 2.07 2.089 2.026 1.991 h 1.781 1.749 1.737 1.709 1.687 1.641 1.612 1.508 h 1.571 1.199 0.934 0.596 
25.429 25.406 25.345 25.241 25.165 25.161 25.153 25.14 h 22.248 21.999 21.789 21.664 21.406 20.901 20.125 19.052 h 16.433 15.543 15.273 15.457 14.643 14.089 13.639 13.402 h 12.596 12.515 12.364 12.132 11.881 11.672 11.329 10.941 h 10.72 10.643 10.602 10.498 10.276 9.843 9.064 7.842 h 5.881 5.85 5.154 4.839 4.657 4.382 3.93 3.333 h 2.574 2.477 2.468 2.432 2.411 2.375 2.317 2.201 h 1.828 1.723 1.766 1.733 1.656 1.602 1.548 1.469 h 1.085 0.906 0.833 0.773 0.688 0.623 0.564 0.548 h 0.312 
25.614 25.565 25.435 25.212 25.072 25.067 25.059 25.052 h 24.162 24.113 24.01 23.842 23.51 22.889 21.889 20.86 h 20.27 19.914 19.589 18.934 17.776 15.939 14.057 13.821 h 18.801 13.162 12.338 12.091 11.926 11.915 11.913 11.912 h 11.199 11.186 11.166 11.139 11.088 10.984 10.779 10.396 h 8.193 7.482 7.526 7.297 7.112 6.838 6.353 5.635 h 4.773 4.378 4.173 4.082 3.948 3.738 3.516 3.273 h 2.516 2.476 2.343 2.309 2.257 2.177 2.077 1.879 h 1.324 1.274 1.257 1.243 1.213 1.18 1.174 1.157 h 1.119 1.079 1.052 1.028 0.994 0.967 0.952 0.924 h 0.819 0.721 0.598 0.421 0.37 
26.709 26.586 26.253 25.678 25.315 25.298 25.276 25.256 h 23.497 23.441 23.346 23.171 22.81 22.117 20.928 19.347 h 16.273 16.792 15.732 15.493 15.114 14.519 13.732 13.139 12.802 12.857 h 12.776 12.575 12.392 12.255 12.159 12.096 12.032 11.971 h 11.011 10.935 10.836 10.731 10.657 10.414 10.029 9.326 h 8.2 7.695 7.503 6.952 6.32 5.83 5.29 4.558 h 4.263 4.215 4.194 4.169 4.137 4.056 3.933 3.716 h 3.244 2.987 2.931 2.728 2.588 2.366 2.179 1.993 h 1.772 1.687 1.663 1.644 1.624 1.624 1.588 1.555 h 1.359 1.323 1.275 1.22 1.147 1.136 1.102 1.081 h 0.983 0.96 0.919 0.843 0.788 0.984 0.724 0.679 h 0.54 
31.377 31.004 29.921 27.672 25.132 25.088 25.085 25.08 h 23.415 23.342 23.196 22.995 22.664 22.037 21.004 19.838 h 17.914 17.659 17.38 17.128 16.666 15.852 14.761 14.653 h 12.07 11.895 11.599 11.152 10.48 9.531 8.212 6.768 h 5.603 5.541 5.476 5.472 5.463 5.444 5.416 5.364 h 5.258 5.165 5.07 4.946 4.852 4.95 4.747 4.615 h 3.941 3.824 3.804 3.756 3.667 3.512 3.296 3.027 h 2.577 2.26 2.124 2.081 2.063 2.055 2.046 2.03 h 1.855 1.854 1.841 1.822 1.796 1.762 1.785 1.739 h 1.609 1.581 1.549 1.52 1.448 1.294 1.304 1.286 h 1.068 1.019 0.932 0.803 0.694 0.757 1.035 0.694 h 0.638 0.617 0.602 0.58 0.571 0.562 0.547 0.512 h 0.47 0.395 0.401 0.399 0.394 0.385 0.366 0.332 h 0.171 
30.879 30.537 29.554 27.577 25.489 25.426 25.387 25.313 h 23.869 23.947 23.723 23.519 23.112 22.395 21.425 20.909 h 19.879 19.524 19.359 18.722 17.931 16.574 14.714 13.551 h 11.833 11.824 11.656 11.588 11.507 11.413 11.235 11.008 h 9.291 9.448 9.517 9.257 9.079 8.794 8.381 7.672 6.75 6.147 h 3.763 3.583 3.548 3.287 3.228 3.134 2.977 2.725 h 2.422 2.313 2.296 2.265 2.225 2.114 1.959 1.803 h 1.444 1.351 1.219 1.148 1.13 1.068 1.019 0.97 h 0.834 0.715 0.571 0.484 0.714 0.444 0.409 
26.677 26.544 26.181 25.543 25.135 25.118 25.104 25.081 h 24.016 24.062 23.871 23.665 23.254 22.533 21.577 21.094 h 17.377 16.306 15.896 15.944 15.214 14.648 13.781 12.987 h 11.811 11.938 11.705 11.583 11.432 11.232 10.976 10.493 10.044 10.014 h 8.88 8.818 8.711 8.56 8.624 8.131 7.606 6.711 h 5.358 5.121 4.967 4.765 4.514 4.311 4.039 4.001 h 3.118 3.053 3.023 2.984 2.913 2.799 2.652 2.49 h 2.021 1.815 1.7 1.58 1.525 1.393 1.186 0.979 h 0.579 0.417 0.291 0.246 0.199 0.143 
29.545 29.231 28.339 26.607 25.092 25.082 25.076 25.07 h 23.029 22.94 22.847 22.759 22.583 22.233 21.557 20.336 h 17.612 17.192 19.205 16.165 15.678 15.005 14.037 13.313 13.199 13.203 13.184 h 13.155 13.139 13.107 13.046 12.952 12.871 12.711 12.502 h 11.777 11.701 11.609 11.477 11.334 11.144 10.832 10.398 h 8.975 8.713 8.476 8.269 8.21 8.135 7.984 7.703 h 6.905 6.49 7.29 6.28 6.24 6.169 6.062 5.933 5.859 5.805 5.719 h 5.456 5.383 5.354 5.281 5.226 5.168 5.063 4.919 h 4.601 4.493 4.474 4.444 4.395 4.309 4.177 3.993 h 3.13 2.897 2.752 2.577 2.367 2.199 1.952 1.652 h 0.989 0.788 0.626 0.603 0.592 0.571 0.525 0.46 h 0.338 0.234 
29.662 29.34 28.424 26.634 25.022 25.019 25.018 25.017 h 22.617 22.541 22.377 22.15 21.916 21.621 21.058 20.288 h 17.119 16.753 16.624 16.373 15.965 15.257 14.163 13.076 h 12.124 12.106 12.081 12.031 12.005 11.962 11.92 11.849 h 11.433 11.358 11.329 11.297 11.229 11.086 10.804 10.273 h 8.393 8.023 8.215 8.058 7.755 7.557 7.266 6.869 h 5.23 5.148 5.105 5.084 5.006 4.846 4.578 4.126 h 3.293 3.099 2.864 2.735 2.607 2.547 2.461 2.364 h 2.371 2.188 2.156 2.122 2.082 2.034 1.963 1.882 h 1.277 1.12 1.003 0.966 0.928 0.859 0.744 0.601 
25.924 25.861 25.689 25.388 25.178 25.162 25.133 25.083 h 23.915 23.683 23.613 23.452 23.126 22.536 21.678 21.065 h 20.446 20.0 19.446 19.018 17.93 16.486 14.779 14.328 h 12.924 12.647 12.333 12.103 11.898 11.583 11.112 10.543 h 9.344 9.285 9.246 9.1 8.902 8.543 7.977 7.008 h 4.807 4.053 3.484 3.218 3.13 3.01 2.853 2.72 h 2.365 2.311 2.277 2.247 2.203 2.095 1.986 1.911 h 1.836 1.798 1.744 1.668 1.611 1.598 1.559 1.52 h 1.143 1.119 1.077 1.016 0.95 0.903 0.841 0.771 h 0.811 0.673 0.621 0.552 0.511 0.476 0.448 0.426 h 0.199 
25.807 25.765 25.649 25.445 25.292 25.272 25.235 25.191 h 23.467 23.296 23.184 23.068 22.831 22.398 21.75 21.252 h 18.981 18.351 18.05 17.732 17.108 16.056 14.739 14.0 h 12.867 12.581 12.418 12.249 11.969 11.575 11.069 11.232 h 10.193 9.682 9.323 9.466 8.943 8.591 8.068 7.225 h 5.503 5.407 5.327 5.233 5.124 4.975 4.75 4.35 h 3.658 3.476 3.388 3.316 3.255 3.179 3.144 3.163 h 2.665 2.627 2.613 2.597 2.568 2.525 2.466 2.383 h 1.953 1.779 1.642 1.577 1.476 1.329 1.209 1.325 h 1.069 1.012 0.988 0.978 0.975 0.972 0.967 0.957 h 0.83 0.982 0.822 0.82 0.816 0.808 0.793 0.766 0.726 0.705 h 0.565 0.499 0.477 0.452 0.432 0.414 0.39 0.365 h 0.285 
25.487 25.486 25.481 25.471 25.45 25.408 25.33 25.212 h 25.143 25.471 24.916 24.657 24.14 23.223 22.015 21.576 21.505 21.408 h 18.768 18.247 18.089 17.877 17.441 16.629 15.268 13.448 h 11.158 12.765 11.343 10.612 10.441 10.264 9.961 9.519 9.108 8.979 h 8.729 8.531 8.357 8.061 7.625 6.907 5.823 4.589 h 7.454 3.495 3.282 3.226 3.152 3.091 2.957 2.751 h 2.345 2.208 2.177 2.197 2.145 2.081 1.966 1.774 h 0.993 0.939 0.896 0.856 0.846 0.818 0.789 0.762 h 0.712 0.664 0.634 0.62 0.605 0.57 0.554 0.525 h 0.285 
28.59 28.339 27.637 26.32 25.262 25.229 25.185 25.123 h 23.831 23.972 23.689 23.483 23.073 22.347 21.352 20.761 h 17.934 17.264 17.196 16.68 16.218 15.421 14.314 13.504 h 12.312 12.157 12.016 11.831 11.627 11.358 11.09 11.237 h 9.859 9.812 9.721 9.549 9.277 8.949 8.401 7.553 h 6.289 5.847 5.681 5.446 5.159 4.696 3.942 3.225 h 2.85 2.462 2.315 2.147 1.988 1.922 1.857 1.787 h 1.291 1.248 1.234 1.213 1.179 1.14 1.087 1.181 h 0.898 0.762 0.605 0.499 0.405 
28.345 28.105 27.432 26.175 25.203 25.171 25.16 25.141 h 23.423 23.32 23.241 23.062 22.698 22.028 21.003 20.094 h 17.326 16.866 16.392 17.025 15.752 15.048 14.013 13.273 h 12.602 12.423 12.181 11.861 11.613 11.569 11.086 10.658 h 9.35 9.273 9.156 9.047 8.855 8.55 8.019 7.177 h 5.689 5.475 5.436 5.189 5.145 5.089 5.003 4.864 h 4.488 4.242 4.121 3.992 3.818 3.798 3.6 3.351 h 2.97 2.802 2.781 2.648 2.518 2.291 1.939 1.501 h 0.893 0.765 0.723 0.675 0.631 0.688 0.642 0.624 h 0.498 0.494 0.489 0.502 0.483 0.482 0.481 0.468 h 0.447 0.419 0.373 0.31 0.274 0.343 0.248 
31.016 30.652 29.597 27.436 25.1 25.075 25.069 25.057 h 23.925 23.842 23.743 23.525 23.088 22.305 21.201 20.482 h 18.169 17.784 17.67 17.478 17.182 16.856 16.411 15.919 h 11.536 11.275 10.77 9.95 9.594 10.471 7.751 6.961 h 5.79 5.78 5.762 5.734 5.68 5.586 5.722 5.516 h 4.881 4.878 4.87 4.861 4.841 4.808 4.745 4.677 h 4.429 4.297 4.222 4.113 4.1 4.113 3.969 3.864 h 3.408 3.174 3.037 2.965 2.814 2.837 2.741 2.624 h 2.295 2.229 2.206 2.175 2.144 2.129 2.09 2.018 h 1.733 1.664 1.557 1.427 1.257 1.157 1.604 1.11 h 1.031 1.003 0.999 0.992 0.981 0.966 0.948 0.925 h 0.72 0.754 0.667 0.637 0.593 0.543 0.52 0.482 0.426 0.362 h 0.205 
37.938 37.59 36.513 33.851 28.242 26.95 25.046 25.037 h 23.337 23.276 23.151 22.978 22.748 22.318 21.629 20.94 h 19.526 19.125 18.732 18.356 17.621 16.366 14.454 13.706 h 13.387 12.389 12.115 12.08 12.039 12.005 11.993 12.179 h 11.828 11.823 11.821 11.817 11.812 11.788 11.763 11.724 h 10.934 10.876 10.857 10.827 10.768 10.656 10.44 10.078 h 7.648 7.568 7.504 7.372 7.249 7.025 6.64 6.042 h 4.201 4.122 4.032 3.927 3.803 3.611 3.409 3.319 h 3.011 2.986 2.96 2.928 2.88 2.808 2.696 2.509 h 1.943 1.764 1.46 1.332 1.275 1.237 1.222 1.155 h 1.009 0.809 0.266 
