31.377 
31.004 
29.921 
27.672 
25.132 
25.088 
25.085 
25.08 
h 
23.415 
23.342 
23.196 
22.995 
22.664 
22.037 
21.004 
19.838 
h 
17.914 
17.659 
17.38 
17.128 
16.666 
15.852 
14.761 
14.653 
h 
12.07 
11.895 
11.599 
11.152 
10.48 
9.531 
8.212 
6.768 
h 
5.603 
5.541 
5.476 
5.472 
5.463 
5.444 
5.416 
5.364 
h 
5.258 
5.165 
5.07 
4.946 
4.852 
4.95 
4.747 
4.615 
h 
3.941 
3.824 
3.804 
3.756 
3.667 
3.512 
3.296 
3.027 
h 
2.577 
2.26 
2.124 
2.081 
2.063 
2.055 
2.046 
2.03 
h 
1.855 
1.854 
1.841 
1.822 
1.796 
1.762 
1.785 
1.739 
h 
1.609 
1.581 
1.549 
1.52 
1.448 
1.294 
1.304 
1.286 
h 
1.068 
1.019 
0.932 
0.803 
0.694 
0.757 
1.035 
0.694 
h 
0.638 
0.617 
0.602 
0.58 
0.571 
0.562 
0.547 
0.512 
h 
0.47 
0.395 
0.401 
0.399 
0.394 
0.385 
0.366 
0.332 
h 
0.171 
