25.807 
25.765 
25.649 
25.445 
25.292 
25.272 
25.235 
25.191 
h 
23.467 
23.296 
23.184 
23.068 
22.831 
22.398 
21.75 
21.252 
h 
18.981 
18.351 
18.05 
17.732 
17.108 
16.056 
14.739 
14.0 
h 
12.867 
12.581 
12.418 
12.249 
11.969 
11.575 
11.069 
11.232 
h 
10.193 
9.682 
9.323 
9.466 
8.943 
8.591 
8.068 
7.225 
h 
5.503 
5.407 
5.327 
5.233 
5.124 
4.975 
4.75 
4.35 
h 
3.658 
3.476 
3.388 
3.316 
3.255 
3.179 
3.144 
3.163 
h 
2.665 
2.627 
2.613 
2.597 
2.568 
2.525 
2.466 
2.383 
h 
1.953 
1.779 
1.642 
1.577 
1.476 
1.329 
1.209 
1.325 
h 
1.069 
1.012 
0.988 
0.978 
0.975 
0.972 
0.967 
0.957 
h 
0.83 
0.982 
0.822 
0.82 
0.816 
0.808 
0.793 
0.766 
0.726 
0.705 
h 
0.565 
0.499 
0.477 
0.452 
0.432 
0.414 
0.39 
0.365 
h 
0.285 
