31.082 
30.76 
29.829 
27.917 
25.698 
25.573 
25.527 
25.438 
h 
22.325 
21.944 
21.874 
21.731 
21.452 
20.948 
20.021 
18.608 
h 
15.743 
20.701 
15.559 
15.329 
15.078 
14.652 
13.999 
13.376 
13.011 
12.848 
h 
12.617 
12.49 
12.394 
12.367 
12.33 
12.308 
12.302 
12.287 
h 
12.003 
11.996 
11.978 
11.939 
11.861 
11.708 
11.422 
10.931 
h 
8.908 
8.57 
8.109 
8.247 
7.572 
7.164 
6.502 
5.341 
h 
3.203 
3.213 
2.994 
2.941 
2.892 
2.859 
2.837 
2.806 
h 
2.334 
2.342 
2.293 
2.279 
2.256 
2.23 
2.183 
2.093 
h 
1.845 
1.686 
1.533 
1.455 
1.42 
1.394 
1.379 
1.346 
h 
1.172 
1.139 
1.089 
1.066 
1.076 
1.014 
1.072 
1.046 
h 
0.981 
0.968 
0.933 
0.796 
0.4 
0.363 
0.289 
