25.924 
25.861 
25.689 
25.388 
25.178 
25.162 
25.133 
25.083 
h 
23.915 
23.683 
23.613 
23.452 
23.126 
22.536 
21.678 
21.065 
h 
20.446 
20.0 
19.446 
19.018 
17.93 
16.486 
14.779 
14.328 
h 
12.924 
12.647 
12.333 
12.103 
11.898 
11.583 
11.112 
10.543 
h 
9.344 
9.285 
9.246 
9.1 
8.902 
8.543 
7.977 
7.008 
h 
4.807 
4.053 
3.484 
3.218 
3.13 
3.01 
2.853 
2.72 
h 
2.365 
2.311 
2.277 
2.247 
2.203 
2.095 
1.986 
1.911 
h 
1.836 
1.798 
1.744 
1.668 
1.611 
1.598 
1.559 
1.52 
h 
1.143 
1.119 
1.077 
1.016 
0.95 
0.903 
0.841 
0.771 
h 
0.811 
0.673 
0.621 
0.552 
0.511 
0.476 
0.448 
0.426 
h 
0.199 
