31.016 
30.652 
29.597 
27.436 
25.1 
25.075 
25.069 
25.057 
h 
23.925 
23.842 
23.743 
23.525 
23.088 
22.305 
21.201 
20.482 
h 
18.169 
17.784 
17.67 
17.478 
17.182 
16.856 
16.411 
15.919 
h 
11.536 
11.275 
10.77 
9.95 
9.594 
10.471 
7.751 
6.961 
h 
5.79 
5.78 
5.762 
5.734 
5.68 
5.586 
5.722 
5.516 
h 
4.881 
4.878 
4.87 
4.861 
4.841 
4.808 
4.745 
4.677 
h 
4.429 
4.297 
4.222 
4.113 
4.1 
4.113 
3.969 
3.864 
h 
3.408 
3.174 
3.037 
2.965 
2.814 
2.837 
2.741 
2.624 
h 
2.295 
2.229 
2.206 
2.175 
2.144 
2.129 
2.09 
2.018 
h 
1.733 
1.664 
1.557 
1.427 
1.257 
1.157 
1.604 
1.11 
h 
1.031 
1.003 
0.999 
0.992 
0.981 
0.966 
0.948 
0.925 
h 
0.72 
0.754 
0.667 
0.637 
0.593 
0.543 
0.52 
0.482 
0.426 
0.362 
h 
0.205 
