28.345 
28.105 
27.432 
26.175 
25.203 
25.171 
25.16 
25.141 
h 
23.423 
23.32 
23.241 
23.062 
22.698 
22.028 
21.003 
20.094 
h 
17.326 
16.866 
16.392 
17.025 
15.752 
15.048 
14.013 
13.273 
h 
12.602 
12.423 
12.181 
11.861 
11.613 
11.569 
11.086 
10.658 
h 
9.35 
9.273 
9.156 
9.047 
8.855 
8.55 
8.019 
7.177 
h 
5.689 
5.475 
5.436 
5.189 
5.145 
5.089 
5.003 
4.864 
h 
4.488 
4.242 
4.121 
3.992 
3.818 
3.798 
3.6 
3.351 
h 
2.97 
2.802 
2.781 
2.648 
2.518 
2.291 
1.939 
1.501 
h 
0.893 
0.765 
0.723 
0.675 
0.631 
0.688 
0.642 
0.624 
h 
0.498 
0.494 
0.489 
0.502 
0.483 
0.482 
0.481 
0.468 
h 
0.447 
0.419 
0.373 
0.31 
0.274 
0.343 
0.248 
