25.487 
25.486 
25.481 
25.471 
25.45 
25.408 
25.33 
25.212 
h 
25.143 
25.471 
24.916 
24.657 
24.14 
23.223 
22.015 
21.576 
21.505 
21.408 
h 
18.768 
18.247 
18.089 
17.877 
17.441 
16.629 
15.268 
13.448 
h 
11.158 
12.765 
11.343 
10.612 
10.441 
10.264 
9.961 
9.519 
9.108 
8.979 
h 
8.729 
8.531 
8.357 
8.061 
7.625 
6.907 
5.823 
4.589 
h 
7.454 
3.495 
3.282 
3.226 
3.152 
3.091 
2.957 
2.751 
h 
2.345 
2.208 
2.177 
2.197 
2.145 
2.081 
1.966 
1.774 
h 
0.993 
0.939 
0.896 
0.856 
0.846 
0.818 
0.789 
0.762 
h 
0.712 
0.664 
0.634 
0.62 
0.605 
0.57 
0.554 
0.525 
h 
0.285 
