25.365 
25.362 
25.352 
25.333 
25.304 
25.271 
25.215 
25.155 
h 
25.051 
24.989 
24.827 
24.506 
24.0 
23.035 
21.877 
21.491 
h 
20.345 
19.831 
19.382 
18.861 
18.014 
16.607 
14.739 
13.547 
h 
13.254 
12.57 
12.26 
11.996 
11.681 
11.333 
10.517 
9.642 
h 
8.597 
8.422 
8.362 
8.333 
8.122 
7.877 
7.429 
6.663 
h 
5.081 
4.76 
4.424 
3.976 
3.638 
3.283 
2.766 
2.139 
h 
1.841 
1.715 
1.55 
1.484 
1.464 
1.426 
1.37 
1.317 
h 
1.101 
1.057 
0.99 
0.979 
0.972 
0.959 
0.932 
0.893 
h 
0.546 
