34.783,NA
34.367,NA
33.11,NA
30.234,NA
25.706,NA
25.19,NA
25.04,NA
25.038,25.498
23.989,NA
23.938,NA
23.855,NA
23.681,NA
23.32,NA
22.617,NA
21.368,NA
19.547,20.007
16.638,NA
19.968,NA
16.086,NA
15.736,NA
15.412,NA
14.829,NA
13.976,NA
13.292,NA
12.796,NA
12.498,12.958
11.058,NA
10.836,NA
10.737,NA
10.64,NA
10.587,NA
10.481,NA
10.294,NA
10.019,10.479000000000001
8.384,NA
8.164,NA
8.129,NA
8.198,NA
7.937,NA
7.713,NA
7.3,NA
6.61,7.07
4.368,NA
4.131,NA
3.854,NA
3.617,NA
3.241,NA
2.875,NA
2.527,NA
2.3,2.76
1.649,NA
1.517,NA
1.358,NA
1.22,NA
1.33,NA
1.203,NA
1.152,NA
1.135,1.595
0.879,NA
0.869,NA
0.854,NA
0.817,NA
0.808,NA
0.796,NA
0.769,NA
0.733,1.193
0.622,NA
0.647,NA
0.57,NA
0.559,NA
0.547,NA
0.537,NA
0.522,NA
0.498,NA
0.46,NA
0.395,0.855
0.246,NA
