26.677 
26.544 
26.181 
25.543 
25.135 
25.118 
25.104 
25.081 
h 
24.016 
24.062 
23.871 
23.665 
23.254 
22.533 
21.577 
21.094 
h 
17.377 
16.306 
15.896 
15.944 
15.214 
14.648 
13.781 
12.987 
h 
11.811 
11.938 
11.705 
11.583 
11.432 
11.232 
10.976 
10.493 
10.044 
10.014 
h 
8.88 
8.818 
8.711 
8.56 
8.624 
8.131 
7.606 
6.711 
h 
5.358 
5.121 
4.967 
4.765 
4.514 
4.311 
4.039 
4.001 
h 
3.118 
3.053 
3.023 
2.984 
2.913 
2.799 
2.652 
2.49 
h 
2.021 
1.815 
1.7 
1.58 
1.525 
1.393 
1.186 
0.979 
h 
0.579 
0.417 
0.291 
0.246 
0.199 
0.143 
