30.879 
30.537 
29.554 
27.577 
25.489 
25.426 
25.387 
25.313 
h 
23.869 
23.947 
23.723 
23.519 
23.112 
22.395 
21.425 
20.909 
h 
19.879 
19.524 
19.359 
18.722 
17.931 
16.574 
14.714 
13.551 
h 
11.833 
11.824 
11.656 
11.588 
11.507 
11.413 
11.235 
11.008 
h 
9.291 
9.448 
9.517 
9.257 
9.079 
8.794 
8.381 
7.672 
6.75 
6.147 
h 
3.763 
3.583 
3.548 
3.287 
3.228 
3.134 
2.977 
2.725 
h 
2.422 
2.313 
2.296 
2.265 
2.225 
2.114 
1.959 
1.803 
h 
1.444 
1.351 
1.219 
1.148 
1.13 
1.068 
1.019 
0.97 
h 
0.834 
0.715 
0.571 
0.484 
0.714 
0.444 
0.409 
