29.662 
29.34 
28.424 
26.634 
25.022 
25.019 
25.018 
25.017 
h 
22.617 
22.541 
22.377 
22.15 
21.916 
21.621 
21.058 
20.288 
h 
17.119 
16.753 
16.624 
16.373 
15.965 
15.257 
14.163 
13.076 
h 
12.124 
12.106 
12.081 
12.031 
12.005 
11.962 
11.92 
11.849 
h 
11.433 
11.358 
11.329 
11.297 
11.229 
11.086 
10.804 
10.273 
h 
8.393 
8.023 
8.215 
8.058 
7.755 
7.557 
7.266 
6.869 
h 
5.23 
5.148 
5.105 
5.084 
5.006 
4.846 
4.578 
4.126 
h 
3.293 
3.099 
2.864 
2.735 
2.607 
2.547 
2.461 
2.364 
h 
2.371 
2.188 
2.156 
2.122 
2.082 
2.034 
1.963 
1.882 
h 
1.277 
1.12 
1.003 
0.966 
0.928 
0.859 
0.744 
0.601 
