28.59 
28.339 
27.637 
26.32 
25.262 
25.229 
25.185 
25.123 
h 
23.831 
23.972 
23.689 
23.483 
23.073 
22.347 
21.352 
20.761 
h 
17.934 
17.264 
17.196 
16.68 
16.218 
15.421 
14.314 
13.504 
h 
12.312 
12.157 
12.016 
11.831 
11.627 
11.358 
11.09 
11.237 
h 
9.859 
9.812 
9.721 
9.549 
9.277 
8.949 
8.401 
7.553 
h 
6.289 
5.847 
5.681 
5.446 
5.159 
4.696 
3.942 
3.225 
h 
2.85 
2.462 
2.315 
2.147 
1.988 
1.922 
1.857 
1.787 
h 
1.291 
1.248 
1.234 
1.213 
1.179 
1.14 
1.087 
1.181 
h 
0.898 
0.762 
0.605 
0.499 
0.405 
