25.261 
25.248 
25.214 
25.155 
25.113 
25.101 
25.083 
25.066 
h 
23.958 
23.883 
23.795 
23.598 
23.199 
22.478 
21.428 
20.707 
h 
17.235 
17.423 
16.867 
16.564 
15.998 
15.114 
13.936 
13.053 
12.765 
12.627 
h 
12.101 
11.997 
11.949 
11.885 
11.778 
11.59 
11.251 
10.699 
h 
8.066 
8.069 
7.932 
7.813 
7.635 
7.305 
6.755 
5.991 
h 
4.997 
4.786 
4.61 
4.511 
4.457 
4.436 
4.411 
4.385 
h 
4.347 
4.293 
4.218 
4.499 
4.114 
4.048 
3.926 
3.692 
3.283 
3.044 
2.953 
2.963 
h 
2.757 
2.729 
2.69 
2.662 
2.626 
2.56 
2.452 
2.271 
h 
1.422 
1.277 
1.087 
0.941 
0.786 
0.725 
