29.545 
29.231 
28.339 
26.607 
25.092 
25.082 
25.076 
25.07 
h 
23.029 
22.94 
22.847 
22.759 
22.583 
22.233 
21.557 
20.336 
h 
17.612 
17.192 
19.205 
16.165 
15.678 
15.005 
14.037 
13.313 
13.199 
13.203 
13.184 
h 
13.155 
13.139 
13.107 
13.046 
12.952 
12.871 
12.711 
12.502 
h 
11.777 
11.701 
11.609 
11.477 
11.334 
11.144 
10.832 
10.398 
h 
8.975 
8.713 
8.476 
8.269 
8.21 
8.135 
7.984 
7.703 
h 
6.905 
6.49 
7.29 
6.28 
6.24 
6.169 
6.062 
5.933 
5.859 
5.805 
5.719 
h 
5.456 
5.383 
5.354 
5.281 
5.226 
5.168 
5.063 
4.919 
h 
4.601 
4.493 
4.474 
4.444 
4.395 
4.309 
4.177 
3.993 
h 
3.13 
2.897 
2.752 
2.577 
2.367 
2.199 
1.952 
1.652 
h 
0.989 
0.788 
0.626 
0.603 
0.592 
0.571 
0.525 
0.46 
h 
0.338 
0.234 
