26.709 
26.586 
26.253 
25.678 
25.315 
25.298 
25.276 
25.256 
h 
23.497 
23.441 
23.346 
23.171 
22.81 
22.117 
20.928 
19.347 
h 
16.273 
16.792 
15.732 
15.493 
15.114 
14.519 
13.732 
13.139 
12.802 
12.857 
h 
12.776 
12.575 
12.392 
12.255 
12.159 
12.096 
12.032 
11.971 
h 
11.011 
10.935 
10.836 
10.731 
10.657 
10.414 
10.029 
9.326 
h 
8.2 
7.695 
7.503 
6.952 
6.32 
5.83 
5.29 
4.558 
h 
4.263 
4.215 
4.194 
4.169 
4.137 
4.056 
3.933 
3.716 
h 
3.244 
2.987 
2.931 
2.728 
2.588 
2.366 
2.179 
1.993 
h 
1.772 
1.687 
1.663 
1.644 
1.624 
1.624 
1.588 
1.555 
h 
1.359 
1.323 
1.275 
1.22 
1.147 
1.136 
1.102 
1.081 
h 
0.983 
0.96 
0.919 
0.843 
0.788 
0.984 
0.724 
0.679 
h 
0.54 
