26.131 
26.071 
25.911 
25.63 
25.406 
25.393 
25.368 
25.325 
h 
25.234 
25.089 
25.004 
24.7 
24.157 
23.221 
21.915 
21.113 
h 
19.429 
19.398 
19.003 
18.62 
17.88 
16.635 
15.112 
14.539 
h 
13.062 
12.476 
12.33 
12.27 
12.198 
12.066 
11.856 
11.606 
h 
11.452 
11.416 
11.387 
11.361 
11.309 
11.217 
11.076 
10.855 
h 
10.244 
10.164 
10.117 
10.04 
9.889 
9.599 
9.095 
8.226 
h 
7.49 
6.63 
6.428 
6.258 
6.059 
5.865 
5.83 
5.659 
h 
4.782 
4.756 
4.732 
4.691 
4.639 
4.586 
4.722 
4.37 
h 
3.578 
3.492 
3.356 
3.24 
3.212 
3.107 
3.101 
3.09 
h 
2.864 
2.838 
2.812 
2.816 
2.801 
2.771 
2.738 
2.709 
h 
2.538 
2.465 
2.438 
2.434 
2.414 
2.382 
2.328 
2.289 
h 
2.16 
2.124 
2.104 
2.087 
2.07 
2.089 
2.026 
1.991 
h 
1.781 
1.749 
1.737 
1.709 
1.687 
1.641 
1.612 
1.508 
h 
1.571 
1.199 
0.934 
0.596 
