25.429 
25.406 
25.345 
25.241 
25.165 
25.161 
25.153 
25.14 
h 
22.248 
21.999 
21.789 
21.664 
21.406 
20.901 
20.125 
19.052 
h 
16.433 
15.543 
15.273 
15.457 
14.643 
14.089 
13.639 
13.402 
h 
12.596 
12.515 
12.364 
12.132 
11.881 
11.672 
11.329 
10.941 
h 
10.72 
10.643 
10.602 
10.498 
10.276 
9.843 
9.064 
7.842 
h 
5.881 
5.85 
5.154 
4.839 
4.657 
4.382 
3.93 
3.333 
h 
2.574 
2.477 
2.468 
2.432 
2.411 
2.375 
2.317 
2.201 
h 
1.828 
1.723 
1.766 
1.733 
1.656 
1.602 
1.548 
1.469 
h 
1.085 
0.906 
0.833 
0.773 
0.688 
0.623 
0.564 
0.548 
h 
0.312 
