25.614 
25.565 
25.435 
25.212 
25.072 
25.067 
25.059 
25.052 
h 
24.162 
24.113 
24.01 
23.842 
23.51 
22.889 
21.889 
20.86 
h 
20.27 
19.914 
19.589 
18.934 
17.776 
15.939 
14.057 
13.821 
h 
18.801 
13.162 
12.338 
12.091 
11.926 
11.915 
11.913 
11.912 
h 
11.199 
11.186 
11.166 
11.139 
11.088 
10.984 
10.779 
10.396 
h 
8.193 
7.482 
7.526 
7.297 
7.112 
6.838 
6.353 
5.635 
h 
4.773 
4.378 
4.173 
4.082 
3.948 
3.738 
3.516 
3.273 
h 
2.516 
2.476 
2.343 
2.309 
2.257 
2.177 
2.077 
1.879 
h 
1.324 
1.274 
1.257 
1.243 
1.213 
1.18 
1.174 
1.157 
h 
1.119 
1.079 
1.052 
1.028 
0.994 
0.967 
0.952 
0.924 
h 
0.819 
0.721 
0.598 
0.421 
0.37 
