34.783 
34.367 
33.11 
30.234 
25.706 
25.19 
25.04 
25.038 
h 
23.989 
23.938 
23.855 
23.681 
23.32 
22.617 
21.368 
19.547 
h 
16.638 
19.968 
16.086 
15.736 
15.412 
14.829 
13.976 
13.292 
12.796 
12.498 
h 
11.058 
10.836 
10.737 
10.64 
10.587 
10.481 
10.294 
10.019 
h 
8.384 
8.164 
8.129 
8.198 
7.937 
7.713 
7.3 
6.61 
h 
4.368 
4.131 
3.854 
3.617 
3.241 
2.875 
2.527 
2.3 
h 
1.649 
1.517 
1.358 
1.22 
1.33 
1.203 
1.152 
1.135 
h 
0.879 
0.869 
0.854 
0.817 
0.808 
0.796 
0.769 
0.733 
h 
0.622 
0.647 
0.57 
0.559 
0.547 
0.537 
0.522 
0.498 
0.46 
0.395 
h 
0.246 
