25.07 
25.063 
25.043 
25.007 
24.968 
24.96 
24.947 
24.918 
h 
23.123 
22.989 
22.942 
22.871 
22.725 
22.455 
22.025 
21.603 
h 
20.426 
20.467 
20.187 
19.994 
19.612 
18.966 
18.402 
17.782 
h 
16.785 
16.92 
16.587 
16.407 
16.255 
16.053 
15.705 
15.231 
h 
14.721 
14.158 
13.932 
13.721 
13.504 
13.364 
13.128 
12.743 
h 
12.078 
11.958 
11.887 
11.833 
11.779 
11.691 
11.539 
11.304 
h 
10.934 
10.842 
10.709 
10.586 
10.414 
10.364 
10.251 
10.069 
h 
9.534 
9.486 
9.455 
9.412 
9.364 
9.344 
9.284 
9.191 
h 
