26.802 
26.772 
26.691 
26.54 
26.377 
26.319 
26.214 
26.004 
h 
25.521 
24.845 
24.167 
32.058 
23.956 
23.835 
23.493 
23.05 
22.489 
22.22 
21.956 
21.876 
h 
21.286 
21.111 
21.004 
20.881 
20.715 
20.425 
20.043 
19.724 
h 
18.672 
18.372 
18.305 
18.005 
17.68 
17.088 
16.22 
15.62 
h 
14.785 
14.712 
15.169 
14.521 
14.407 
14.239 
14.103 
13.992 
13.918 
13.901 
13.863 
h 
13.764 
13.636 
13.503 
13.46 
13.452 
13.434 
13.402 
13.368 
h 
12.851 
12.842 
12.824 
12.791 
12.742 
12.691 
12.623 
12.516 
h 
