25.772 
25.76 
25.726 
25.66 
25.57 
25.502 
25.371 
25.18 
h 
24.866 
24.727 
24.562 
24.346 
24.31 
23.755 
23.366 
23.269 
h 
21.381 
21.003 
20.549 
20.385 
20.235 
20.083 
19.809 
19.401 
h 
18.876 
19.36 
19.035 
18.755 
18.676 
18.534 
18.288 
17.945 
17.676 
17.275 
h 
16.256 
17.016 
16.169 
16.096 
15.986 
15.768 
15.373 
14.759 
14.175 
14.073 
h 
13.861 
13.911 
13.765 
13.765 
13.768 
13.773 
13.784 
13.796 
h 
13.155 
13.06 
12.997 
12.971 
12.943 
12.943 
12.916 
12.871 
h 
12.294 
12.199 
12.117 
12.045 
11.951 
11.875 
11.745 
11.639 
h 
