26.14 
26.12 
26.063 
25.955 
25.822 
25.734 
25.562 
25.258 
h 
23.171 
23.159 
23.092 
22.992 
22.797 
22.469 
22.073 
21.809 
h 
19.87 
19.63 
19.557 
19.467 
19.303 
19.052 
18.759 
18.422 
h 
18.322 
18.216 
18.178 
18.157 
18.124 
18.081 
18.059 
18.048 
h 
17.406 
17.266 
17.08 
16.986 
16.964 
16.937 
16.881 
16.777 
h 
14.897 
14.726 
14.675 
14.584 
14.469 
14.35 
14.152 
13.894 
h 
13.667 
13.644 
13.595 
13.502 
13.336 
13.118 
12.839 
12.433 
h 
11.665 
11.48 
11.398 
11.323 
11.285 
11.223 
11.142 
11.072 
h 
10.777 
10.706 
10.683 
10.641 
10.626 
10.612 
10.605 
10.566 
h 
