29.348 
29.043 
28.173 
26.463 
24.825 
24.802 
24.759 
24.69 
h 
23.627 
23.498 
23.45 
23.345 
23.132 
22.744 
22.16 
21.703 
h 
20.327 
20.05 
19.924 
19.664 
19.199 
18.381 
16.939 
15.039 
h 
13.403 
13.108 
12.944 
12.891 
12.833 
12.74 
12.638 
12.601 
h 
12.093 
12.073 
12.062 
12.045 
12.015 
11.973 
11.886 
11.749 
h 
11.379 
11.252 
11.132 
11.067 
10.863 
10.611 
10.205 
9.611 
h 
8.932 
8.925 
8.884 
8.872 
8.858 
8.826 
8.776 
8.722 
h 
8.478 
8.34 
8.173 
8.122 
8.102 
8.083 
8.062 
8.034 
h 
7.65 
7.57 
7.498 
7.394 
7.21 
7.059 
6.997 
6.965 
h 
