25.147 
25.142 
25.129 
25.104 
25.072 
25.048 
25.039 
25.022 
h 
23.325 
23.041 
22.94 
22.883 
22.765 
22.545 
22.202 
21.895 
h 
19.952 
19.845 
19.654 
19.367 
18.956 
18.605 
18.418 
18.108 
h 
16.384 
16.199 
15.983 
15.661 
15.121 
15.349 
14.591 
13.81 
h 
13.268 
13.25 
13.225 
13.204 
13.182 
13.149 
13.098 
13.016 
h 
12.755 
12.705 
12.676 
12.643 
12.583 
12.497 
12.392 
12.188 
h 
11.026 
10.862 
10.727 
10.638 
10.573 
10.481 
10.323 
10.088 
h 
9.303 
9.257 
9.226 
9.202 
9.19 
9.163 
9.111 
9.015 
h 
8.78 
8.798 
8.693 
8.647 
8.574 
8.46 
8.314 
8.149 
h 
8.051 
7.916 
7.912 
7.872 
7.825 
7.749 
7.633 
7.461 
h 
