26.907 
26.851 
26.697 
26.415 
26.122 
25.921 
25.777 
25.634 
h 
23.297 
23.061 
22.923 
22.814 
22.603 
22.256 
21.78 
21.578 
h 
20.575 
20.511 
20.4 
20.167 
19.734 
19.163 
18.549 
18.106 
h 
17.497 
17.455 
17.427 
17.395 
17.36 
17.313 
17.242 
17.2 
h 
16.804 
16.73 
16.661 
16.601 
16.563 
16.443 
16.305 
16.116 
h 
15.111 
14.855 
14.795 
14.711 
14.553 
14.296 
14.017 
13.564 
h 
13.303 
13.24 
13.044 
12.945 
12.895 
12.851 
12.785 
12.699 
h 
12.597 
12.758 
12.478 
12.461 
12.438 
12.398 
12.325 
12.244 
12.121 
12.081 
h 
11.289 
11.285 
11.255 
11.242 
11.215 
11.17 
11.107 
11.004 
h 
