25.224 25.19 25.1 24.945 24.817 24.807 24.785 24.74 h 23.236 23.161 23.13 23.084 22.99 22.827 22.594 22.421 h 20.9 20.581 20.374 20.284 20.185 20.052 19.831 19.513 h 18.302 18.292 18.244 18.171 18.048 17.849 17.56 17.321 h 
27.066 26.903 26.436 25.49 24.38 24.331 24.324 24.312 h 23.902 23.843 23.801 23.726 23.571 23.286 22.812 22.259 h 21.279 21.017 20.999 20.976 20.929 20.84 20.7 20.584 h 20.034 19.929 19.84 19.661 19.319 18.759 18.171 18.402 h 
25.772 25.76 25.726 25.66 25.57 25.502 25.371 25.18 h 24.866 24.727 24.562 24.346 24.31 23.755 23.366 23.269 h 21.381 21.003 20.549 20.385 20.235 20.083 19.809 19.401 h 18.876 19.36 19.035 18.755 18.676 18.534 18.288 17.945 17.676 17.275 h 16.256 17.016 16.169 16.096 15.986 15.768 15.373 14.759 14.175 14.073 h 13.861 13.911 13.765 13.765 13.768 13.773 13.784 13.796 h 13.155 13.06 12.997 12.971 12.943 12.943 12.916 12.871 h 12.294 12.199 12.117 12.045 11.951 11.875 11.745 11.639 h 
26.802 26.772 26.691 26.54 26.377 26.319 26.214 26.004 h 25.521 24.845 24.167 32.058 23.956 23.835 23.493 23.05 22.489 22.22 21.956 21.876 h 21.286 21.111 21.004 20.881 20.715 20.425 20.043 19.724 h 18.672 18.372 18.305 18.005 17.68 17.088 16.22 15.62 h 14.785 14.712 15.169 14.521 14.407 14.239 14.103 13.992 13.918 13.901 13.863 h 13.764 13.636 13.503 13.46 13.452 13.434 13.402 13.368 h 12.851 12.842 12.824 12.791 12.742 12.691 12.623 12.516 h 
24.524 24.49 24.398 24.241 24.117 24.109 24.093 24.061 h 23.353 23.375 23.311 23.277 23.209 23.093 22.933 22.842 h 22.359 22.375 22.31 22.25 22.127 21.902 21.574 21.367 h 19.731 19.693 19.651 19.603 19.511 19.348 19.142 18.802 h 
31.42 30.927 29.531 26.876 24.829 24.783 24.745 24.708 h 23.429 23.316 23.224 23.199 23.147 23.044 22.853 22.586 h 22.172 21.928 21.818 21.681 21.45 21.057 20.534 20.242 h 19.935 19.9 19.86 19.816 19.784 19.766 19.761 19.757 h 
29.348 29.043 28.173 26.463 24.825 24.802 24.759 24.69 h 23.627 23.498 23.45 23.345 23.132 22.744 22.16 21.703 h 20.327 20.05 19.924 19.664 19.199 18.381 16.939 15.039 h 13.403 13.108 12.944 12.891 12.833 12.74 12.638 12.601 h 12.093 12.073 12.062 12.045 12.015 11.973 11.886 11.749 h 11.379 11.252 11.132 11.067 10.863 10.611 10.205 9.611 h 8.932 8.925 8.884 8.872 8.858 8.826 8.776 8.722 h 8.478 8.34 8.173 8.122 8.102 8.083 8.062 8.034 h 7.65 7.57 7.498 7.394 7.21 7.059 6.997 6.965 h 
29.862 29.526 28.568 26.689 24.965 24.962 24.959 24.953 h 24.069 23.932 23.887 23.846 23.759 23.596 23.317 22.951 h 20.953 20.945 20.84 20.771 20.632 20.383 20.007 19.648 h 19.103 20.581 19.113 19.083 19.042 19.008 18.947 18.842 18.693 18.642 h 
26.052 26.013 25.907 25.718 25.537 25.507 25.474 25.435 h 24.909 24.794 24.601 24.293 23.82 23.037 22.072 21.793 h 20.952 20.741 20.601 20.341 19.85 19.064 17.996 17.426 h 15.668 15.615 15.57 15.537 15.482 15.413 15.34 15.297 h 15.216 15.203 15.19 15.17 15.13 15.068 14.952 14.754 h 14.18 14.057 13.935 13.978 13.768 13.586 13.251 12.704 h 
33.348 32.759 31.057 27.653 24.545 24.505 24.432 24.33 h 22.708 22.506 22.454 22.376 22.218 21.924 21.463 21.021 h 19.866 19.616 19.49 19.275 18.904 18.272 17.576 16.622 h 15.962 15.875 15.854 15.828 15.816 15.791 15.743 15.67 h 15.471 15.471 15.406 15.385 15.348 15.286 15.197 15.105 h 15.066 14.948 14.844 14.807 14.782 14.774 14.777 14.768 h 
25.243 25.203 25.096 24.915 24.8 24.793 24.778 24.755 h 24.619 24.66 24.561 24.475 24.301 23.988 23.534 23.229 h 22.266 22.226 22.131 21.948 21.584 20.946 20.071 19.703 h 18.96 18.827 18.639 18.565 18.53 18.507 18.467 18.386 h 17.202 17.02 16.982 16.942 16.891 16.822 16.744 16.639 h 16.379 16.357 16.3 16.296 16.291 16.282 16.269 16.252 h 
26.719 26.588 26.228 25.577 25.099 25.081 25.067 25.041 h 23.494 23.334 23.26 23.146 23.017 22.804 22.624 22.351 h 21.758 21.539 21.269 21.16 20.702 20.086 19.4 19.047 h 18.113 17.929 17.739 17.602 17.567 17.463 17.33 17.093 h 
31.101 30.668 29.44 27.074 25.062 24.962 24.792 24.597 h 22.406 22.275 22.254 22.213 22.127 21.957 21.643 21.147 h 20.07 19.909 21.481 19.278 19.104 18.81 18.434 18.229 18.208 18.199 18.192 h 17.599 17.552 17.477 17.377 17.305 17.256 17.259 17.218 h 
32.41 31.852 30.257 27.149 24.581 24.557 24.546 24.536 h 23.828 23.758 23.722 23.643 23.482 23.183 22.713 22.286 h 21.273 21.063 21.004 20.887 20.646 20.193 19.445 18.528 h 17.959 17.932 17.919 17.889 17.834 17.74 17.58 17.348 h 17.038 16.944 16.811 16.757 16.691 16.6 16.475 16.344 h 15.908 15.864 15.843 15.831 15.816 15.803 15.775 15.727 h 
25.147 25.142 25.129 25.104 25.072 25.048 25.039 25.022 h 23.325 23.041 22.94 22.883 22.765 22.545 22.202 21.895 h 19.952 19.845 19.654 19.367 18.956 18.605 18.418 18.108 h 16.384 16.199 15.983 15.661 15.121 15.349 14.591 13.81 h 13.268 13.25 13.225 13.204 13.182 13.149 13.098 13.016 h 12.755 12.705 12.676 12.643 12.583 12.497 12.392 12.188 h 11.026 10.862 10.727 10.638 10.573 10.481 10.323 10.088 h 9.303 9.257 9.226 9.202 9.19 9.163 9.111 9.015 h 8.78 8.798 8.693 8.647 8.574 8.46 8.314 8.149 h 8.051 7.916 7.912 7.872 7.825 7.749 7.633 7.461 h 
30.017 29.674 28.699 26.79 25.029 24.98 24.888 24.737 h 23.203 23.445 23.081 23.014 22.879 22.619 22.166 21.524 21.059 21.18 h 19.625 19.255 19.127 19.056 18.948 18.802 18.609 18.296 h 17.889 17.85 17.799 17.753 17.666 17.518 17.303 17.091 h 
27.005 26.766 26.12 25.012 24.293 24.239 24.14 23.984 h 23.105 23.42 22.905 22.84 22.724 22.499 22.109 21.57 21.142 20.935 h 19.154 19.024 18.798 18.622 18.564 18.448 18.23 17.855 h 17.097 17.29 16.949 16.942 16.93 16.919 16.916 16.914 16.911 16.909 h 
28.743 28.582 28.132 27.275 26.382 26.27 26.138 25.908 h 25.007 24.732 24.451 24.34 23.923 23.42 22.884 22.795 h 21.566 21.299 21.023 20.971 20.832 20.724 20.546 20.355 h 19.903 19.886 19.869 19.832 19.764 19.654 19.474 19.303 h 
27.229 27.021 26.45 25.431 24.767 24.746 24.741 24.734 h 23.945 23.845 23.793 23.741 23.632 23.417 23.028 22.425 h 20.516 21.275 20.368 20.305 20.22 20.046 19.714 19.131 18.295 19.16 h 19.019 17.783 17.758 17.745 17.726 17.692 17.648 17.569 h 
31.338 31.031 30.128 28.191 25.572 25.329 25.289 25.245 h 23.71 23.584 23.489 23.317 22.974 22.362 21.511 21.077 h 20.356 20.175 19.772 19.201 18.672 18.0 17.015 16.329 h 15.638 15.418 15.22 15.061 15.004 14.938 14.838 14.778 h 14.323 14.308 14.298 14.285 14.267 14.24 14.194 14.129 h 13.805 13.772 13.742 13.71 13.685 13.663 13.622 13.549 h 
