24.883 
24.878 
24.865 
24.842 
24.822 
24.817 
24.811 
24.8 
h 
23.308 
23.237 
23.17 
23.082 
22.901 
22.568 
22.052 
21.594 
h 
21.107 
20.904 
20.671 
20.249 
19.545 
18.479 
17.506 
17.098 
h 
15.726 
15.472 
15.431 
15.4 
15.376 
15.348 
15.355 
15.344 
h 
15.088 
15.083 
15.07 
15.044 
14.991 
14.893 
14.744 
14.516 
h 
13.58 
13.356 
13.64 
13.261 
13.156 
12.962 
12.642 
12.159 
h 
11.714 
11.052 
10.678 
10.333 
10.308 
10.265 
10.188 
10.078 
h 
9.785 
9.925 
9.695 
9.669 
9.623 
9.539 
9.395 
9.258 
9.204 
9.09 
h 
8.676 
8.617 
8.562 
8.533 
8.501 
8.461 
8.41 
8.375 
h 
8.237 
8.183 
8.203 
8.044 
7.976 
7.866 
7.668 
7.372 
h 
