25.928 
25.896 
25.809 
25.658 
25.529 
25.48 
25.434 
25.383 
h 
23.276 
23.176 
23.022 
22.804 
22.365 
21.575 
20.421 
19.656 
h 
16.604 
16.437 
16.286 
15.988 
15.485 
14.78 
13.831 
13.199 
h 
12.655 
12.413 
12.127 
11.973 
11.774 
11.436 
11.003 
10.403 
h 
10.05 
9.959 
9.855 
9.707 
9.563 
9.23 
8.688 
7.742 
h 
6.237 
5.695 
4.989 
4.675 
4.462 
4.071 
3.793 
3.613 
h 
3.138 
3.093 
3.003 
2.844 
2.62 
2.482 
2.561 
2.061 
h 
1.116 
0.992 
0.822 
0.67 
0.567 
0.598 
0.509 
0.431 
h 
0.196 
