31.557 
31.224 
30.249 
28.169 
25.401 
25.204 
25.175 
25.167 
h 
22.661 
22.581 
22.429 
22.241 
22.082 
21.774 
21.249 
20.621 
h 
19.943 
19.229 
18.603 
18.03 
17.358 
16.313 
14.929 
14.045 
h 
12.638 
12.373 
12.186 
11.908 
11.729 
11.574 
11.336 
10.982 
h 
10.519 
10.335 
10.056 
9.755 
9.453 
8.863 
7.798 
6.182 
h 
4.217 
4.068 
3.976 
3.914 
3.899 
3.875 
3.84 
3.783 
h 
3.315 
3.4 
3.243 
3.236 
3.232 
3.221 
3.201 
3.161 
3.1 
3.032 
h 
2.597 
2.537 
2.483 
2.419 
2.348 
2.305 
2.194 
2.071 
h 
1.658 
1.524 
1.386 
1.315 
1.223 
1.173 
1.13 
1.087 
h 
0.942 
0.89 
0.844 
0.779 
0.707 
0.72 
0.667 
0.614 
h 
0.449 
0.41 
0.365 
0.344 
0.332 
