30.836 
30.487 
29.475 
27.396 
25.094 
25.059 
25.055 
25.048 
h 
24.979 
24.927 
24.808 
24.549 
24.044 
23.176 
22.103 
21.748 
h 
17.845 
17.296 
17.008 
16.651 
16.046 
15.1 
14.241 
13.38 
h 
12.141 
12.121 
12.081 
12.001 
11.852 
11.572 
11.102 
10.498 
h 
9.978 
9.875 
9.819 
9.799 
9.776 
9.733 
9.648 
9.493 
h 
7.421 
7.078 
7.035 
6.835 
6.648 
6.365 
5.892 
5.067 
h 
3.837 
2.787 
3.089 
3.025 
2.501 
2.769 
2.364 
2.358 
h 
2.319 
2.318 
2.321 
2.32 
2.319 
2.316 
2.312 
2.308 
h 
2.308 
2.288 
2.286 
2.276 
2.271 
2.284 
2.273 
2.248 
h 
2.052 
1.873 
1.828 
1.778 
1.708 
1.639 
1.637 
1.621 
h 
1.297 
1.291 
1.281 
1.261 
1.255 
1.233 
1.225 
1.19 
h 
0.912 
0.881 
0.868 
0.856 
0.832 
0.791 
0.777 
0.713 
h 
0.354 
0.296 
