27.481 
27.337 
26.942 
26.229 
25.643 
25.61 
25.545 
25.428 
h 
22.988 
22.974 
22.778 
22.641 
22.361 
21.83 
20.945 
19.897 
h 
16.769 
16.786 
16.229 
16.007 
15.678 
15.109 
14.371 
13.701 
h 
12.813 
12.674 
12.495 
12.278 
12.114 
11.82 
11.299 
10.482 
h 
8.339 
8.713 
8.207 
8.154 
8.063 
7.895 
7.638 
7.263 
6.877 
6.795 
h 
6.429 
6.326 
6.246 
6.191 
6.104 
5.984 
5.89 
5.772 
h 
5.1 
5.265 
4.959 
4.906 
4.807 
4.617 
4.295 
4.141 
4.389 
3.69 
h 
3.448 
3.399 
3.342 
3.301 
3.236 
3.129 
2.989 
2.735 
h 
2.419 
2.366 
2.052 
2.023 
1.997 
1.978 
1.943 
1.884 
h 
1.692 
1.557 
1.434 
1.361 
1.319 
1.268 
1.223 
1.141 
h 
0.79 
0.621 
0.472 
0.351 
