25.995 
25.921 
25.723 
25.385 
25.179 
25.171 
25.157 
25.141 
h 
23.518 
23.469 
23.38 
23.188 
22.797 
22.077 
20.967 
19.961 
h 
18.286 
17.966 
17.832 
17.56 
17.077 
16.465 
15.859 
15.401 
h 
13.406 
13.221 
13.066 
12.94 
12.733 
12.399 
11.889 
11.201 
h 
10.089 
11.084 
9.925 
9.783 
9.505 
9.015 
8.185 
7.036 
6.187 
5.647 
h 
5.582 
5.553 
5.545 
5.526 
5.492 
5.433 
5.355 
5.271 
h 
4.974 
4.812 
4.748 
4.671 
4.561 
4.501 
4.385 
4.249 
h 
3.952 
3.822 
3.671 
3.511 
3.558 
3.579 
3.241 
3.098 
h 
2.717 
2.39 
2.185 
2.081 
2.004 
2.228 
1.907 
1.872 
h 
1.697 
1.6 
1.458 
1.415 
1.397 
1.359 
1.341 
1.331 
h 
1.15 
1.097 
1.092 
1.081 
1.072 
1.048 
1.089 
1.014 
h 
0.817 
0.795 
0.754 
0.693 
0.653 
0.636 
0.633 
0.62 
h 
0.483 
0.474 
0.46 
0.444 
0.423 
0.412 
0.399 
0.38 
h 
0.216 
