25.758 
25.694 
25.52 
25.229 
25.066 
25.062 
25.057 
25.055 
h 
23.293 
23.254 
23.166 
23.016 
22.718 
22.143 
21.113 
19.564 
h 
17.241 
20.732 
16.77 
16.356 
15.881 
15.114 
14.106 
13.525 
13.144 
12.799 
h 
12.5 
12.364 
12.289 
12.207 
12.128 
12.031 
11.886 
11.666 
h 
9.805 
10.001 
9.553 
9.384 
9.049 
8.474 
7.493 
5.979 
4.547 
3.744 
h 
3.143 
3.092 
3.064 
3.061 
3.055 
3.045 
3.034 
3.023 
h 
2.973 
2.955 
2.921 
2.858 
2.781 
2.826 
2.651 
2.535 
h 
1.864 
1.709 
1.623 
1.537 
1.534 
1.479 
1.383 
1.261 
h 
1.096 
1.237 
