30.836,NA
30.487,NA
29.475,NA
27.396,NA
25.094,NA
25.059,NA
25.055,NA
25.048,25.508
24.979,NA
24.927,NA
24.808,NA
24.549,NA
24.044,NA
23.176,NA
22.103,NA
21.748,22.208000000000002
17.845,NA
17.296,NA
17.008,NA
16.651,NA
16.046,NA
15.1,NA
14.241,NA
13.38,13.840000000000002
12.141,NA
12.121,NA
12.081,NA
12.001,NA
11.852,NA
11.572,NA
11.102,NA
10.498,10.958
9.978,NA
9.875,NA
9.819,NA
9.799,NA
9.776,NA
9.733,NA
9.648,NA
9.493,9.953000000000001
7.421,NA
7.078,NA
7.035,NA
6.835,NA
6.648,NA
6.365,NA
5.892,NA
5.067,5.527
3.837,NA
2.787,NA
3.089,NA
3.025,NA
2.501,NA
2.769,NA
2.364,NA
2.358,2.818
2.319,NA
2.318,NA
2.321,NA
2.32,NA
2.319,NA
2.316,NA
2.312,NA
2.308,2.768
2.308,NA
2.288,NA
2.286,NA
2.276,NA
2.271,NA
2.284,NA
2.273,NA
2.248,2.708
2.052,NA
1.873,NA
1.828,NA
1.778,NA
1.708,NA
1.639,NA
1.637,NA
1.621,2.081
1.297,NA
1.291,NA
1.281,NA
1.261,NA
1.255,NA
1.233,NA
1.225,NA
1.19,1.65
0.912,NA
0.881,NA
0.868,NA
0.856,NA
0.832,NA
0.791,NA
0.777,NA
0.713,1.173
0.354,NA
0.296,NA
