26.699 
26.555 
26.161 
25.461 
25.012 
25.001 
25.001 
25.001 
h 
24.682 
24.646 
24.542 
24.308 
23.833 
22.966 
21.67 
20.678 
h 
19.024 
19.091 
18.461 
18.081 
17.364 
16.089 
14.351 
13.531 
h 
12.398 
11.94 
11.849 
11.724 
11.56 
11.364 
11.072 
10.82 
h 
8.784 
8.374 
8.306 
8.186 
8.002 
7.669 
7.075 
6.111 
h 
4.551 
4.32 
4.405 
4.178 
4.161 
4.14 
4.107 
4.058 
h 
3.507 
3.435 
3.385 
3.309 
3.215 
3.121 
3.01 
2.825 
h 
2.399 
2.183 
2.007 
1.905 
1.861 
1.847 
1.839 
1.832 
h 
1.587 
1.573 
1.553 
1.528 
1.489 
1.462 
1.405 
1.316 
h 
0.728 
