26.4 
26.321 
26.104 
25.728 
25.443 
25.395 
25.318 
25.225 
h 
25.064 
24.906 
25.318 
24.591 
24.198 
23.475 
22.37 
21.46 
21.037 
20.832 
20.752 
h 
20.537 
20.204 
19.564 
18.491 
18.638 
18.664 
16.48 
16.296 
h 
15.288 
15.102 
14.989 
14.906 
14.794 
14.614 
14.365 
13.907 
h 
12.157 
12.18 
12.033 
11.96 
11.841 
11.629 
11.25 
10.67 
h 
9.85 
9.999 
9.786 
9.764 
9.74 
9.717 
9.692 
9.63 
9.548 
9.471 
h 
9.245 
9.231 
9.204 
9.177 
9.13 
9.053 
8.946 
8.884 
h 
8.633 
8.237 
8.219 
8.204 
8.186 
8.165 
8.126 
8.054 
h 
