28.695 
28.404 
27.598 
26.122 
25.061 
25.01 
24.96 
24.881 
h 
24.565 
24.533 
24.773 
24.274 
24.014 
23.545 
22.852 
22.35 
h 
19.734 
19.391 
19.632 
19.177 
19.004 
18.7 
18.271 
17.912 
h 
17.796 
17.694 
17.544 
17.421 
17.284 
17.038 
16.647 
16.212 
h 
15.684 
15.666 
15.384 
15.237 
15.046 
14.677 
13.979 
12.783 
h 
11.112 
11.078 
14.934 
10.043 
9.946 
9.914 
9.885 
9.87 
9.843 
9.797 
9.747 
h 
9.139 
9.067 
9.054 
9.038 
9.012 
8.98 
8.923 
8.829 
h 
8.671 
8.596 
8.498 
8.442 
8.368 
8.301 
8.193 
8.024 
h 
7.741 
7.694 
7.557 
7.522 
7.466 
7.395 
7.357 
7.3 
h 
