28.476 
28.18 
27.361 
25.885 
24.851 
24.795 
24.718 
24.608 
h 
22.831 
22.891 
22.724 
22.673 
22.573 
22.384 
22.077 
21.739 
h 
19.756 
19.711 
19.395 
19.192 
18.868 
18.36 
17.694 
17.384 
h 
16.29 
15.905 
15.822 
15.773 
15.719 
15.638 
15.531 
15.384 
h 
14.159 
14.406 
14.074 
14.023 
13.917 
13.715 
13.36 
12.84 
12.508 
12.348 
h 
12.026 
12.129 
12.2 
11.87 
11.853 
11.839 
11.821 
11.799 
11.765 
11.713 
11.676 
h 
11.559 
11.539 
11.528 
11.507 
11.468 
11.402 
11.333 
11.245 
h 
10.788 
10.688 
10.651 
10.635 
10.62 
10.601 
10.561 
10.503 
h 
