31.941 
31.568 
30.472 
28.139 
25.216 
25.081 
25.059 
25.031 
h 
22.641 
22.462 
22.376 
22.269 
22.09 
21.732 
21.158 
20.471 
h 
17.639 
17.738 
17.452 
17.313 
17.038 
16.561 
15.915 
15.507 
h 
14.191 
14.145 
14.108 
14.062 
13.968 
13.789 
13.48 
13.091 
h 
12.296 
12.176 
12.199 
11.942 
11.596 
11.038 
10.099 
8.894 
h 
7.26 
7.122 
6.904 
6.795 
6.683 
6.561 
6.381 
6.203 
h 
5.56 
5.466 
5.394 
5.379 
5.35 
5.312 
5.264 
5.193 
h 
4.945 
4.936 
4.893 
4.868 
4.821 
4.739 
4.598 
4.433 
h 
4.09 
3.728 
3.431 
3.354 
3.302 
3.218 
3.128 
3.059 
h 
2.717 
2.639 
2.542 
2.493 
2.471 
2.428 
2.386 
2.323 
h 
2.122 
2.117 
2.082 
2.056 
2.046 
2.001 
1.996 
1.987 
h 
1.834 
1.791 
1.728 
1.724 
1.691 
1.676 
1.657 
1.621 
h 
1.304 
1.188 
1.121 
1.114 
1.096 
1.072 
1.043 
1.005 
h 
0.901 
0.873 
0.887 
0.863 
0.857 
0.843 
0.817 
0.766 
h 
0.441 
