28.125 
27.881 
27.201 
25.95 
25.069 
25.035 
25.032 
25.027 
h 
22.854 
22.538 
22.268 
22.184 
22.008 
21.655 
20.995 
19.894 
h 
16.604 
19.398 
16.318 
16.151 
15.831 
15.299 
14.482 
13.558 
13.307 
13.255 
h 
12.367 
12.325 
12.243 
12.136 
12.102 
12.024 
11.901 
11.707 
h 
11.014 
10.921 
10.751 
10.477 
10.266 
10.007 
9.493 
9.01 
h 
8.31 
8.242 
8.232 
8.229 
8.215 
8.205 
8.18 
8.138 
h 
7.945 
7.916 
7.898 
7.874 
7.821 
7.725 
7.554 
7.247 
h 
6.532 
6.455 
6.371 
6.247 
6.165 
6.112 
6.087 
6.026 
h 
5.275 
5.24 
5.212 
5.176 
5.142 
5.104 
5.042 
4.959 
h 
4.836 
4.782 
4.774 
4.765 
4.758 
4.733 
4.69 
4.615 
h 
4.165 
4.043 
3.959 
3.942 
3.924 
3.89 
3.827 
3.748 
h 
2.95 
2.855 
2.771 
2.641 
2.453 
2.262 
2.518 
2.058 
h 
1.52 
1.446 
1.396 
1.344 
1.317 
1.265 
1.208 
1.118 
h 
0.833 
0.863 
0.768 
0.75 
0.728 
0.715 
0.793 
0.708 
0.704 
0.696 
h 
0.506 
0.504 
0.501 
0.498 
0.496 
0.492 
0.486 
0.469 
h 
0.273 
