25.537 
25.534 
25.524 
25.503 
25.461 
25.387 
25.287 
25.194 
h 
23.922 
23.806 
23.711 
23.519 
23.139 
22.484 
21.679 
21.429 
h 
17.745 
17.413 
17.216 
16.997 
16.588 
16.002 
15.301 
14.747 
h 
14.562 
14.556 
14.538 
14.521 
14.499 
14.458 
14.392 
14.315 
h 
13.905 
13.868 
13.827 
13.763 
13.629 
13.362 
12.854 
11.931 
h 
9.434 
9.319 
8.926 
8.685 
8.547 
8.411 
8.207 
7.915 
h 
7.536 
7.478 
7.436 
7.394 
7.328 
7.249 
7.137 
6.942 
h 
6.148 
5.911 
5.99 
5.764 
5.738 
5.694 
5.623 
5.495 
h 
4.664 
4.687 
4.633 
4.623 
4.603 
4.565 
4.506 
4.444 
h 
4.117 
4.07 
3.977 
3.882 
3.792 
3.711 
3.692 
3.656 
h 
3.486 
3.472 
3.453 
3.427 
3.377 
3.335 
3.35 
3.295 
h 
3.076 
3.027 
2.972 
2.987 
2.998 
2.912 
2.888 
2.845 
h 
2.761 
2.744 
2.735 
2.72 
2.728 
2.711 
2.702 
2.68 
h 
