25.415 
25.404 
25.372 
25.311 
25.245 
25.209 
25.176 
25.142 
h 
24.37 
24.309 
24.172 
23.916 
23.417 
22.559 
21.482 
21.013 
h 
18.836 
18.553 
18.374 
18.02 
17.413 
16.489 
15.238 
14.321 
h 
14.114 
14.085 
14.061 
14.043 
14.009 
13.943 
13.822 
13.598 
h 
12.292 
11.821 
16.577 
11.725 
11.647 
11.5 
11.249 
10.902 
10.684 
10.637 
10.6 
h 
10.711 
10.573 
10.447 
10.429 
10.411 
10.389 
10.347 
10.282 
h 
10.046 
9.929 
9.923 
9.915 
9.897 
9.862 
9.795 
9.678 
h 
9.016 
9.085 
8.958 
8.935 
8.893 
8.831 
8.764 
8.662 
h 
