27.087 
26.952 
26.579 
25.884 
25.26 
25.235 
25.187 
25.102 
h 
24.282 
24.537 
24.121 
23.922 
23.531 
22.86 
22.046 
21.759 
21.517 
21.105 
h 
18.431 
19.084 
17.975 
17.753 
17.404 
16.829 
16.172 
15.853 
15.629 
15.394 
h 
14.358 
14.312 
14.272 
14.235 
14.195 
14.132 
14.04 
13.908 
h 
13.625 
13.637 
13.572 
13.531 
13.449 
13.286 
12.979 
12.458 
h 
9.976 
9.858 
9.708 
9.612 
9.449 
9.202 
8.793 
8.298 
h 
7.835 
7.72 
7.677 
7.612 
7.549 
7.413 
7.498 
7.251 
h 
6.925 
6.834 
6.733 
6.638 
6.573 
6.557 
6.51 
6.46 
h 
6.073 
6.057 
6.05 
6.047 
6.036 
6.011 
5.964 
5.882 
h 
