28.083 
27.926 
27.495 
26.724 
26.047 
25.995 
25.903 
25.743 
h 
24.314 
24.21 
24.076 
23.852 
23.432 
22.725 
21.812 
21.386 
h 
21.194 
21.183 
20.91 
20.596 
19.959 
18.808 
17.183 
16.218 
h 
15.117 
15.127 
15.096 
15.092 
15.086 
15.076 
15.057 
15.029 
h 
14.563 
14.557 
14.518 
14.504 
14.476 
14.422 
14.321 
14.171 
h 
13.207 
13.181 
13.15 
13.085 
12.959 
12.73 
12.293 
11.523 
h 
10.229 
11.392 
10.66 
9.805 
9.708 
9.657 
9.627 
9.572 
9.484 
9.37 
h 
8.97 
8.992 
8.864 
8.836 
8.808 
8.761 
8.678 
8.547 
h 
7.931 
7.817 
7.728 
7.701 
7.657 
7.612 
7.636 
7.529 
h 
7.006 
6.945 
6.862 
6.812 
6.76 
6.735 
6.677 
6.641 
h 
