26.61 
26.48 
26.121 
25.477 
25.017 
25.003 
24.997 
24.985 
h 
23.66 
23.559 
23.498 
23.376 
23.127 
22.638 
21.75 
20.383 
h 
16.977 
19.195 
16.592 
16.446 
16.27 
15.955 
15.485 
15.124 
15.03 
15.005 
h 
14.512 
14.504 
14.484 
14.444 
14.362 
14.207 
13.949 
13.542 
h 
11.324 
11.227 
11.104 
10.917 
10.71 
10.39 
9.877 
9.139 
h 
7.703 
7.524 
7.448 
7.434 
7.404 
7.351 
7.265 
7.137 
h 
6.41 
6.371 
6.341 
6.328 
6.295 
6.231 
6.127 
6.028 
h 
5.753 
5.672 
5.634 
5.617 
5.585 
5.583 
5.522 
5.456 
h 
5.211 
5.057 
5.02 
4.957 
4.947 
4.927 
4.889 
4.833 
h 
4.458 
4.331 
4.306 
4.289 
4.264 
4.217 
4.122 
3.957 
h 
3.503 
3.299 
3.18 
3.159 
3.127 
3.109 
3.073 
3.092 
h 
2.998 
3.002 
2.996 
2.985 
2.968 
2.945 
2.907 
2.892 
h 
2.662 
2.601 
2.556 
2.495 
2.959 
2.487 
2.447 
2.39 
2.292 
2.164 
1.983 
1.931 
1.896 
h 
1.49 
1.48 
1.465 
1.44 
1.398 
1.38 
1.343 
1.3 
h 
1.063 
1.034 
0.999 
0.964 
0.949 
0.945 
0.939 
0.933 
h 
0.911 
0.902 
0.891 
0.884 
0.883 
0.907 
0.879 
0.875 
h 
0.783 
0.76 
0.713 
0.651 
0.559 
0.519 
0.499 
0.474 
h 
0.349 
0.292 
