26.048 
26.031 
25.986 
25.901 
25.79 
25.682 
25.637 
25.564 
h 
23.623 
23.206 
23.155 
23.049 
22.835 
22.454 
21.871 
21.268 
h 
18.688 
18.456 
18.314 
18.102 
17.712 
17.119 
16.349 
15.861 
h 
14.274 
13.93 
13.612 
13.142 
12.276 
10.906 
8.999 
7.34 
h 
6.4 
6.388 
6.396 
6.395 
6.386 
6.367 
6.334 
6.295 
h 
6.147 
6.122 
6.105 
6.1 
6.093 
6.076 
6.045 
5.998 
h 
5.32 
5.333 
5.151 
5.114 
5.064 
4.968 
4.785 
4.583 
h 
3.975 
3.82 
3.743 
3.673 
3.596 
3.489 
3.406 
3.359 
h 
3.099 
3.143 
3.036 
2.967 
2.96 
2.949 
2.929 
2.897 
2.81 
2.756 
h 
2.811 
2.627 
2.597 
2.568 
2.512 
2.414 
2.286 
2.268 
h 
2.672 
2.308 
2.182 
2.153 
2.137 
2.121 
2.12 
2.116 
h 
2.112 
2.087 
2.087 
2.084 
2.08 
2.076 
2.054 
2.076 
h 
1.739 
1.73 
1.725 
1.716 
1.694 
1.658 
1.617 
1.629 
h 
1.479 
1.347 
1.183 
1.1 
1.072 
1.068 
1.065 
1.067 
h 
1.027 
1.002 
0.87 
0.467 
0.084 
