25.67 
25.661 
25.637 
25.593 
25.533 
25.462 
25.432 
25.395 
h 
22.751 
22.62 
22.519 
22.425 
22.228 
21.839 
21.116 
19.913 
h 
17.36 
16.444 
16.121 
16.01 
15.803 
15.481 
15.183 
14.825 
h 
14.481 
14.474 
14.471 
14.467 
14.459 
14.446 
14.427 
14.411 
h 
14.056 
14.036 
14.004 
13.962 
13.895 
13.757 
13.49 
13.014 
h 
11.249 
10.832 
10.544 
11.9 
10.374 
10.246 
10.018 
9.664 
9.303 
9.207 
9.151 
9.175 
h 
9.039 
9.081 
8.93 
8.914 
8.888 
8.843 
8.759 
8.564 
h 
8.248 
8.092 
8.059 
8.044 
8.013 
7.956 
7.851 
7.672 
h 
6.903 
6.865 
6.812 
6.806 
6.783 
6.745 
6.641 
6.495 
h 
6.109 
6.081 
6.028 
5.996 
5.948 
5.898 
5.891 
5.866 
h 
5.755 
5.727 
5.702 
5.691 
5.679 
5.656 
5.612 
5.517 
h 
5.375 
5.366 
5.331 
5.303 
5.26 
5.196 
5.099 
5.008 
h 
