26.009 
25.981 
25.904 
25.76 
25.6 
25.568 
25.53 
25.487 
h 
22.045 
21.727 
21.56 
21.445 
21.211 
20.77 
20.054 
19.278 
h 
17.108 
16.761 
16.139 
15.421 
14.885 
14.0 
12.929 
12.458 
h 
10.675 
10.457 
10.359 
10.242 
10.172 
10.263 
10.054 
9.991 
h 
9.43 
9.457 
9.407 
9.378 
9.337 
9.278 
9.175 
8.966 
h 
7.822 
7.465 
7.259 
7.187 
7.061 
6.812 
6.337 
5.528 
h 
4.106 
4.081 
4.046 
3.969 
3.823 
3.587 
3.606 
3.321 
h 
2.911 
2.892 
2.878 
2.876 
2.868 
2.817 
2.762 
2.66 
h 
2.13 
1.99 
1.842 
1.7 
1.739 
1.639 
1.578 
1.551 
h 
1.457 
1.389 
1.379 
1.379 
1.379 
1.378 
1.376 
1.372 
h 
1.305 
1.294 
1.277 
1.332 
1.341 
1.256 
1.24 
1.214 
1.165 
1.082 
0.96 
0.858 
h 
0.551 
0.782 
0.503 
0.5 
0.492 
0.484 
0.471 
0.449 
0.41 
0.345 
