36.17 
35.563 
33.747 
29.747 
24.604 
24.391 
24.379 
24.37 
h 
22.89 
22.771 
22.64 
22.551 
22.363 
21.996 
21.345 
20.391 
h 
19.254 
19.535 
18.789 
18.586 
18.245 
17.635 
16.726 
16.081 
15.848 
15.684 
h 
14.134 
13.936 
13.67 
13.417 
13.164 
12.632 
11.771 
10.69 
h 
9.133 
9.034 
8.878 
8.672 
8.495 
8.408 
8.263 
8.152 
h 
8.066 
8.035 
8.009 
8.212 
7.989 
7.972 
7.936 
7.869 
7.746 
7.53 
7.237 
6.968 
h 
6.257 
6.177 
6.1 
6.039 
5.997 
5.95 
5.887 
5.792 
h 
5.138 
5.147 
5.099 
5.082 
5.053 
4.988 
4.865 
4.649 
h 
3.947 
4.452 
3.831 
3.8 
3.757 
3.703 
3.639 
3.6 
3.552 
3.528 
h 
3.356 
3.334 
3.302 
3.256 
3.222 
3.26 
3.164 
3.132 
h 
2.989 
2.875 
2.674 
2.587 
2.539 
2.476 
2.385 
2.301 
h 
2.066 
2.053 
2.054 
2.047 
2.024 
2.02 
2.011 
1.993 
h 
1.655 
1.636 
1.671 
1.581 
1.563 
1.546 
1.514 
1.459 
h 
1.279 
1.201 
1.111 
1.067 
1.008 
0.952 
1.011 
0.888 
h 
0.782 
0.653 
0.456 
0.193 
