24.912 
24.909 
24.902 
24.89 
24.88 
24.88 
24.878 
24.875 
h 
24.603 
24.58 
24.514 
24.373 
24.091 
23.585 
22.846 
22.316 
h 
21.607 
21.578 
21.319 
21.088 
20.639 
19.889 
18.942 
18.494 
h 
17.24 
17.075 
17.029 
16.943 
16.818 
16.685 
16.288 
15.95 
h 
15.489 
15.404 
15.367 
15.304 
15.129 
14.874 
14.425 
13.714 
h 
12.406 
12.793 
12.207 
12.139 
12.003 
11.757 
11.379 
10.874 
10.558 
10.748 
h 
10.353 
10.205 
10.147 
10.142 
10.133 
10.115 
10.086 
10.046 
h 
9.929 
9.907 
9.877 
9.835 
9.82 
9.801 
9.768 
9.714 
h 
9.237 
9.161 
9.122 
9.087 
9.024 
8.93 
8.771 
8.537 
h 
