28.341 
28.098 
27.425 
26.207 
25.298 
25.264 
25.212 
25.141 
h 
23.587 
23.527 
23.486 
23.395 
23.209 
22.86 
22.296 
21.705 
h 
20.056 
19.919 
19.683 
19.375 
18.943 
19.534 
17.998 
17.726 
h 
16.902 
16.737 
16.683 
16.627 
16.545 
16.427 
16.251 
16.021 
h 
15.036 
14.978 
14.926 
14.838 
14.705 
14.576 
14.354 
13.939 
h 
12.748 
12.633 
12.467 
12.239 
11.869 
11.829 
12.44 
11.38 
h 
11.212 
11.171 
11.145 
11.114 
11.084 
11.056 
11.029 
11.001 
h 
10.67 
10.521 
10.392 
10.386 
10.381 
10.374 
10.362 
10.339 
h 
9.996 
9.937 
9.887 
9.815 
9.767 
9.704 
9.584 
9.381 
h 
