26.4 26.321 26.104 25.728 25.443 25.395 25.318 25.225 h 25.064 24.906 25.318 24.591 24.198 23.475 22.37 21.46 21.037 20.832 20.752 h 20.537 20.204 19.564 18.491 18.638 18.664 16.48 16.296 h 15.288 15.102 14.989 14.906 14.794 14.614 14.365 13.907 h 12.157 12.18 12.033 11.96 11.841 11.629 11.25 10.67 h 9.85 9.999 9.786 9.764 9.74 9.717 9.692 9.63 9.548 9.471 h 9.245 9.231 9.204 9.177 9.13 9.053 8.946 8.884 h 8.633 8.237 8.219 8.204 8.186 8.165 8.126 8.054 h 
29.293 29.004 28.182 26.565 24.944 24.928 24.916 24.902 h 23.684 23.595 23.541 23.448 23.255 22.886 22.265 21.502 h 18.813 18.527 18.81 17.851 17.477 16.844 15.88 14.836 h 13.394 12.952 12.405 12.332 12.226 12.097 11.91 11.661 h 10.675 10.546 10.421 10.26 10.009 9.684 9.539 8.62 h 7.592 7.522 7.47 7.454 7.431 7.379 7.297 7.136 h 6.829 6.817 6.782 6.779 6.757 6.743 6.717 6.669 h 5.966 5.793 5.637 5.542 5.545 5.462 5.36 5.197 h 4.664 4.53 4.359 4.286 4.16 4.079 4.026 3.981 h 3.68 3.651 3.607 3.577 3.55 3.517 3.477 3.434 h 3.347 3.233 3.206 3.179 3.178 3.167 3.153 3.141 h 3.079 3.04 3.036 3.028 3.031 2.999 2.991 2.98 h 
28.341 28.098 27.425 26.207 25.298 25.264 25.212 25.141 h 23.587 23.527 23.486 23.395 23.209 22.86 22.296 21.705 h 20.056 19.919 19.683 19.375 18.943 19.534 17.998 17.726 h 16.902 16.737 16.683 16.627 16.545 16.427 16.251 16.021 h 15.036 14.978 14.926 14.838 14.705 14.576 14.354 13.939 h 12.748 12.633 12.467 12.239 11.869 11.829 12.44 11.38 h 11.212 11.171 11.145 11.114 11.084 11.056 11.029 11.001 h 10.67 10.521 10.392 10.386 10.381 10.374 10.362 10.339 h 9.996 9.937 9.887 9.815 9.767 9.704 9.584 9.381 h 
25.537 25.534 25.524 25.503 25.461 25.387 25.287 25.194 h 23.922 23.806 23.711 23.519 23.139 22.484 21.679 21.429 h 17.745 17.413 17.216 16.997 16.588 16.002 15.301 14.747 h 14.562 14.556 14.538 14.521 14.499 14.458 14.392 14.315 h 13.905 13.868 13.827 13.763 13.629 13.362 12.854 11.931 h 9.434 9.319 8.926 8.685 8.547 8.411 8.207 7.915 h 7.536 7.478 7.436 7.394 7.328 7.249 7.137 6.942 h 6.148 5.911 5.99 5.764 5.738 5.694 5.623 5.495 h 4.664 4.687 4.633 4.623 4.603 4.565 4.506 4.444 h 4.117 4.07 3.977 3.882 3.792 3.711 3.692 3.656 h 3.486 3.472 3.453 3.427 3.377 3.335 3.35 3.295 h 3.076 3.027 2.972 2.987 2.998 2.912 2.888 2.845 h 2.761 2.744 2.735 2.72 2.728 2.711 2.702 2.68 h 
25.212 25.21 25.204 25.192 25.17 25.14 25.082 24.984 h 23.631 24.294 23.455 23.292 22.964 22.375 21.516 20.877 20.394 20.078 h 17.459 17.301 16.986 16.724 16.262 15.55 14.531 13.601 h 12.506 13.158 12.424 12.251 12.192 12.125 12.011 11.874 11.725 11.708 h 11.301 11.248 11.157 11.004 10.794 10.693 11.067 10.226 h 9.736 9.695 9.673 9.664 9.648 9.619 9.566 9.47 h 
28.148 28.003 27.602 26.865 26.171 26.103 26.001 25.873 h 23.94 23.762 23.549 23.196 22.545 21.461 20.224 19.941 h 17.556 16.992 16.428 16.244 15.972 15.489 14.808 14.005 h 13.168 13.087 12.918 12.764 12.641 12.509 12.402 12.354 h 12.157 12.138 12.125 12.117 12.102 12.076 12.026 11.937 h 11.486 11.38 11.242 11.114 11.083 11.052 11.026 10.994 h 
25.807 25.748 25.591 25.323 25.155 25.145 25.124 25.086 h 23.686 23.523 23.458 23.33 23.072 22.59 21.834 21.152 h 19.66 19.231 19.192 19.098 18.907 18.564 18.015 17.294 h 15.173 14.536 13.865 16.942 13.486 13.069 12.895 12.592 12.165 11.89 11.741 11.519 h 11.004 11.176 11.283 10.825 10.788 10.759 10.697 10.6 10.518 10.463 h 10.249 10.229 10.204 10.196 10.189 10.178 10.162 10.137 h 9.542 9.481 9.485 9.467 9.455 9.43 9.383 9.301 h 
29.009 28.719 27.897 26.319 24.969 24.948 24.925 24.9 h 22.468 22.352 22.231 22.132 21.972 21.653 21.147 20.568 h 18.506 17.982 18.407 17.612 17.409 17.079 16.591 16.143 h 15.198 15.053 14.878 14.755 14.544 14.242 13.895 13.429 h 12.324 12.108 11.842 11.594 11.507 11.008 10.359 9.314 h 7.787 7.733 7.712 7.693 7.675 7.65 7.658 7.633 h 6.997 6.985 6.971 6.964 6.935 6.884 6.821 6.72 h 6.056 6.023 5.966 5.917 5.877 5.825 5.729 5.63 h 5.138 5.078 5.059 5.053 5.042 5.017 4.973 4.901 h 4.54 4.463 4.705 4.437 4.428 4.409 4.37 4.297 4.175 4.016 3.958 h 3.849 3.789 3.747 3.734 3.714 3.681 3.634 3.609 h 3.184 3.128 3.094 3.094 3.075 3.022 2.932 2.81 h 2.353 2.385 2.218 2.18 2.139 2.118 2.098 2.088 2.057 2.04 h 2.01 1.983 1.96 1.935 2.068 1.92 1.891 1.848 1.766 1.605 1.368 1.22 1.242 h 1.091 1.054 1.012 0.961 0.914 0.902 0.882 0.865 h 0.668 0.636 0.592 0.54 0.495 
25.07 25.034 24.938 24.771 24.665 24.663 24.661 24.658 h 24.014 23.987 23.924 23.781 23.49 22.946 22.077 21.199 h 19.47 19.194 19.022 18.779 18.43 17.815 16.988 16.561 h 15.912 15.756 15.599 15.521 15.42 15.275 15.051 14.848 h 13.545 13.534 13.511 13.479 13.418 13.318 13.172 12.961 h 12.687 12.582 12.45 12.297 12.22 12.233 11.883 11.672 h 
27.307 27.115 26.59 25.661 25.074 25.053 25.043 25.031 h 22.835 22.599 22.399 22.303 22.105 21.724 21.075 20.241 h 18.919 18.368 17.818 18.077 17.214 16.694 15.856 14.824 h 13.41 13.659 13.307 13.262 13.199 13.085 12.911 12.673 12.538 12.392 h 11.253 11.153 11.271 10.94 10.749 10.402 9.815 8.903 h 7.454 7.239 7.205 7.191 7.169 7.128 7.052 6.926 h 6.353 6.24 6.181 6.091 5.955 5.942 5.729 5.564 h 4.98 4.966 4.944 4.909 4.842 4.835 4.819 4.799 h 4.506 4.472 4.428 4.377 4.34 4.284 4.227 4.177 h 4.003 3.946 3.895 3.859 3.833 3.81 3.777 3.721 h 
25.762 25.711 25.574 25.331 25.142 25.093 25.019 24.945 h 23.095 22.867 22.821 22.72 22.514 22.121 21.626 21.797 h 20.699 20.559 20.441 20.225 19.865 19.381 19.469 19.443 h 18.025 17.906 17.79 17.692 17.557 17.317 16.94 16.34 h 13.845 13.791 13.748 13.549 13.414 13.165 12.749 12.21 h 11.879 11.838 11.82 11.799 11.773 11.826 12.989 11.695 11.685 11.668 11.649 11.641 11.627 11.607 11.595 h 11.111 11.061 11.029 11.02 10.989 10.953 10.897 10.814 h 10.407 10.498 10.398 10.382 10.371 10.349 10.308 10.233 h 
25.863 25.798 25.625 25.327 25.098 25.077 25.038 24.979 h 24.003 23.982 23.868 23.683 23.314 22.657 21.729 21.24 h 21.076 21.032 20.916 20.768 20.513 20.089 19.471 18.92 h 16.847 16.583 16.093 15.237 14.201 15.24 13.008 12.884 h 11.502 11.466 11.397 11.284 11.11 10.907 10.687 10.539 h 9.752 9.695 9.623 9.56 9.529 9.475 9.372 9.202 h 8.967 8.817 8.759 8.672 8.579 8.55 8.466 8.398 h 8.018 7.989 7.951 7.934 7.903 7.855 7.776 7.648 h 
26.61 26.48 26.121 25.477 25.017 25.003 24.997 24.985 h 23.66 23.559 23.498 23.376 23.127 22.638 21.75 20.383 h 16.977 19.195 16.592 16.446 16.27 15.955 15.485 15.124 15.03 15.005 h 14.512 14.504 14.484 14.444 14.362 14.207 13.949 13.542 h 11.324 11.227 11.104 10.917 10.71 10.39 9.877 9.139 h 7.703 7.524 7.448 7.434 7.404 7.351 7.265 7.137 h 6.41 6.371 6.341 6.328 6.295 6.231 6.127 6.028 h 5.753 5.672 5.634 5.617 5.585 5.583 5.522 5.456 h 5.211 5.057 5.02 4.957 4.947 4.927 4.889 4.833 h 4.458 4.331 4.306 4.289 4.264 4.217 4.122 3.957 h 3.503 3.299 3.18 3.159 3.127 3.109 3.073 3.092 h 2.998 3.002 2.996 2.985 2.968 2.945 2.907 2.892 h 2.662 2.601 2.556 2.495 2.959 2.487 2.447 2.39 2.292 2.164 1.983 1.931 1.896 h 1.49 1.48 1.465 1.44 1.398 1.38 1.343 1.3 h 1.063 1.034 0.999 0.964 0.949 0.945 0.939 0.933 h 0.911 0.902 0.891 0.884 0.883 0.907 0.879 0.875 h 0.783 0.76 0.713 0.651 0.559 0.519 0.499 0.474 h 0.349 0.292 
28.125 27.881 27.201 25.95 25.069 25.035 25.032 25.027 h 22.854 22.538 22.268 22.184 22.008 21.655 20.995 19.894 h 16.604 19.398 16.318 16.151 15.831 15.299 14.482 13.558 13.307 13.255 h 12.367 12.325 12.243 12.136 12.102 12.024 11.901 11.707 h 11.014 10.921 10.751 10.477 10.266 10.007 9.493 9.01 h 8.31 8.242 8.232 8.229 8.215 8.205 8.18 8.138 h 7.945 7.916 7.898 7.874 7.821 7.725 7.554 7.247 h 6.532 6.455 6.371 6.247 6.165 6.112 6.087 6.026 h 5.275 5.24 5.212 5.176 5.142 5.104 5.042 4.959 h 4.836 4.782 4.774 4.765 4.758 4.733 4.69 4.615 h 4.165 4.043 3.959 3.942 3.924 3.89 3.827 3.748 h 2.95 2.855 2.771 2.641 2.453 2.262 2.518 2.058 h 1.52 1.446 1.396 1.344 1.317 1.265 1.208 1.118 h 0.833 0.863 0.768 0.75 0.728 0.715 0.793 0.708 0.704 0.696 h 0.506 0.504 0.501 0.498 0.496 0.492 0.486 0.469 h 0.273 
25.67 25.661 25.637 25.593 25.533 25.462 25.432 25.395 h 22.751 22.62 22.519 22.425 22.228 21.839 21.116 19.913 h 17.36 16.444 16.121 16.01 15.803 15.481 15.183 14.825 h 14.481 14.474 14.471 14.467 14.459 14.446 14.427 14.411 h 14.056 14.036 14.004 13.962 13.895 13.757 13.49 13.014 h 11.249 10.832 10.544 11.9 10.374 10.246 10.018 9.664 9.303 9.207 9.151 9.175 h 9.039 9.081 8.93 8.914 8.888 8.843 8.759 8.564 h 8.248 8.092 8.059 8.044 8.013 7.956 7.851 7.672 h 6.903 6.865 6.812 6.806 6.783 6.745 6.641 6.495 h 6.109 6.081 6.028 5.996 5.948 5.898 5.891 5.866 h 5.755 5.727 5.702 5.691 5.679 5.656 5.612 5.517 h 5.375 5.366 5.331 5.303 5.26 5.196 5.099 5.008 h 
31.941 31.568 30.472 28.139 25.216 25.081 25.059 25.031 h 22.641 22.462 22.376 22.269 22.09 21.732 21.158 20.471 h 17.639 17.738 17.452 17.313 17.038 16.561 15.915 15.507 h 14.191 14.145 14.108 14.062 13.968 13.789 13.48 13.091 h 12.296 12.176 12.199 11.942 11.596 11.038 10.099 8.894 h 7.26 7.122 6.904 6.795 6.683 6.561 6.381 6.203 h 5.56 5.466 5.394 5.379 5.35 5.312 5.264 5.193 h 4.945 4.936 4.893 4.868 4.821 4.739 4.598 4.433 h 4.09 3.728 3.431 3.354 3.302 3.218 3.128 3.059 h 2.717 2.639 2.542 2.493 2.471 2.428 2.386 2.323 h 2.122 2.117 2.082 2.056 2.046 2.001 1.996 1.987 h 1.834 1.791 1.728 1.724 1.691 1.676 1.657 1.621 h 1.304 1.188 1.121 1.114 1.096 1.072 1.043 1.005 h 0.901 0.873 0.887 0.863 0.857 0.843 0.817 0.766 h 0.441 
25.309 25.267 25.152 24.954 24.824 24.815 24.8 24.785 h 24.517 24.486 24.395 24.195 23.799 23.094 22.127 21.71 h 19.966 19.434 19.121 18.723 18.018 16.798 15.134 14.157 h 14.101 12.487 12.349 12.314 12.25 12.136 11.945 11.698 h 10.813 10.654 10.64 10.618 10.537 10.481 10.392 10.237 h 9.938 9.721 9.586 9.492 9.484 9.36 9.247 9.183 h 9.01 8.94 8.842 8.979 8.807 8.758 8.67 8.537 h 
27.693 27.493 26.937 25.912 25.1 25.08 25.047 25.001 h 22.844 22.738 22.686 22.608 22.444 22.122 21.597 21.5 h 20.036 19.905 19.766 19.584 19.225 18.592 17.73 16.598 h 14.62 13.628 13.375 13.153 12.722 11.951 10.777 9.403 h 8.517 8.384 8.285 8.241 8.179 8.127 8.049 7.95 h 7.623 7.632 7.604 7.6 7.587 7.576 7.559 7.544 h 7.256 7.203 7.197 7.19 7.183 7.169 7.145 7.113 h 6.911 6.852 6.851 6.842 6.826 6.814 6.794 6.817 h 
26.048 26.031 25.986 25.901 25.79 25.682 25.637 25.564 h 23.623 23.206 23.155 23.049 22.835 22.454 21.871 21.268 h 18.688 18.456 18.314 18.102 17.712 17.119 16.349 15.861 h 14.274 13.93 13.612 13.142 12.276 10.906 8.999 7.34 h 6.4 6.388 6.396 6.395 6.386 6.367 6.334 6.295 h 6.147 6.122 6.105 6.1 6.093 6.076 6.045 5.998 h 5.32 5.333 5.151 5.114 5.064 4.968 4.785 4.583 h 3.975 3.82 3.743 3.673 3.596 3.489 3.406 3.359 h 3.099 3.143 3.036 2.967 2.96 2.949 2.929 2.897 2.81 2.756 h 2.811 2.627 2.597 2.568 2.512 2.414 2.286 2.268 h 2.672 2.308 2.182 2.153 2.137 2.121 2.12 2.116 h 2.112 2.087 2.087 2.084 2.08 2.076 2.054 2.076 h 1.739 1.73 1.725 1.716 1.694 1.658 1.617 1.629 h 1.479 1.347 1.183 1.1 1.072 1.068 1.065 1.067 h 1.027 1.002 0.87 0.467 0.084 
25.934 25.847 25.611 25.2 24.896 24.89 24.878 24.857 h 23.024 22.616 22.465 22.429 22.348 22.187 21.889 21.416 h 20.509 19.816 19.699 19.2 18.752 17.931 16.681 15.466 h 13.574 16.132 13.957 13.513 13.372 13.267 13.087 12.831 12.678 12.772 h 11.82 11.755 11.724 11.66 11.525 11.257 10.749 9.894 h 8.047 7.932 7.849 7.769 7.706 7.613 7.514 7.463 h 6.871 6.834 6.806 6.791 6.781 6.759 6.714 6.634 h 6.128 6.065 5.997 5.952 5.898 5.833 5.775 5.726 h 5.386 5.361 5.322 5.301 5.27 5.215 5.146 5.027 h 
