25.762 
25.711 
25.574 
25.331 
25.142 
25.093 
25.019 
24.945 
h 
23.095 
22.867 
22.821 
22.72 
22.514 
22.121 
21.626 
21.797 
h 
20.699 
20.559 
20.441 
20.225 
19.865 
19.381 
19.469 
19.443 
h 
18.025 
17.906 
17.79 
17.692 
17.557 
17.317 
16.94 
16.34 
h 
13.845 
13.791 
13.748 
13.549 
13.414 
13.165 
12.749 
12.21 
h 
11.879 
11.838 
11.82 
11.799 
11.773 
11.826 
12.989 
11.695 
11.685 
11.668 
11.649 
11.641 
11.627 
11.607 
11.595 
h 
11.111 
11.061 
11.029 
11.02 
10.989 
10.953 
10.897 
10.814 
h 
10.407 
10.498 
10.398 
10.382 
10.371 
10.349 
10.308 
10.233 
h 
