27.307 
27.115 
26.59 
25.661 
25.074 
25.053 
25.043 
25.031 
h 
22.835 
22.599 
22.399 
22.303 
22.105 
21.724 
21.075 
20.241 
h 
18.919 
18.368 
17.818 
18.077 
17.214 
16.694 
15.856 
14.824 
h 
13.41 
13.659 
13.307 
13.262 
13.199 
13.085 
12.911 
12.673 
12.538 
12.392 
h 
11.253 
11.153 
11.271 
10.94 
10.749 
10.402 
9.815 
8.903 
h 
7.454 
7.239 
7.205 
7.191 
7.169 
7.128 
7.052 
6.926 
h 
6.353 
6.24 
6.181 
6.091 
5.955 
5.942 
5.729 
5.564 
h 
4.98 
4.966 
4.944 
4.909 
4.842 
4.835 
4.819 
4.799 
h 
4.506 
4.472 
4.428 
4.377 
4.34 
4.284 
4.227 
4.177 
h 
4.003 
3.946 
3.895 
3.859 
3.833 
3.81 
3.777 
3.721 
h 
