26.381 
26.369 
26.334 
26.265 
26.151 
26.032 
25.973 
25.876 
h 
23.336 
22.868 
22.782 
22.636 
22.354 
21.837 
21.056 
20.435 
h 
19.419 
19.227 
18.992 
18.636 
18.225 
17.768 
16.914 
16.195 
h 
14.895 
14.717 
14.56 
14.249 
13.699 
12.809 
11.994 
10.909 
h 
9.463 
9.121 
8.939 
8.788 
8.717 
8.594 
8.433 
8.27 
h 
8.114 
8.071 
8.028 
7.997 
8.034 
7.912 
7.816 
7.642 
h 
7.131 
7.094 
6.964 
6.925 
6.869 
6.827 
6.804 
6.747 
h 
6.243 
6.185 
6.199 
6.161 
6.154 
6.142 
6.12 
6.083 
h 
5.619 
5.588 
5.565 
5.551 
5.535 
5.508 
5.457 
5.382 
h 
5.07 
5.896 
4.968 
4.961 
4.956 
4.939 
4.907 
4.849 
4.743 
4.565 
h 
3.83 
4.135 
3.796 
3.843 
3.764 
3.751 
3.726 
3.687 
3.615 
3.558 
h 
3.388 
3.363 
3.333 
3.319 
3.306 
3.313 
3.303 
3.297 
h 
3.164 
3.15 
3.129 
3.109 
3.1 
3.097 
3.084 
3.06 
h 
2.947 
2.937 
2.898 
2.866 
2.838 
2.797 
2.753 
2.709 
h 
2.419 
2.399 
2.367 
2.348 
2.385 
2.297 
2.268 
2.218 
h 
1.736 
1.707 
1.542 
1.439 
1.411 
1.375 
1.32 
1.229 
h 
0.828 
0.816 
0.769 
0.753 
0.727 
0.688 
0.651 
0.616 
h 
0.536 
0.459 
0.384 
0.288 
