26.05 
25.92 
25.573 
24.986 
24.609 
24.591 
24.554 
24.486 
h 
23.592 
23.648 
23.521 
23.423 
23.228 
22.881 
22.403 
22.134 
h 
20.175 
20.294 
19.988 
19.732 
19.549 
19.208 
18.672 
18.148 
h 
17.488 
17.064 
16.843 
16.827 
16.805 
16.759 
16.674 
16.535 
h 
15.154 
15.135 
15.102 
15.035 
14.907 
14.683 
14.284 
13.676 
h 
13.066 
12.863 
12.601 
12.411 
12.301 
12.217 
12.087 
11.943 
h 
11.883 
11.856 
11.813 
11.755 
11.828 
11.858 
11.653 
11.58 
h 
11.076 
10.952 
10.857 
10.962 
10.754 
10.683 
10.577 
10.449 
h 
10.031 
10.013 
9.998 
9.971 
9.934 
9.853 
9.778 
9.592 
h 
9.069 
8.965 
8.846 
8.717 
8.665 
8.625 
8.547 
8.467 
h 
8.174 
8.207 
8.132 
8.128 
8.116 
8.098 
8.059 
7.998 
h 
7.716 
7.615 
7.594 
7.559 
7.502 
7.424 
7.296 
7.199 
h 
7.109 
7.077 
7.044 
7.011 
6.956 
6.863 
6.738 
6.427 
h 
5.957 
5.717 
5.643 
5.617 
5.581 
5.519 
5.427 
5.278 
h 
5.047 
4.909 
4.82 
4.669 
4.74 
4.481 
4.387 
4.249 
h 
3.824 
3.742 
3.652 
3.545 
3.406 
3.488 
3.158 
3.047 
h 
2.777 
2.704 
2.669 
2.625 
2.571 
2.492 
2.394 
2.308 
h 
2.345 
2.329 
2.145 
2.109 
2.086 
2.068 
2.069 
2.05 
h 
2.029 
2.015 
1.995 
1.989 
1.971 
1.96 
1.947 
1.923 
h 
1.746 
1.705 
1.646 
1.596 
1.579 
1.595 
1.561 
1.547 
h 
1.442 
1.423 
1.396 
1.377 
1.361 
1.341 
1.307 
1.255 
h 
0.996 
0.927 
0.842 
0.804 
0.786 
0.757 
0.774 
0.743 
h 
0.595 
0.59 
0.585 
0.579 
0.571 
0.563 
0.554 
0.538 
h 
0.32 
