29.028 
28.716 
27.848 
26.246 
25.063 
25.032 
25.011 
24.986 
h 
24.851 
24.802 
24.711 
24.534 
24.178 
23.536 
22.616 
22.09 
h 
19.628 
19.381 
19.131 
18.908 
18.634 
18.29 
17.796 
17.261 
h 
16.529 
16.6 
16.563 
16.478 
16.432 
16.366 
16.261 
16.126 
h 
15.855 
15.813 
15.744 
15.655 
15.549 
15.347 
14.974 
14.375 
h 
13.263 
13.294 
13.167 
13.079 
12.998 
12.867 
12.644 
12.372 
h 
12.138 
12.112 
12.076 
12.041 
11.99 
11.922 
11.848 
11.686 
h 
11.279 
11.149 
10.956 
10.857 
10.72 
10.641 
10.477 
10.28 
h 
10.168 
10.137 
10.021 
9.899 
9.838 
9.742 
9.533 
9.298 
h 
9.013 
8.932 
8.972 
8.916 
8.837 
8.814 
8.777 
8.713 
h 
8.369 
8.311 
8.224 
8.16 
8.071 
7.938 
7.739 
7.426 
h 
7.709 
6.786 
6.754 
6.676 
6.612 
6.536 
6.467 
6.416 
h 
