37.942 
37.455 
35.961 
32.41 
26.293 
25.438 
24.999 
24.978 
h 
23.203 
23.052 
22.999 
22.878 
22.632 
22.18 
21.561 
21.178 
h 
18.548 
18.426 
18.349 
18.215 
17.985 
17.701 
17.385 
17.018 
h 
16.768 
16.579 
16.434 
16.185 
15.689 
14.797 
13.528 
12.547 
h 
12.123 
11.36 
11.211 
11.166 
11.103 
11.039 
10.961 
10.9 
h 
10.725 
10.699 
10.688 
10.683 
10.675 
10.66 
10.635 
10.589 
h 
9.892 
9.623 
9.615 
9.607 
9.591 
9.562 
9.501 
9.406 
h 
8.558 
8.506 
8.477 
8.476 
8.446 
8.428 
8.394 
8.341 
h 
8.203 
8.171 
8.158 
8.139 
8.127 
8.119 
8.106 
8.085 
h 
7.832 
7.826 
7.789 
7.767 
7.743 
7.706 
7.644 
7.545 
h 
7.177 
7.134 
7.08 
7.055 
7.025 
6.983 
6.913 
6.802 
h 
6.457 
6.332 
6.214 
6.129 
6.003 
5.883 
5.765 
5.626 
h 
5.138 
5.102 
5.072 
5.046 
5.028 
5.029 
5.006 
4.984 
h 
4.774 
4.747 
4.719 
4.69 
4.684 
4.679 
4.676 
4.667 
h 
4.321 
4.332 
4.307 
4.309 
4.301 
4.29 
4.272 
4.244 
h 
3.829 
3.81 
3.806 
3.803 
3.796 
3.785 
3.769 
3.746 
h 
3.597 
3.581 
3.566 
3.561 
3.557 
3.549 
3.533 
3.509 
h 
3.131 
3.134 
3.11 
3.11 
3.094 
3.086 
3.071 
3.043 
h 
2.831 
2.822 
2.745 
2.712 
2.69 
2.665 
2.623 
2.563 
h 
2.345 
2.361 
2.252 
2.248 
2.24 
2.227 
2.205 
2.178 
h 
2.175 
2.025 
2.001 
1.984 
1.974 
1.971 
1.952 
1.945 
h 
1.671 
1.642 
1.612 
1.589 
1.589 
1.559 
1.535 
1.486 
h 
1.339 
1.174 
0.921 
0.774 
0.752 
0.875 
0.789 
0.731 
h 
0.709 
0.703 
0.701 
0.7 
0.698 
0.696 
0.692 
0.688 
h 
0.642 
0.577 
0.566 
0.566 
0.564 
0.559 
0.55 
0.532 
h 
