33.856 
33.464 
32.301 
29.767 
26.292 
25.84 
25.772 
25.652 
h 
24.4 
24.137 
23.922 
23.602 
23.083 
22.379 
21.513 
21.269 
h 
20.316 
20.171 
19.956 
19.666 
19.134 
18.277 
17.291 
16.588 
h 
16.231 
16.22 
16.21 
16.19 
16.154 
16.091 
15.99 
15.883 
h 
15.161 
15.451 
15.09 
15.05 
14.995 
14.901 
14.749 
14.523 
14.345 
14.254 
h 
13.447 
13.392 
13.34 
13.313 
13.276 
13.203 
13.075 
12.881 
h 
12.585 
12.551 
12.528 
12.521 
12.513 
12.492 
12.475 
12.467 
h 
12.174 
12.158 
12.133 
12.099 
12.125 
12.086 
12.031 
11.99 
h 
11.73 
11.693 
11.664 
11.631 
11.576 
11.484 
11.387 
11.165 
h 
10.769 
10.701 
10.643 
10.655 
10.578 
10.526 
10.442 
10.32 
h 
10.13 
10.062 
9.997 
9.935 
9.853 
9.726 
9.509 
9.178 
h 
8.261 
8.196 
8.189 
8.198 
8.206 
8.187 
8.154 
8.116 
h 
