24.719 
24.669 
24.536 
24.305 
24.151 
24.142 
24.128 
24.11 
h 
22.627 
22.45 
22.374 
22.348 
22.3 
22.206 
22.026 
21.718 
h 
20.173 
20.088 
19.815 
19.656 
19.338 
18.762 
17.937 
17.674 
h 
16.773 
16.577 
16.398 
16.345 
16.306 
16.23 
16.156 
16.08 
h 
15.874 
15.763 
15.694 
15.612 
15.572 
15.505 
15.421 
15.346 
h 
15.13 
15.117 
15.104 
15.087 
15.056 
15.0 
14.923 
14.794 
h 
13.996 
13.978 
13.947 
13.91 
13.872 
13.803 
13.737 
13.621 
h 
12.866 
12.768 
12.689 
12.663 
12.612 
12.515 
12.402 
12.245 
h 
11.509 
11.377 
11.252 
11.406 
11.236 
11.215 
11.176 
11.107 
h 
10.549 
10.544 
10.496 
10.481 
10.452 
10.398 
10.315 
10.176 
h 
9.931 
9.766 
9.712 
9.692 
9.657 
9.609 
9.57 
9.526 
h 
9.474 
9.439 
9.418 
9.388 
9.34 
9.267 
9.142 
8.98 
h 
