24.992 
24.97 
24.91 
24.803 
24.712 
24.703 
24.689 
24.66 
h 
22.851 
22.497 
22.458 
22.391 
22.248 
21.967 
21.461 
20.702 
h 
19.522 
20.756 
19.364 
19.223 
19.012 
18.655 
18.138 
17.737 
17.683 
17.672 
h 
16.293 
16.211 
16.147 
16.038 
15.898 
15.949 
15.579 
15.358 
h 
14.749 
14.631 
14.542 
14.491 
14.414 
14.364 
14.376 
14.33 
h 
13.957 
13.897 
13.823 
13.793 
13.758 
13.731 
13.739 
13.712 
h 
12.843 
12.836 
12.805 
12.75 
12.694 
12.645 
12.575 
12.461 
h 
12.059 
11.926 
11.813 
11.772 
11.746 
11.708 
11.677 
11.663 
h 
11.334 
11.31 
11.292 
11.266 
11.224 
11.166 
11.072 
10.93 
h 
10.641 
10.594 
10.528 
10.43 
10.316 
10.238 
10.303 
10.208 
h 
9.97 
9.902 
9.805 
9.692 
9.526 
9.29 
9.468 
9.501 
h 
