39.291 
38.728 
37.001 
32.91 
25.972 
24.973 
24.609 
24.596 
h 
24.014 
23.975 
23.911 
23.764 
23.473 
22.954 
22.212 
21.752 
h 
18.625 
18.479 
18.398 
18.273 
18.013 
17.531 
16.772 
16.05 
h 
15.797 
15.815 
15.77 
15.764 
15.752 
15.73 
15.694 
15.65 
h 
15.397 
15.38 
15.362 
15.33 
15.27 
15.174 
15.047 
14.861 
h 
14.437 
14.41 
14.356 
14.335 
14.304 
14.258 
14.196 
14.148 
h 
13.802 
13.766 
13.732 
13.676 
13.579 
13.427 
13.386 
13.287 
h 
13.133 
12.752 
12.7 
12.656 
12.592 
12.482 
12.314 
12.205 
h 
12.35 
12.039 
12.023 
11.995 
11.957 
11.907 
11.894 
11.877 
h 
11.614 
11.594 
11.574 
11.556 
11.527 
11.482 
11.403 
11.314 
h 
10.67 
10.661 
10.652 
10.634 
10.608 
10.581 
10.603 
10.564 
h 
10.244 
10.233 
10.22 
10.205 
10.182 
10.143 
10.066 
9.918 
h 
