33.773 
33.336 
32.032 
29.159 
25.193 
24.932 
24.901 
24.901 
h 
23.915 
23.838 
23.673 
23.476 
23.386 
23.318 
23.232 
23.079 
h 
20.888 
20.775 
20.715 
20.671 
20.587 
20.444 
20.248 
20.135 
h 
20.003 
19.971 
19.953 
19.921 
19.88 
19.845 
19.828 
19.816 
h 
19.574 
19.552 
19.529 
19.489 
19.426 
19.319 
19.123 
18.816 
h 
17.303 
17.36 
17.113 
17.08 
17.023 
16.928 
16.794 
16.6 
h 
15.898 
15.81 
15.734 
15.684 
15.638 
15.593 
15.56 
15.503 
h 
15.155 
15.102 
15.074 
15.039 
14.987 
14.886 
14.698 
14.381 
h 
13.535 
13.509 
13.348 
13.169 
13.074 
12.975 
12.83 
12.7 
h 
12.608 
12.452 
12.427 
12.405 
12.383 
12.343 
12.289 
12.231 
h 
