29.649 
29.339 
28.47 
26.838 
25.529 
25.426 
25.269 
25.071 
h 
24.683 
24.604 
24.5 
24.329 
24.005 
23.466 
22.736 
22.334 
h 
21.436 
21.048 
20.918 
20.769 
20.113 
19.491 
18.656 
18.285 
h 
16.934 
16.867 
16.825 
16.771 
16.691 
16.548 
16.321 
16.077 
h 
15.289 
15.154 
15.186 
15.121 
15.049 
14.937 
14.736 
14.401 
h 
13.851 
13.845 
13.635 
13.544 
13.424 
13.288 
13.137 
13.035 
h 
12.524 
12.431 
12.35 
12.446 
12.248 
12.171 
12.039 
11.863 
h 
11.101 
11.05 
11.023 
10.987 
10.924 
10.82 
10.693 
10.637 
h 
9.945 
9.812 
9.781 
9.768 
9.744 
9.707 
9.664 
9.612 
h 
9.484 
9.39 
9.271 
9.333 
9.365 
9.129 
8.948 
8.814 
h 
8.182 
8.04 
7.92 
7.883 
7.864 
7.846 
7.818 
7.797 
h 
7.227 
7.2 
7.169 
7.115 
7.015 
6.848 
6.799 
6.405 
h 
5.583 
5.503 
5.361 
5.14 
4.839 
4.52 
4.5 
4.195 
h 
3.982 
3.854 
3.666 
3.439 
3.164 
2.895 
3.351 
2.79 
h 
2.531 
2.485 
2.423 
2.385 
2.329 
2.266 
2.191 
2.599 
2.315 
2.239 
2.214 
2.208 
2.193 
2.17 
2.147 
2.125 
h 
2.059 
2.039 
2.036 
2.028 
2.026 
2.024 
2.019 
2.023 
h 
1.995 
1.987 
1.982 
1.975 
1.974 
1.954 
1.948 
1.944 
h 
1.844 
1.842 
1.832 
1.828 
1.823 
1.816 
1.804 
1.781 
h 
1.556 
1.465 
1.331 
1.26 
1.241 
1.225 
1.206 
1.196 
h 
0.988 
0.96 
0.934 
0.925 
0.912 
0.889 
0.851 
0.798 
h 
0.503 
0.558 
0.329 
0.233 
