32.84 
32.521 
31.562 
29.371 
25.741 
25.211 
24.936 
24.926 
h 
24.144 
24.115 
24.079 
23.998 
23.832 
23.526 
23.045 
22.592 
h 
20.881 
20.794 
20.672 
20.564 
20.392 
20.153 
19.776 
19.392 
h 
18.987 
18.89 
18.851 
18.794 
18.674 
18.51 
18.223 
17.811 
h 
16.637 
16.432 
16.213 
16.172 
16.828 
15.826 
15.693 
15.463 
15.155 
15.01 
14.949 
15.024 
14.921 
h 
14.844 
14.788 
14.713 
14.692 
14.689 
14.683 
14.671 
14.661 
h 
14.107 
14.058 
14.039 
14.01 
13.997 
13.984 
13.952 
13.913 
h 
13.174 
13.166 
13.166 
13.157 
13.137 
13.089 
13.003 
12.872 
h 
12.424 
12.428 
12.346 
12.326 
12.295 
12.247 
12.183 
12.107 
h 
11.914 
11.727 
11.589 
11.503 
11.384 
11.208 
10.987 
10.764 
h 
10.7 
10.589 
10.537 
10.528 
10.516 
10.501 
10.478 
10.445 
h 
10.234 
10.204 
10.171 
10.228 
10.119 
10.056 
9.949 
9.786 
h 
8.669 
8.661 
8.637 
8.579 
8.527 
8.473 
8.359 
8.246 
h 
7.845 
7.808 
7.793 
7.784 
7.773 
7.753 
7.726 
7.728 
h 
7.467 
7.421 
7.365 
7.351 
7.342 
7.325 
7.302 
7.275 
h 
7.169 
7.133 
7.078 
6.99 
6.855 
6.84 
6.811 
6.702 
h 
6.445 
6.416 
6.386 
6.372 
6.357 
6.334 
6.292 
6.224 
h 
5.581 
5.547 
5.53 
5.668 
5.518 
5.504 
5.477 
5.429 
5.346 
5.227 
5.252 
5.201 
h 
5.182 
5.096 
5.076 
5.071 
5.062 
5.053 
5.043 
5.022 
h 
4.872 
5.093 
4.845 
4.844 
4.833 
4.802 
4.756 
4.69 
4.581 
4.408 
h 
3.648 
3.818 
3.515 
3.478 
3.456 
3.426 
3.38 
3.33 
3.249 
3.13 
h 
2.906 
2.917 
2.891 
2.849 
2.829 
2.8 
2.766 
2.708 
h 
2.45 
2.457 
2.395 
2.351 
2.32 
2.303 
2.288 
2.263 
h 
2.047 
2.022 
2.014 
2.011 
2.008 
2.0 
1.991 
1.977 
h 
1.786 
1.768 
1.814 
1.697 
1.69 
1.678 
1.662 
1.641 
1.606 
1.552 
1.479 
h 
