32.975 
32.559 
31.326 
28.656 
25.183 
24.998 
24.969 
24.948 
h 
23.206 
23.073 
23.022 
22.957 
22.833 
22.601 
22.239 
21.637 
h 
19.987 
19.762 
25.289 
19.066 
18.809 
18.49 
18.06 
17.717 
17.667 
17.636 
17.6 
h 
17.205 
17.085 
17.001 
16.937 
16.936 
16.914 
16.892 
16.852 
h 
16.672 
16.605 
16.541 
16.47 
16.386 
16.232 
15.987 
15.877 
h 
14.861 
14.799 
14.704 
14.656 
14.55 
14.448 
14.288 
14.075 
h 
13.809 
13.769 
13.73 
13.685 
13.646 
13.559 
13.42 
13.237 
h 
12.717 
12.647 
12.616 
12.587 
12.541 
12.468 
12.343 
12.148 
h 
11.141 
11.122 
11.089 
11.031 
10.973 
10.872 
10.7 
10.448 
h 
10.169 
10.034 
9.962 
9.855 
9.723 
9.621 
9.524 
9.406 
h 
8.917 
8.892 
8.875 
8.852 
8.817 
8.775 
8.718 
8.596 
h 
7.686 
7.667 
7.643 
7.599 
7.539 
7.476 
7.323 
7.121 
h 
6.22 
6.199 
6.341 
6.109 
6.08 
6.023 
5.921 
5.779 
5.573 
5.481 
5.433 
h 
5.265 
5.195 
5.145 
5.097 
5.059 
5.004 
4.933 
4.829 
h 
4.625 
4.521 
4.472 
4.457 
4.449 
4.42 
4.371 
4.284 
h 
4.044 
3.829 
3.789 
3.77 
3.738 
3.686 
3.627 
3.553 
h 
3.41 
3.328 
3.298 
3.266 
3.261 
3.24 
3.212 
3.167 
h 
2.816 
2.768 
2.738 
2.702 
2.688 
2.641 
2.605 
2.556 
h 
2.285 
2.201 
2.19 
2.16 
2.137 
2.109 
2.06 
2.087 
h 
1.858 
1.742 
1.667 
1.637 
1.601 
1.537 
1.466 
1.412 
h 
1.197 
1.098 
0.947 
0.836 
0.793 
0.99 
0.668 
0.588 
h 
0.273 
