37.792 
37.255 
35.619 
31.815 
25.787 
25.067 
24.914 
24.894 
h 
23.747 
23.66 
23.637 
23.584 
23.474 
23.26 
22.888 
22.372 
h 
21.676 
21.613 
21.374 
21.305 
21.205 
21.036 
20.775 
20.537 
h 
19.638 
19.61 
19.583 
19.555 
19.6 
19.489 
19.414 
19.313 
h 
18.837 
18.796 
18.735 
18.621 
18.463 
18.229 
17.853 
17.481 
h 
17.019 
16.829 
16.588 
16.54 
16.551 
16.503 
16.468 
16.419 
h 
16.266 
16.148 
15.978 
15.826 
15.646 
15.405 
15.161 
14.831 
h 
14.275 
14.333 
14.186 
14.165 
14.134 
14.075 
13.976 
13.822 
h 
13.614 
13.259 
13.202 
13.208 
13.203 
13.197 
13.185 
13.164 
h 
12.375 
12.369 
12.343 
12.312 
12.276 
12.197 
12.078 
11.884 
h 
