26.761 
26.673 
26.429 
25.98 
25.581 
25.495 
25.351 
25.176 
h 
23.157 
23.685 
22.915 
22.879 
22.803 
22.658 
22.403 
22.049 
21.8 
21.685 
h 
20.789 
20.676 
20.61 
20.551 
20.443 
20.24 
19.913 
19.535 
h 
18.633 
18.97 
18.379 
18.218 
17.91 
17.431 
16.781 
16.249 
16.168 
15.872 
h 
15.496 
15.19 
15.061 
15.074 
14.82 
14.725 
14.653 
14.554 
h 
14.351 
14.512 
14.288 
14.262 
14.19 
14.081 
13.909 
13.674 
13.485 
13.405 
h 
13.31 
13.545 
13.266 
13.243 
13.195 
13.103 
12.976 
12.807 
12.66 
12.509 
h 
12.386 
12.249 
12.11 
12.405 
12.377 
11.939 
11.934 
11.921 
h 
11.466 
11.442 
11.418 
11.383 
11.327 
11.259 
11.209 
11.199 
h 
10.843 
10.82 
10.78 
10.712 
10.62 
10.456 
10.166 
9.803 
h 
9.13 
9.124 
8.982 
8.891 
8.827 
8.762 
8.689 
8.563 
h 
7.718 
7.713 
7.641 
7.621 
7.603 
7.567 
7.506 
7.413 
h 
7.234 
7.208 
7.214 
7.201 
7.183 
7.161 
7.123 
7.052 
h 
