37.996 
37.457 
35.816 
31.991 
25.754 
24.906 
24.664 
24.641 
h 
22.336 
22.211 
22.145 
22.073 
21.948 
21.753 
21.506 
21.276 
h 
20.162 
19.671 
19.033 
18.841 
19.258 
18.638 
18.487 
18.229 
h 
17.624 
17.358 
17.061 
16.986 
16.932 
16.927 
16.937 
16.822 
h 
16.276 
16.224 
16.182 
16.14 
16.071 
15.945 
15.744 
15.542 
h 
15.228 
15.125 
15.01 
14.824 
14.585 
14.123 
13.297 
12.352 
h 
11.611 
11.416 
10.842 
10.615 
10.467 
10.358 
10.252 
10.07 
h 
9.651 
9.458 
10.095 
9.35 
9.276 
9.136 
8.887 
8.479 
7.924 
7.643 
7.556 
h 
7.358 
7.255 
7.268 
7.251 
7.212 
7.134 
7.132 
7.003 
h 
6.949 
6.895 
6.807 
6.742 
6.71 
6.644 
6.561 
6.535 
h 
6.37 
6.258 
6.204 
6.123 
6.053 
5.992 
5.949 
5.909 
h 
5.686 
5.637 
5.63 
5.62 
5.605 
5.584 
5.55 
5.499 
h 
5.407 
5.292 
5.193 
5.075 
5.022 
5.007 
4.944 
4.933 
h 
4.749 
4.734 
4.72 
4.699 
4.67 
4.619 
4.539 
4.429 
h 
4.8 
4.283 
4.205 
4.195 
4.181 
4.164 
4.136 
4.09 
h 
3.939 
3.967 
3.904 
3.893 
3.876 
3.853 
3.831 
3.796 
h 
3.709 
3.664 
3.632 
3.657 
3.625 
3.622 
3.618 
3.61 
h 
