24.921 
24.886 
24.792 
24.635 
24.55 
24.548 
24.545 
24.541 
h 
24.38 
24.36 
24.316 
24.216 
24.014 
23.641 
23.06 
22.533 
h 
20.22 
20.373 
20.203 
19.925 
19.853 
19.715 
19.479 
19.183 
h 
18.311 
18.141 
18.138 
18.132 
18.12 
18.098 
18.069 
18.042 
h 
17.622 
17.553 
17.442 
17.289 
17.271 
16.776 
16.242 
15.482 
h 
13.744 
13.645 
13.517 
13.426 
13.351 
13.26 
13.178 
13.11 
h 
12.866 
12.853 
12.842 
12.823 
12.803 
12.757 
12.673 
12.538 
h 
12.187 
12.219 
12.119 
12.1 
12.068 
12.024 
11.971 
11.88 
h 
11.761 
11.685 
11.648 
11.603 
11.541 
11.442 
11.285 
11.005 
h 
10.068 
9.855 
9.842 
9.796 
9.728 
9.616 
9.451 
9.356 
h 
8.988 
8.877 
8.827 
8.74 
8.609 
8.419 
8.267 
8.044 
h 
8.101 
7.479 
7.417 
7.339 
7.224 
7.103 
7.041 
7.019 
h 
6.246 
6.312 
6.2 
6.178 
6.138 
6.061 
5.916 
5.665 
5.252 
4.864 
h 
4.865 
4.741 
4.721 
4.681 
4.612 
4.504 
4.333 
4.026 
h 
3.261 
3.162 
3.078 
3.055 
3.012 
3.002 
2.988 
2.975 
h 
2.855 
2.838 
2.826 
2.807 
2.78 
2.754 
2.741 
2.723 
h 
2.478 
2.472 
2.434 
2.394 
2.348 
2.34 
2.315 
2.277 
h 
2.005 
1.946 
1.917 
1.913 
1.9 
1.89 
1.874 
1.844 
h 
1.583 
1.558 
1.529 
1.51 
1.498 
1.472 
1.432 
1.381 
h 
1.164 
1.101 
1.105 
1.054 
1.038 
1.011 
0.973 
0.912 
h 
0.561 
0.494 
