27.925 
27.719 
27.155 
26.145 
25.418 
25.382 
25.324 
25.252 
h 
23.686 
23.384 
23.079 
23.0 
22.851 
22.567 
22.083 
21.405 
h 
20.285 
21.329 
20.063 
19.952 
19.758 
19.434 
18.933 
18.432 
18.379 
18.343 
h 
18.155 
18.34 
18.113 
18.05 
18.026 
17.979 
17.9 
17.804 
17.739 
17.724 
h 
17.567 
17.55 
17.523 
17.5 
17.485 
17.469 
17.444 
17.399 
h 
17.246 
17.179 
17.305 
17.142 
17.092 
17.052 
16.992 
16.918 
h 
16.639 
16.625 
16.615 
16.596 
16.56 
16.489 
16.363 
16.174 
h 
15.467 
15.391 
15.384 
15.318 
15.225 
15.055 
14.777 
14.403 
h 
14.121 
14.058 
13.906 
13.9 
13.888 
13.868 
13.837 
13.777 
h 
13.765 
13.646 
13.501 
13.435 
13.39 
13.354 
13.326 
13.281 
h 
13.028 
12.984 
12.961 
12.929 
12.878 
12.814 
12.755 
12.653 
h 
