28.089 
27.849 
27.188 
26.0 
25.156 
25.124 
25.079 
25.012 
h 
22.779 
22.566 
22.401 
22.345 
22.232 
22.037 
21.714 
21.202 
h 
19.034 
18.68 
18.567 
18.446 
18.289 
18.012 
17.634 
17.608 
h 
17.069 
16.769 
16.62 
16.606 
16.588 
16.569 
16.544 
16.498 
h 
15.883 
16.334 
15.863 
15.858 
15.847 
15.829 
15.799 
15.753 
15.707 
15.645 
h 
15.02 
15.302 
14.892 
14.836 
14.753 
14.682 
14.583 
14.418 
14.143 
13.725 
h 
13.203 
13.505 
13.333 
13.128 
13.101 
13.094 
13.081 
13.057 
13.013 
12.943 
h 
12.221 
12.173 
12.157 
12.137 
12.114 
12.07 
11.997 
11.881 
h 
11.708 
11.431 
11.32 
11.304 
11.288 
11.258 
11.241 
11.224 
h 
11.132 
11.015 
10.952 
10.932 
10.914 
10.895 
10.877 
10.845 
h 
10.513 
10.431 
10.404 
10.391 
10.368 
10.327 
10.269 
10.206 
h 
9.654 
9.58 
9.711 
9.53 
9.514 
9.481 
9.419 
9.311 
h 
