26.724 
26.613 
26.307 
25.759 
25.35 
25.3 
25.207 
25.054 
h 
23.568 
25.747 
23.501 
23.427 
23.279 
23.007 
22.585 
22.205 
22.046 
21.782 
h 
19.773 
19.472 
19.335 
19.163 
18.903 
18.48 
17.766 
16.872 
h 
15.634 
15.751 
14.914 
14.892 
14.864 
14.83 
14.748 
14.615 
h 
13.774 
13.693 
13.614 
13.537 
13.386 
13.132 
12.725 
12.093 
h 
11.343 
11.198 
11.164 
11.219 
11.111 
11.102 
11.081 
11.04 
h 
10.724 
10.591 
10.477 
10.426 
10.35 
10.221 
10.056 
9.955 
h 
10.748 
9.567 
9.47 
9.455 
9.434 
9.413 
9.376 
9.317 
h 
8.249 
8.19 
8.194 
8.119 
8.074 
7.995 
7.877 
7.826 
h 
7.894 
7.47 
7.351 
7.323 
7.3 
7.267 
7.235 
7.223 
h 
6.859 
6.828 
6.793 
6.754 
6.678 
6.554 
6.366 
6.061 
h 
5.283 
5.019 
5.007 
4.992 
4.966 
4.924 
4.885 
4.84 
h 
4.266 
4.198 
4.131 
4.032 
4.037 
3.909 
3.85 
3.751 
h 
3.399 
3.335 
3.307 
3.291 
3.278 
3.26 
3.239 
3.219 
h 
3.322 
3.122 
2.984 
2.988 
2.986 
2.98 
2.958 
2.929 
h 
2.664 
2.567 
2.562 
2.547 
2.518 
2.464 
2.397 
2.354 
h 
2.327 
2.279 
2.264 
2.252 
2.232 
2.197 
2.158 
2.104 
h 
2.013 
1.893 
1.805 
1.776 
1.742 
1.732 
1.712 
1.683 
h 
1.473 
1.462 
1.446 
1.409 
1.405 
1.397 
1.39 
1.367 
h 
1.266 
1.23 
1.182 
1.184 
1.217 
1.152 
1.17 
1.143 
h 
1.122 
1.109 
1.092 
1.068 
1.037 
1.04 
1.007 
0.999 
h 
0.929 
0.922 
0.912 
0.9 
0.897 
0.896 
0.895 
0.893 
h 
0.864 
0.863 
0.862 
0.861 
0.858 
0.856 
0.856 
0.856 
h 
0.84 
0.839 
0.836 
0.832 
0.828 
0.83 
0.826 
0.826 
h 
0.816 
0.815 
0.814 
0.812 
0.81 
0.807 
0.805 
0.804 
h 
