24.873 
24.87 
24.864 
24.853 
24.838 
24.821 
24.813 
24.801 
h 
23.113 
22.995 
22.954 
22.894 
22.767 
22.515 
22.044 
21.225 
h 
19.087 
21.579 
21.383 
18.732 
18.498 
18.101 
17.634 
17.424 
17.357 
17.266 
h 
16.203 
15.725 
15.671 
15.652 
15.619 
15.55 
15.411 
15.141 
h 
13.881 
13.143 
12.395 
24.262 
11.983 
11.664 
11.171 
10.483 
9.993 
9.884 
9.792 
9.749 
h 
9.63 
9.485 
9.319 
9.262 
9.221 
9.194 
9.142 
9.052 
h 
8.232 
8.381 
8.104 
8.07 
8.02 
7.954 
7.886 
7.794 
7.766 
7.745 
h 
7.409 
7.363 
7.342 
7.333 
7.314 
7.298 
7.27 
7.234 
h 
6.622 
6.62 
6.616 
6.609 
6.596 
6.58 
6.564 
6.534 
h 
6.426 
6.393 
6.386 
6.38 
6.371 
6.356 
6.334 
6.289 
h 
6.22 
6.201 
6.185 
6.162 
6.12 
6.056 
5.979 
5.836 
h 
5.108 
4.868 
5.048 
4.696 
4.664 
4.611 
4.552 
4.551 
h 
4.398 
4.375 
4.351 
4.328 
4.296 
4.271 
4.25 
4.223 
h 
3.979 
3.966 
3.962 
3.949 
3.94 
3.926 
3.897 
3.845 
h 
3.33 
3.269 
3.233 
3.188 
3.158 
3.128 
3.074 
2.985 
h 
2.638 
2.598 
2.569 
2.536 
2.513 
2.482 
2.522 
2.43 
h 
2.246 
2.248 
2.234 
2.228 
2.219 
2.21 
2.183 
2.135 
h 
1.892 
1.806 
1.692 
1.64 
1.685 
1.584 
1.575 
1.556 
h 
1.317 
1.286 
1.337 
1.267 
1.256 
1.236 
1.199 
1.142 
1.071 
0.996 
0.902 
h 
0.84 
0.829 
0.826 
0.822 
0.814 
0.803 
0.792 
0.829 
h 
0.784 
0.78 
0.777 
0.772 
0.764 
0.757 
0.746 
0.739 
h 
0.647 
0.644 
0.64 
0.637 
0.631 
0.623 
0.629 
0.589 
h 
0.375 
0.322 
0.241 
