27.878 
27.674 
27.102 
26.005 
25.006 
24.992 
24.965 
24.919 
h 
23.943 
24.135 
23.794 
23.614 
23.249 
22.586 
21.603 
20.883 
h 
20.489 
20.208 
19.673 
19.175 
18.788 
18.218 
17.424 
17.013 
h 
16.736 
16.647 
16.458 
16.134 
15.691 
15.244 
14.726 
14.456 
h 
13.755 
13.729 
13.694 
13.647 
13.612 
13.549 
13.431 
13.238 
h 
12.472 
12.455 
12.435 
12.404 
12.346 
12.229 
12.008 
11.64 
h 
11.199 
11.118 
11.312 
10.945 
10.93 
10.899 
10.847 
10.757 
10.616 
10.453 
10.312 
h 
10.875 
10.01 
9.849 
9.828 
9.825 
9.816 
9.809 
9.797 
h 
9.546 
9.5 
9.404 
9.252 
9.045 
9.321 
8.733 
8.35 
h 
7.293 
7.134 
6.991 
6.846 
6.649 
6.488 
6.404 
6.319 
h 
5.685 
5.67 
5.653 
5.628 
5.603 
5.552 
5.46 
5.291 
h 
4.728 
4.638 
4.592 
4.579 
4.522 
4.481 
4.408 
4.329 
h 
3.873 
3.817 
3.782 
3.737 
3.67 
3.582 
3.517 
3.426 
h 
3.189 
3.071 
3.03 
3.011 
2.99 
2.953 
2.892 
2.805 
h 
2.667 
3.057 
2.712 
2.649 
2.642 
2.633 
2.626 
2.613 
2.594 
2.568 
h 
2.486 
2.457 
2.48 
2.44 
2.435 
2.425 
2.408 
2.38 
h 
2.228 
2.06 
1.998 
1.942 
1.912 
1.908 
1.901 
1.886 
h 
1.854 
1.807 
1.733 
1.664 
1.709 
1.617 
1.546 
1.496 
h 
1.399 
1.261 
1.087 
1.029 
0.95 
1.021 
0.912 
0.892 
h 
0.83 
0.809 
0.795 
0.785 
0.78 
0.775 
0.774 
0.835 
h 
0.772 
0.772 
0.772 
0.772 
0.772 
0.771 
0.771 
0.77 
h 
0.765 
0.76 
0.759 
0.759 
0.758 
0.756 
0.753 
0.747 
h 
0.667 
0.824 
0.642 
0.61 
0.55 
0.446 
0.359 
