27.438 
27.254 
26.75 
25.851 
25.211 
25.146 
25.025 
24.839 
h 
22.92 
24.013 
22.689 
22.64 
22.539 
22.343 
21.992 
21.752 
21.448 
21.08 
h 
20.118 
20.063 
19.955 
19.765 
19.403 
18.779 
17.925 
17.281 
h 
16.417 
16.335 
16.164 
16.019 
15.853 
15.632 
15.292 
14.896 
h 
14.331 
14.166 
13.961 
13.816 
13.638 
13.473 
13.199 
12.805 
h 
12.159 
12.026 
11.952 
11.901 
11.805 
11.637 
11.428 
11.359 
h 
10.31 
10.303 
10.294 
10.286 
10.27 
10.24 
10.172 
10.063 
h 
9.728 
9.669 
9.603 
9.581 
9.551 
9.483 
9.432 
9.332 
h 
8.982 
8.824 
8.722 
8.627 
8.49 
8.372 
8.407 
8.618 
h 
7.938 
7.841 
7.826 
7.801 
7.745 
7.64 
7.512 
7.312 
h 
7.078 
6.94 
6.79 
6.637 
6.566 
6.453 
6.357 
6.23 
h 
5.675 
5.575 
5.496 
5.511 
5.415 
5.343 
5.222 
5.063 
h 
4.529 
4.437 
4.367 
4.319 
4.271 
4.221 
4.193 
4.161 
h 
3.953 
3.878 
3.803 
3.707 
3.632 
3.539 
3.478 
3.402 
h 
3.125 
3.097 
3.098 
3.069 
3.027 
2.95 
2.845 
2.666 
h 
1.898 
1.467 
0.973 
0.724 
0.637 
0.537 
0.456 
