38.982 
38.497 
36.998 
33.356 
26.672 
25.747 
24.841 
24.8 
h 
24.539 
24.417 
24.357 
24.065 
23.611 
22.767 
21.442 
20.094 
h 
19.663 
18.623 
18.482 
18.345 
18.175 
17.932 
17.465 
16.632 
h 
14.039 
13.441 
24.706 
12.639 
12.491 
12.217 
11.754 
11.123 
10.594 
10.489 
10.439 
h 
10.019 
10.029 
10.009 
9.991 
9.959 
9.917 
9.871 
9.771 
h 
9.334 
9.236 
9.164 
9.145 
9.091 
9.068 
9.037 
8.981 
h 
8.818 
8.76 
8.671 
8.576 
8.372 
8.109 
7.764 
7.324 
h 
6.692 
6.601 
6.577 
6.557 
6.549 
6.535 
6.508 
6.451 
h 
5.75 
5.685 
5.658 
5.633 
5.589 
5.521 
5.408 
5.272 
h 
5.209 
4.991 
4.958 
4.919 
4.865 
4.786 
4.734 
4.624 
h 
4.199 
4.156 
4.139 
4.111 
4.029 
3.962 
3.879 
3.756 
h 
3.411 
3.455 
3.122 
3.086 
3.035 
2.965 
2.937 
2.863 
2.738 
2.519 
h 
2.175 
2.217 
2.067 
2.078 
2.105 
2.115 
2.059 
2.009 
1.954 
1.917 
h 
1.86 
1.847 
1.842 
1.832 
1.83 
1.825 
1.817 
1.797 
h 
1.797 
1.764 
1.733 
1.699 
1.68 
1.653 
1.644 
1.628 
h 
1.45 
1.381 
1.332 
1.289 
1.242 
1.221 
1.189 
1.167 
h 
1.125 
1.089 
1.034 
1.042 
1.1 
1.001 
0.986 
0.978 
h 
0.894 
0.852 
0.803 
0.725 
0.688 
0.701 
0.645 
0.639 
h 
0.604 
0.582 
0.554 
0.53 
0.517 
0.572 
0.501 
0.494 
h 
0.381 
0.365 
0.34 
0.299 
