24.282 
24.281 
24.279 
24.275 
24.269 
24.264 
24.259 
24.25 
h 
22.852 
22.716 
22.602 
22.513 
22.327 
21.975 
21.397 
20.751 
h 
19.482 
19.331 
19.052 
18.605 
18.16 
17.886 
17.397 
17.149 
h 
16.405 
16.205 
16.019 
15.817 
15.45 
14.894 
14.051 
13.109 
h 
12.349 
12.339 
12.328 
12.31 
12.277 
12.234 
12.217 
12.198 
h 
11.935 
11.881 
11.837 
11.812 
11.797 
11.778 
11.742 
11.67 
h 
10.684 
10.723 
10.613 
10.576 
10.525 
10.475 
10.391 
10.235 
h 
9.677 
9.584 
9.473 
9.287 
9.001 
8.876 
8.685 
8.203 
h 
7.715 
7.562 
7.451 
7.395 
7.328 
7.212 
7.021 
6.702 
h 
5.952 
5.733 
5.581 
5.596 
5.541 
5.511 
5.46 
5.373 
h 
5.128 
5.025 
5.09 
4.945 
4.885 
4.764 
4.628 
4.425 
h 
4.049 
4.019 
3.929 
3.905 
3.889 
3.869 
3.843 
3.813 
h 
3.672 
3.585 
3.579 
3.569 
3.551 
3.524 
3.481 
3.401 
h 
3.042 
3.196 
2.953 
2.914 
2.885 
2.862 
2.821 
2.809 
2.775 
2.726 
h 
2.739 
2.696 
2.685 
2.669 
2.649 
2.622 
2.553 
2.498 
h 
2.282 
2.17 
2.067 
2.049 
2.023 
1.989 
1.965 
1.938 
h 
1.784 
1.773 
1.754 
1.743 
1.728 
1.716 
1.716 
1.682 
h 
1.601 
1.552 
1.484 
1.445 
1.397 
1.414 
1.74 
1.382 
1.372 
1.358 
1.344 
1.332 
1.321 
1.304 
1.287 
h 
1.154 
1.145 
1.142 
1.137 
1.129 
1.116 
1.093 
1.079 
h 
0.948 
0.899 
0.838 
0.81 
0.808 
0.807 
0.793 
0.775 
h 
0.665 
0.666 
0.661 
0.656 
0.653 
0.648 
0.64 
0.65 
h 
0.615 
0.609 
0.6 
0.587 
0.577 
0.572 
0.596 
0.566 
h 
0.535 
0.527 
0.521 
0.521 
0.52 
0.519 
0.517 
0.516 
h 
0.322 
0.318 
0.317 
0.314 
