25.703 
25.627 
25.425 
25.087 
24.894 
24.888 
24.876 
24.856 
h 
23.692 
23.624 
23.562 
23.453 
23.23 
22.796 
22.021 
20.872 
h 
20.07 
22.646 
19.461 
19.123 
18.591 
17.738 
16.968 
16.331 
15.979 
15.796 
h 
14.978 
14.73 
14.646 
14.586 
14.528 
14.438 
14.336 
14.194 
h 
13.827 
13.619 
13.544 
13.381 
13.048 
12.41 
11.296 
10.679 
h 
10.092 
8.899 
8.769 
8.771 
8.764 
8.75 
8.721 
8.661 
h 
7.631 
7.615 
7.558 
7.502 
7.434 
7.339 
7.2 
6.983 
h 
6.51 
6.51 
6.492 
6.417 
6.412 
6.401 
6.381 
6.341 
h 
5.748 
5.679 
5.606 
5.474 
5.275 
4.981 
5.267 
4.508 
h 
3.75 
3.708 
3.659 
3.625 
3.597 
3.594 
3.607 
3.636 
h 
3.498 
3.495 
3.467 
3.449 
3.425 
3.383 
3.332 
3.278 
h 
3.126 
3.072 
2.878 
2.801 
2.759 
2.732 
2.686 
2.641 
h 
2.297 
2.251 
2.185 
2.137 
2.094 
2.029 
1.952 
4.42 
1.92 
1.907 
1.886 
1.865 
1.828 
1.76 
1.663 
1.625 
h 
1.495 
1.409 
1.39 
1.379 
1.357 
1.316 
1.238 
1.305 
h 
1.794 
1.103 
1.086 
1.062 
1.036 
1.007 
0.978 
0.948 
h 
0.819 
0.782 
0.778 
0.767 
0.764 
0.747 
0.72 
0.714 
h 
0.664 
0.649 
0.622 
0.613 
0.61 
0.593 
0.597 
0.567 
h 
0.49 
0.448 
0.395 
0.307 
0.2 
