25.928 
25.914 
25.873 
25.796 
25.701 
25.642 
25.525 
25.318 
h 
23.211 
23.826 
23.1 
23.03 
22.892 
22.627 
22.168 
21.529 
21.048 
21.524 
h 
19.768 
19.503 
19.389 
19.363 
19.302 
19.177 
18.951 
18.606 
h 
17.644 
17.313 
17.215 
17.089 
16.921 
16.717 
16.419 
16.104 
h 
15.378 
15.086 
15.062 
15.041 
15.054 
15.017 
14.996 
14.957 
h 
14.415 
14.371 
14.316 
14.251 
14.184 
14.052 
13.822 
13.49 
h 
13.062 
13.039 
13.015 
12.95 
12.873 
12.741 
12.55 
12.269 
h 
12.219 
12.041 
11.983 
11.926 
11.816 
11.621 
11.293 
10.915 
h 
10.731 
10.2 
10.084 
10.017 
9.972 
10.062 
9.908 
9.874 
h 
9.606 
9.513 
9.434 
9.389 
9.302 
9.143 
8.867 
8.44 
h 
