27.399 
27.305 
27.039 
26.518 
25.897 
25.656 
25.444 
25.138 
h 
21.809 
22.999 
21.726 
21.674 
21.57 
21.385 
21.124 
20.982 
20.952 
20.921 
h 
19.871 
19.731 
19.626 
19.543 
19.398 
19.18 
18.817 
18.355 
h 
17.996 
17.991 
18.248 
17.774 
17.68 
17.577 
17.426 
17.311 
17.281 
17.241 
17.187 
h 
16.574 
16.464 
16.416 
16.64 
16.318 
16.191 
15.963 
15.628 
h 
14.312 
14.24 
14.195 
14.18 
14.15 
14.093 
13.994 
13.843 
h 
13.58 
13.491 
13.425 
13.307 
13.108 
12.863 
12.889 
12.462 
h 
11.532 
11.332 
11.267 
11.245 
11.2 
11.144 
11.069 
11.003 
h 
10.92 
10.786 
10.75 
10.734 
10.713 
10.683 
10.664 
10.723 
h 
10.572 
10.534 
10.523 
10.514 
10.501 
10.476 
10.432 
10.366 
h 
10.199 
10.143 
10.176 
10.053 
10.017 
9.952 
9.852 
9.704 
h 
