26.228 
26.18 
26.046 
25.801 
25.579 
25.52 
25.442 
25.355 
h 
23.267 
22.853 
22.699 
22.634 
22.498 
22.239 
21.811 
21.323 
h 
20.609 
20.367 
20.126 
19.949 
19.7 
19.247 
18.544 
17.871 
h 
16.963 
16.449 
15.562 
14.891 
14.707 
13.05 
12.008 
11.519 
h 
11.222 
11.052 
10.992 
10.938 
10.916 
10.887 
10.84 
10.752 
h 
10.302 
10.781 
10.323 
10.05 
10.003 
9.91 
9.732 
9.45 
9.111 
8.904 
h 
8.802 
8.783 
8.779 
8.706 
8.647 
8.555 
8.439 
8.244 
h 
7.577 
7.51 
7.499 
7.484 
7.459 
7.423 
7.382 
7.312 
h 
6.631 
6.688 
6.708 
6.587 
6.569 
6.536 
6.478 
6.374 
6.203 
6.022 
6.001 
h 
5.939 
5.915 
5.893 
5.88 
5.856 
5.811 
5.731 
5.631 
h 
5.714 
5.48 
5.355 
5.316 
5.253 
5.247 
5.171 
5.122 
h 
4.803 
4.797 
4.79 
4.772 
4.754 
4.712 
4.689 
4.642 
h 
4.383 
4.342 
4.337 
4.318 
4.306 
4.287 
4.253 
4.187 
h 
3.756 
3.656 
3.639 
3.61 
3.562 
3.511 
3.551 
3.366 
h 
3.029 
2.968 
2.872 
2.77 
2.646 
2.609 
2.724 
2.557 
h 
2.469 
2.46 
2.453 
2.452 
2.452 
2.447 
2.441 
2.43 
h 
2.359 
2.321 
2.239 
2.253 
2.205 
2.197 
2.185 
2.183 
h 
2.066 
2.04 
2.028 
2.022 
2.016 
2.006 
1.992 
1.968 
h 
2.019 
1.864 
1.85 
1.85 
1.847 
1.839 
1.835 
1.811 
h 
1.595 
1.596 
1.557 
1.553 
1.544 
1.523 
1.479 
1.398 
h 
0.991 
0.86 
0.707 
