27.462 
27.264 
26.721 
25.747 
25.098 
25.076 
25.072 
25.065 
h 
24.405 
24.361 
24.261 
24.062 
23.651 
22.866 
21.526 
19.807 
h 
18.579 
20.187 
18.156 
18.072 
18.048 
18.011 
17.934 
17.786 
17.528 
17.347 
h 
18.646 
17.236 
16.788 
16.72 
16.682 
16.649 
16.586 
16.464 
h 
15.446 
15.622 
15.261 
15.15 
14.968 
14.726 
14.291 
13.844 
13.589 
13.359 
h 
13.243 
12.962 
12.83 
12.81 
12.791 
12.765 
12.735 
12.7 
h 
11.924 
11.824 
11.783 
11.741 
11.692 
11.596 
11.416 
11.114 
h 
10.534 
10.29 
10.647 
10.208 
10.208 
10.205 
10.192 
10.176 
10.139 
10.066 
9.927 
h 
9.461 
11.557 
9.906 
9.333 
9.203 
9.164 
9.119 
9.057 
8.966 
8.904 
h 
8.812 
8.739 
8.693 
8.661 
8.651 
8.641 
8.628 
8.604 
h 
8.292 
8.263 
8.255 
8.235 
8.202 
8.146 
8.089 
8.024 
h 
7.907 
7.846 
7.798 
7.796 
7.786 
7.77 
7.75 
7.747 
h 
7.656 
7.559 
7.476 
7.449 
7.44 
7.412 
7.378 
7.346 
h 
7.311 
7.185 
7.135 
7.09 
7.079 
7.066 
7.057 
7.048 
h 
