27.005 
26.841 
26.389 
25.559 
24.923 
24.907 
24.897 
24.89 
h 
23.144 
23.084 
23.045 
22.965 
22.8 
22.495 
21.994 
21.446 
h 
18.517 
19.744 
18.137 
17.922 
17.707 
17.306 
16.64 
15.84 
15.674 
15.843 
h 
14.804 
14.699 
14.584 
14.55 
14.47 
14.239 
13.939 
13.639 
h 
11.718 
11.587 
11.425 
11.206 
10.967 
10.526 
9.735 
8.631 
h 
7.279 
6.993 
6.718 
6.47 
6.167 
6.039 
6.242 
5.649 
h 
4.881 
4.844 
4.799 
4.766 
4.746 
4.71 
4.648 
4.531 
h 
4.071 
3.928 
3.889 
3.82 
3.784 
3.763 
3.773 
3.699 
h 
3.349 
3.244 
3.221 
3.187 
3.153 
3.166 
3.275 
3.09 
h 
2.918 
2.904 
2.907 
2.93 
2.957 
2.95 
2.944 
2.921 
2.885 
2.833 
2.773 
2.691 
2.635 
h 
2.795 
2.584 
2.548 
2.516 
2.512 
2.503 
2.487 
2.462 
h 
2.324 
2.292 
2.251 
2.194 
2.176 
2.14 
2.122 
2.1 
h 
1.809 
1.788 
1.788 
1.783 
1.774 
1.759 
1.736 
1.695 
h 
1.552 
1.46 
1.41 
1.391 
1.358 
1.31 
1.252 
1.308 
h 
1.253 
1.218 
1.184 
1.178 
1.169 
1.159 
1.149 
1.133 
h 
1.044 
1.128 
1.019 
0.997 
0.974 
0.967 
0.964 
0.959 
0.949 
0.931 
h 
0.723 
0.713 
0.725 
0.704 
0.701 
0.696 
0.686 
0.666 
h 
0.546 
0.493 
0.388 
0.243 
