25.327 
25.289 
25.185 
25.01 
24.895 
24.881 
24.856 
24.81 
h 
22.791 
22.434 
22.295 
22.201 
22.06 
21.789 
21.28 
20.426 
h 
18.411 
17.053 
18.997 
18.671 
15.808 
15.643 
15.423 
15.094 
14.732 
14.649 
14.661 
h 
14.494 
14.477 
14.454 
14.405 
14.303 
14.107 
13.766 
13.339 
h 
11.856 
11.838 
11.792 
11.698 
11.519 
11.214 
10.825 
10.415 
h 
9.967 
9.877 
9.85 
9.829 
9.798 
9.744 
9.649 
9.475 
h 
9.231 
9.228 
9.157 
9.092 
9.039 
8.966 
8.857 
8.789 
h 
8.518 
8.449 
8.419 
8.421 
8.392 
8.341 
8.286 
8.185 
h 
7.946 
7.881 
7.808 
7.737 
7.685 
7.579 
7.38 
7.042 
h 
6.111 
6.494 
6.084 
5.693 
5.65 
5.608 
5.545 
5.473 
5.467 
5.441 
h 
5.199 
5.186 
5.167 
5.134 
5.092 
5.044 
4.981 
4.867 
h 
4.527 
4.367 
4.289 
4.244 
4.23 
4.206 
4.163 
4.084 
h 
3.644 
4.008 
3.557 
3.54 
3.525 
3.501 
3.461 
3.405 
3.308 
3.176 
h 
2.644 
2.592 
2.574 
2.556 
2.521 
2.474 
2.457 
2.399 
h 
2.201 
2.115 
2.048 
2.01 
1.993 
1.977 
1.951 
1.902 
h 
1.537 
1.426 
1.374 
1.299 
1.218 
1.134 
1.117 
1.041 
h 
0.75 
0.704 
0.641 
0.575 
0.521 
0.599 
0.618 
0.488 
h 
0.437 
0.431 
0.422 
0.412 
0.431 
0.403 
0.4 
0.394 
h 
0.233 
