26.621 
26.57 
26.433 
26.187 
25.942 
25.921 
25.895 
25.841 
h 
24.293 
24.177 
24.122 
23.994 
23.742 
23.306 
22.667 
22.154 
h 
20.645 
20.557 
20.37 
20.301 
20.181 
19.955 
19.583 
19.152 
h 
17.858 
18.822 
17.465 
17.318 
17.233 
17.079 
16.795 
16.33 
15.79 
15.373 
h 
14.296 
14.11 
13.895 
13.708 
13.467 
13.099 
12.495 
11.725 
h 
10.942 
10.888 
10.857 
10.854 
10.842 
10.819 
10.786 
10.756 
h 
10.147 
10.134 
10.106 
10.087 
10.055 
10.009 
9.949 
9.844 
h 
9.642 
9.558 
9.491 
9.389 
9.39 
9.56 
9.235 
9.226 
h 
8.722 
8.675 
8.614 
8.564 
8.492 
8.495 
8.403 
8.323 
h 
7.843 
7.818 
7.807 
7.783 
7.744 
7.704 
7.664 
7.615 
h 
7.307 
7.291 
7.259 
7.242 
7.202 
7.154 
7.065 
6.918 
h 
6.493 
6.4 
6.436 
6.357 
6.339 
6.318 
6.264 
6.186 
h 
5.846 
5.805 
5.759 
5.693 
5.63 
5.556 
5.441 
5.303 
h 
4.925 
4.901 
4.865 
4.817 
4.749 
4.747 
4.688 
4.641 
h 
