27.185 
27.014 
26.542 
25.691 
25.087 
25.065 
25.048 
25.02 
h 
23.448 
23.355 
23.285 
23.206 
23.06 
22.787 
22.453 
21.86 
h 
20.246 
20.452 
19.911 
19.716 
19.332 
18.663 
17.67 
16.807 
16.398 
16.826 
h 
16.172 
16.075 
16.026 
15.938 
15.837 
15.653 
15.342 
15.012 
h 
14.292 
14.291 
14.259 
14.101 
13.903 
13.528 
12.922 
11.922 
h 
10.291 
9.982 
9.706 
9.284 
8.806 
8.488 
7.923 
7.398 
h 
7.113 
7.004 
6.836 
6.647 
7.19 
6.6 
6.561 
6.488 
6.347 
6.144 
6.02 
5.99 
5.946 
h 
5.829 
5.966 
6.018 
5.868 
5.821 
5.748 
5.71 
5.615 
5.533 
5.361 
h 
5.265 
5.24 
5.23 
5.217 
5.201 
5.174 
5.142 
5.1 
h 
4.864 
4.802 
4.778 
4.763 
4.749 
4.732 
4.71 
4.67 
h 
4.494 
4.404 
4.381 
4.357 
4.313 
4.259 
4.196 
4.084 
h 
3.736 
3.66 
3.59 
3.558 
3.523 
3.505 
3.489 
3.456 
h 
3.254 
3.235 
3.212 
3.199 
3.192 
3.184 
3.159 
3.121 
h 
2.973 
2.92 
2.823 
2.761 
2.782 
2.723 
2.68 
2.605 
h 
2.419 
2.244 
2.042 
2.155 
1.95 
1.9 
1.852 
1.801 
h 
1.585 
1.508 
1.488 
1.464 
1.456 
1.452 
1.446 
1.435 
h 
1.296 
1.279 
1.261 
1.255 
1.247 
1.234 
1.218 
1.194 
h 
0.798 
0.772 
0.718 
0.679 
0.623 
0.59 
0.582 
0.537 
h 
0.392 
0.365 
