29.798 
29.507 
28.678 
27.046 
25.452 
25.407 
25.329 
25.199 
h 
23.838 
23.413 
23.388 
23.343 
23.249 
23.066 
22.749 
22.314 
h 
20.746 
20.666 
20.538 
20.437 
20.258 
19.96 
19.475 
18.925 
h 
17.119 
17.12 
16.694 
16.614 
16.463 
16.184 
15.748 
15.322 
h 
15.171 
14.636 
14.489 
14.361 
14.243 
14.114 
14.054 
13.953 
h 
13.241 
13.1 
13.06 
13.05 
13.04 
13.029 
13.005 
12.966 
h 
12.614 
12.566 
12.512 
12.433 
12.375 
12.356 
12.32 
12.276 
h 
12.118 
11.988 
11.865 
11.746 
11.6 
11.477 
11.163 
10.779 
h 
10.063 
10.013 
9.937 
9.88 
9.806 
9.7 
9.499 
9.118 
h 
7.953 
7.752 
7.873 
7.545 
7.476 
7.355 
7.185 
7.012 
h 
7.102 
6.864 
6.837 
6.848 
6.844 
6.838 
6.83 
6.815 
h 
6.682 
6.625 
6.507 
6.409 
6.856 
6.434 
6.316 
6.286 
6.25 
6.187 
6.107 
6.082 
6.062 
h 
5.937 
5.891 
5.869 
5.862 
5.858 
5.874 
5.858 
5.819 
h 
5.718 
5.644 
5.533 
5.477 
6.216 
5.439 
5.429 
5.414 
5.4 
5.379 
5.365 
5.344 
5.306 
h 
5.074 
5.034 
5.046 
4.996 
4.969 
4.919 
4.84 
4.709 
h 
4.151 
4.017 
3.823 
3.71 
3.635 
3.564 
3.459 
3.349 
h 
3.188 
2.929 
2.874 
2.841 
2.793 
2.752 
2.728 
2.753 
h 
2.435 
2.39 
2.361 
2.366 
2.311 
2.286 
2.242 
2.211 
h 
2.054 
2.048 
2.022 
2.009 
1.994 
1.968 
1.933 
1.89 
h 
2.005 
1.908 
1.861 
1.842 
1.838 
1.834 
1.829 
1.819 
h 
1.761 
1.727 
1.695 
1.671 
1.636 
1.636 
1.622 
1.613 
h 
1.522 
1.499 
1.469 
1.448 
1.414 
1.392 
1.352 
1.281 
h 
0.858 
0.682 
0.457 
