27.134 
27.0 
26.633 
25.983 
25.486 
25.463 
25.42 
25.341 
h 
22.325 
22.131 
22.06 
21.966 
21.772 
21.411 
20.836 
20.241 
h 
17.226 
16.853 
16.637 
16.377 
16.097 
15.703 
15.104 
14.631 
h 
13.583 
13.741 
13.481 
13.435 
13.368 
13.27 
13.157 
12.99 
12.815 
13.038 
h 
12.277 
12.219 
12.14 
12.041 
11.921 
11.733 
11.418 
10.942 
h 
10.001 
10.008 
9.651 
9.611 
9.539 
9.42 
9.255 
9.032 
h 
8.148 
8.113 
8.057 
8.025 
7.949 
7.902 
7.79 
7.635 
h 
6.856 
6.821 
6.76 
6.699 
6.686 
6.672 
6.643 
6.596 
h 
6.407 
6.445 
6.375 
6.332 
6.312 
6.299 
6.281 
6.25 
h 
6.046 
6.054 
6.0 
5.982 
5.969 
5.941 
5.915 
5.848 
h 
5.542 
5.39 
5.324 
5.23 
5.101 
5.136 
4.912 
4.751 
h 
4.289 
4.272 
4.248 
4.227 
4.203 
4.164 
4.106 
4.008 
h 
3.581 
3.74 
3.541 
3.528 
3.507 
3.477 
3.438 
3.392 
3.332 
3.304 
h 
3.265 
3.236 
3.228 
3.227 
3.227 
3.228 
3.228 
3.229 
h 
3.169 
3.181 
3.155 
3.155 
3.154 
3.15 
3.137 
3.123 
h 
3.022 
2.988 
2.929 
2.868 
2.818 
2.79 
2.736 
2.677 
h 
2.338 
2.239 
2.205 
2.176 
2.212 
2.093 
2.013 
1.886 
h 
1.594 
1.434 
1.327 
1.265 
1.256 
1.248 
1.241 
1.251 
h 
1.111 
1.082 
1.075 
1.069 
1.057 
1.04 
1.023 
1.037 
h 
0.984 
0.952 
0.9 
0.831 
0.796 
0.764 
0.756 
0.706 
h 
0.41 
0.404 
0.401 
0.395 
0.388 
0.38 
0.367 
0.346 
h 
0.259 
