33.808 
33.134 
31.189 
27.313 
23.941 
23.929 
23.921 
23.912 
h 
22.893 
22.768 
22.626 
22.59 
22.551 
22.472 
22.314 
22.017 
h 
20.895 
20.014 
19.865 
19.653 
19.552 
19.384 
19.147 
18.764 
h 
18.019 
17.946 
19.691 
18.153 
17.657 
17.341 
16.854 
16.274 
16.123 
16.091 
16.055 
h 
15.156 
15.075 
15.034 
14.932 
14.764 
14.434 
13.841 
12.917 
h 
11.924 
12.789 
11.717 
11.347 
11.289 
11.236 
11.192 
11.162 
11.111 
11.028 
h 
10.662 
10.685 
10.572 
10.539 
10.532 
10.514 
10.477 
10.425 
h 
10.188 
10.16 
10.141 
10.115 
10.089 
10.063 
10.025 
9.965 
h 
9.787 
9.777 
9.766 
9.761 
9.751 
9.729 
9.701 
9.803 
h 
9.55 
9.497 
9.47 
9.457 
9.441 
9.417 
9.375 
9.299 
h 
9.209 
9.004 
8.953 
8.942 
8.928 
8.913 
8.892 
8.877 
h 
8.521 
8.377 
8.288 
8.268 
8.261 
8.235 
8.209 
8.183 
h 
7.331 
7.29 
7.25 
7.21 
7.208 
7.123 
7.05 
6.929 
h 
6.719 
6.649 
6.627 
6.641 
6.603 
6.571 
6.519 
6.424 
h 
5.91 
5.839 
5.727 
5.61 
5.505 
5.379 
5.273 
5.202 
h 
4.822 
4.782 
4.767 
4.754 
4.731 
4.698 
4.671 
4.645 
h 
4.615 
4.589 
4.58 
4.566 
4.548 
4.521 
4.48 
4.411 
h 
4.245 
4.295 
4.173 
4.131 
4.094 
4.047 
3.964 
3.83 
3.668 
3.417 
h 
3.518 
3.284 
3.186 
3.162 
3.132 
3.086 
3.086 
3.072 
h 
2.928 
2.915 
2.897 
2.874 
2.84 
2.79 
2.726 
2.641 
h 
2.427 
2.168 
2.118 
2.078 
2.027 
1.955 
1.875 
1.983 
h 
1.506 
1.427 
1.345 
1.306 
1.258 
1.201 
1.144 
1.131 
h 
0.928 
0.902 
0.899 
0.898 
0.896 
0.886 
0.868 
0.833 
h 
0.579 
0.548 
0.48 
0.291 
