26.391 
26.346 
26.224 
26.005 
25.786 
25.755 
25.704 
25.619 
h 
23.289 
23.212 
23.155 
23.107 
23.009 
22.813 
22.442 
21.81 
h 
20.717 
27.498 
20.557 
20.19 
20.006 
19.773 
19.348 
18.63 
17.7 
17.126 
h 
15.382 
15.0 
14.798 
14.577 
14.289 
13.899 
13.25 
12.529 
h 
12.384 
11.632 
11.575 
11.548 
11.521 
11.476 
11.402 
11.361 
h 
10.915 
10.895 
10.865 
10.824 
10.795 
10.754 
10.71 
10.583 
h 
10.16 
10.097 
10.026 
10.048 
9.949 
9.897 
9.811 
9.659 
h 
9.191 
9.011 
8.861 
8.787 
8.706 
8.592 
8.42 
8.149 
h 
7.305 
7.012 
6.848 
6.679 
6.505 
6.484 
6.291 
6.143 
h 
5.502 
5.401 
5.353 
5.336 
5.325 
5.302 
5.258 
5.19 
h 
4.798 
4.736 
4.671 
4.618 
4.603 
4.556 
4.483 
4.38 
h 
4.044 
3.978 
3.944 
3.931 
3.899 
3.885 
3.853 
3.853 
h 
3.734 
3.666 
3.654 
3.647 
3.632 
3.606 
3.567 
3.538 
h 
3.478 
3.366 
3.312 
3.294 
3.271 
3.242 
3.223 
3.199 
h 
2.962 
2.93 
2.906 
2.873 
2.834 
2.812 
2.777 
2.762 
h 
2.665 
2.637 
2.606 
2.588 
2.567 
2.542 
2.526 
2.514 
h 
2.438 
2.417 
2.402 
2.385 
2.37 
2.347 
2.308 
2.237 
h 
1.934 
1.873 
1.81 
1.726 
1.67 
1.602 
1.529 
1.526 
h 
1.887 
1.549 
1.492 
1.485 
1.482 
1.482 
1.479 
1.475 
h 
1.329 
1.347 
1.326 
1.325 
1.322 
1.317 
1.309 
1.294 
1.273 
1.231 
h 
1.058 
1.041 
1.023 
1.02 
1.017 
1.015 
1.01 
1.003 
h 
0.887 
0.872 
0.869 
0.865 
0.858 
0.844 
0.822 
0.807 
h 
0.681 
0.626 
0.522 
0.344 
0.156 
