27.158 
26.977 
26.485 
25.616 
25.046 
25.034 
25.028 
25.022 
h 
24.306 
24.262 
24.187 
24.055 
23.781 
23.276 
22.448 
21.434 
h 
19.86 
19.193 
18.641 
18.068 
17.235 
15.945 
14.162 
13.072 
h 
12.684 
12.663 
12.63 
12.623 
12.614 
12.603 
12.582 
12.545 
h 
12.37 
12.24 
12.096 
12.177 
11.993 
11.877 
11.657 
11.288 
h 
9.975 
9.688 
9.586 
9.431 
9.231 
9.036 
8.859 
8.565 
h 
8.041 
7.774 
7.763 
7.744 
7.712 
7.67 
7.615 
7.547 
h 
6.962 
6.876 
6.86 
6.83 
6.775 
6.685 
6.547 
6.322 
h 
5.774 
5.776 
5.621 
5.613 
5.607 
5.595 
5.578 
5.544 
h 
5.383 
5.364 
5.352 
5.347 
5.338 
5.324 
5.3 
5.27 
h 
5.047 
4.978 
4.922 
4.903 
4.876 
4.823 
4.73 
4.584 
h 
4.547 
4.233 
4.23 
4.221 
4.202 
4.164 
4.108 
4.025 
h 
3.929 
3.967 
3.908 
3.792 
3.793 
3.79 
3.794 
3.792 
h 
3.751 
3.731 
3.689 
3.65 
3.638 
3.624 
3.607 
3.57 
h 
3.334 
3.257 
3.216 
3.178 
3.135 
3.107 
3.055 
2.974 
h 
2.834 
2.91 
2.755 
2.744 
2.726 
2.695 
2.644 
2.572 
2.481 
2.374 
h 
2.171 
2.171 
2.16 
2.159 
2.156 
2.151 
2.146 
2.134 
h 
1.97 
1.906 
1.842 
1.811 
1.796 
1.786 
1.772 
1.748 
h 
1.629 
1.564 
1.535 
1.504 
1.481 
1.461 
1.436 
1.432 
h 
1.229 
1.234 
1.222 
1.22 
1.215 
1.205 
1.187 
1.155 
h 
0.883 
0.865 
0.782 
0.758 
0.748 
0.747 
0.743 
0.738 
h 
0.649 
0.635 
0.623 
0.601 
0.572 
0.671 
0.553 
0.504 
0.447 
0.364 
0.251 
