25.702 
25.662 
25.556 
25.369 
25.197 
25.148 
25.099 
25.046 
h 
23.162 
23.106 
23.018 
22.864 
22.558 
22.02 
21.298 
20.937 
h 
20.028 
19.909 
19.768 
19.512 
19.016 
18.179 
17.329 
17.027 
h 
15.883 
15.75 
15.628 
15.514 
15.411 
15.271 
15.029 
14.71 
h 
12.844 
12.768 
12.669 
12.576 
12.419 
12.15 
11.675 
10.973 
h 
10.114 
9.976 
9.872 
9.725 
9.517 
9.431 
9.462 
9.238 
h 
8.879 
8.847 
8.82 
8.807 
8.791 
8.763 
8.72 
8.672 
h 
8.211 
8.169 
8.166 
8.128 
8.113 
8.084 
8.031 
7.953 
h 
7.606 
7.538 
7.489 
7.411 
7.328 
7.316 
7.229 
7.141 
h 
6.732 
6.733 
6.682 
6.689 
6.669 
6.639 
6.592 
6.509 
h 
6.032 
5.994 
5.963 
5.887 
5.854 
5.765 
5.718 
5.633 
h 
4.801 
4.764 
4.74 
4.708 
4.689 
4.641 
4.581 
4.479 
h 
4.065 
3.991 
3.883 
3.836 
3.796 
3.776 
3.755 
3.73 
h 
3.35 
3.305 
3.242 
3.152 
3.127 
3.055 
3.009 
2.949 
h 
2.69 
2.614 
2.646 
2.503 
2.483 
2.452 
2.413 
2.363 
h 
2.326 
2.345 
2.278 
2.263 
2.242 
2.204 
2.169 
2.116 
h 
2.053 
1.969 
1.853 
1.795 
1.891 
1.704 
1.68 
1.642 
h 
1.259 
1.217 
1.158 
1.132 
1.122 
1.101 
1.071 
1.05 
h 
0.926 
0.881 
0.837 
0.825 
0.813 
0.798 
0.785 
0.756 
h 
0.642 
0.589 
0.572 
0.541 
0.487 
0.409 
0.583 
0.512 
