26.207 
26.198 
26.174 
26.117 
26.0 
25.78 
25.415 
25.019 
h 
23.455 
23.866 
23.12 
23.074 
22.983 
22.806 
22.496 
22.05 
22.3 
22.009 
h 
21.31 
21.26 
21.177 
20.998 
20.661 
20.144 
19.53 
19.185 
h 
17.935 
17.481 
17.395 
17.251 
17.11 
17.013 
16.905 
16.758 
h 
16.078 
15.965 
15.912 
15.813 
15.701 
15.544 
15.267 
14.875 
h 
13.661 
13.669 
13.637 
13.618 
13.589 
13.554 
13.489 
13.423 
h 
12.662 
12.637 
12.618 
12.589 
12.542 
12.486 
12.386 
12.253 
h 
11.921 
11.803 
11.76 
11.748 
11.739 
11.726 
11.701 
11.661 
h 
11.428 
11.386 
11.353 
11.219 
11.131 
11.023 
10.841 
10.563 
h 
9.426 
9.376 
9.167 
9.082 
8.944 
8.762 
8.6 
8.421 
h 
7.834 
7.762 
7.685 
7.657 
7.622 
7.56 
7.456 
7.303 
h 
6.591 
6.435 
6.351 
6.322 
6.164 
5.985 
5.684 
5.174 
h 
3.681 
3.647 
3.369 
3.168 
3.109 
3.047 
2.976 
2.863 
h 
2.582 
2.455 
2.388 
2.365 
2.339 
2.332 
2.26 
2.77 
2.227 
2.224 
2.224 
2.211 
2.188 
2.164 
2.121 
2.139 
h 
2.044 
2.054 
2.083 
2.082 
2.083 
2.088 
2.072 
2.064 
2.026 
2.029 
2.036 
h 
1.979 
1.971 
1.964 
1.952 
1.922 
1.912 
1.893 
1.865 
h 
1.635 
1.58 
1.489 
1.444 
1.43 
1.413 
1.379 
1.312 
h 
0.994 
0.796 
0.623 
0.536 
0.57 
0.496 
0.476 
0.449 
h 
0.347 
0.279 
