31.281 
30.951 
29.987 
27.942 
25.317 
25.146 
25.132 
25.112 
25.081 
25.055 
25.038 
25.009 
24.984 
24.97 
24.946 
24.918 
24.898 
24.894 
h 
23.594 
23.568 
23.499 
23.366 
23.158 
22.774 
22.113 
21.235 
20.705 
20.499 
20.334 
20.23 
20.053 
19.857 
19.704 
19.615 
19.583 
19.564 
19.525 
19.454 
19.329 
19.089 
18.662 
19.343 
18.631 
18.319 
18.3 
18.271 
18.213 
18.103 
17.916 
17.895 
20.16 
17.62 
17.581 
17.532 
17.444 
17.308 
17.157 
16.964 
17.033 
16.911 
16.83 
16.822 
16.806 
16.776 
16.746 
16.69 
16.607 
16.735 
16.566 
16.549 
16.521 
16.484 
16.417 
16.307 
16.666 
16.403 
16.229 
16.225 
16.219 
16.211 
16.202 
16.184 
16.153 
16.106 
16.103 
h 
15.328 
15.286 
15.266 
15.224 
15.142 
15.005 
14.751 
14.396 
14.164 
13.894 
13.777 
13.669 
13.578 
13.531 
13.444 
13.289 
12.994 
12.469 
11.649 
13.685 
16.61 
11.028 
10.983 
10.961 
10.947 
10.923 
10.885 
10.865 
10.843 
10.808 
10.798 
10.78 
10.777 
10.771 
10.762 
10.75 
10.751 
10.799 
10.739 
10.721 
10.714 
10.705 
h 
10.696 
10.688 
10.673 
10.648 
10.599 
10.535 
10.39 
10.191 
10.009 
9.993 
9.951 
9.914 
9.864 
9.846 
9.824 
9.799 
9.755 
9.732 
9.721 
9.706 
9.677 
9.689 
9.678 
9.675 
9.673 
h 
9.767 
9.746 
9.71 
9.684 
9.686 
9.683 
9.677 
9.66 
9.645 
9.627 
9.603 
9.585 
9.615 
9.584 
9.58 
9.58 
h 
9.534 
9.531 
9.527 
9.518 
9.519 
9.508 
9.487 
9.445 
h 
