27.557 
27.38 
26.882 
25.917 
24.977 
24.969 
24.966 
24.963 
24.957 
24.947 
24.943 
24.939 
24.937 
h 
22.962 
22.897 
22.778 
22.618 
22.438 
22.085 
21.439 
20.408 
19.257 
19.806 
18.49 
17.978 
17.818 
17.54 
17.211 
16.823 
16.895 
16.746 
16.528 
16.477 
16.383 
16.204 
15.91 
15.527 
15.699 
15.595 
15.06 
15.014 
14.944 
14.828 
14.658 
14.591 
14.517 
14.483 
14.431 
14.372 
14.324 
14.233 
14.128 
14.099 
14.065 
14.045 
14.012 
13.97 
13.904 
13.828 
13.707 
13.524 
13.952 
14.671 
13.345 
13.335 
13.327 
13.316 
13.296 
13.262 
13.219 
13.502 
13.291 
13.174 
13.171 
13.167 
13.159 
13.146 
13.131 
13.125 
13.377 
13.119 
13.118 
13.116 
13.113 
13.106 
13.094 
13.078 
13.081 
13.074 
h 
12.203 
12.182 
12.132 
12.044 
11.951 
11.893 
11.784 
11.593 
11.25 
10.707 
10.242 
12.532 
10.156 
10.144 
10.127 
10.093 
10.035 
9.932 
9.752 
9.512 
10.146 
9.419 
9.377 
9.373 
9.366 
9.351 
9.322 
9.268 
9.178 
9.23 
9.118 
9.065 
9.048 
9.026 
8.989 
8.935 
8.901 
8.877 
8.865 
8.847 
8.821 
8.8 
8.763 
8.695 
8.585 
8.998 
8.707 
8.436 
8.428 
8.412 
8.382 
8.329 
8.27 
8.577 
8.253 
8.25 
8.243 
8.229 
8.21 
8.175 
8.153 
8.512 
8.115 
8.112 
8.108 
8.1 
8.095 
8.091 
8.088 
8.086 
8.084 
h 
7.897 
7.885 
7.87 
7.861 
7.856 
7.846 
7.826 
7.791 
7.732 
7.663 
7.586 
7.729 
7.537 
7.521 
7.501 
7.467 
7.408 
7.363 
7.34 
7.357 
7.336 
7.329 
7.318 
7.302 
7.271 
7.266 
7.239 
7.23 
7.216 
7.192 
7.162 
7.176 
7.161 
7.16 
7.159 
7.159 
7.15 
7.149 
7.139 
h 
6.949 
6.932 
6.931 
6.927 
6.923 
6.919 
6.916 
6.908 
h 
6.826 
6.82 
6.814 
6.811 
6.807 
6.797 
6.798 
6.786 
h 
