25.723 
25.679 
25.56 
25.351 
25.196 
25.172 
25.13 
25.078 
25.009 
25.241 
25.027 
24.988 
24.988 
24.988 
24.987 
24.986 
h 
22.482 
22.352 
22.211 
22.12 
21.975 
21.684 
21.13 
20.221 
18.961 
17.145 
18.608 
27.236 
16.101 
15.988 
15.846 
15.797 
15.71 
15.574 
15.362 
15.135 
15.063 
14.97 
14.867 
14.776 
14.775 
14.603 
14.539 
14.474 
14.394 
14.293 
14.247 
14.204 
14.17 
14.114 
14.046 
13.992 
13.932 
13.885 
13.801 
13.665 
13.78 
13.613 
13.601 
13.58 
13.545 
13.507 
13.444 
13.348 
13.584 
13.322 
13.223 
13.218 
13.211 
13.201 
13.191 
13.215 
13.159 
13.143 
13.116 
13.081 
13.069 
13.051 
13.022 
13.004 
13.156 
12.988 
12.983 
12.974 
12.957 
12.932 
12.907 
12.952 
12.924 
12.889 
h 
12.189 
12.169 
12.126 
12.052 
11.974 
11.886 
11.738 
11.538 
11.296 
11.127 
10.921 
10.731 
10.636 
10.796 
10.554 
10.542 
10.52 
10.477 
10.393 
10.244 
10.197 
10.119 
10.019 
9.983 
9.932 
9.882 
9.833 
9.777 
9.706 
9.656 
9.64 
9.611 
9.554 
9.454 
9.346 
9.532 
9.299 
9.288 
9.275 
9.251 
9.217 
9.179 
9.123 
9.04 
8.938 
9.669 
8.914 
8.907 
8.895 
8.878 
8.874 
8.866 
8.852 
8.823 
8.769 
8.709 
9.095 
8.677 
8.669 
8.656 
8.632 
8.623 
8.607 
8.6 
8.597 
8.592 
h 
8.399 
8.421 
8.397 
8.39 
8.375 
8.346 
8.293 
8.209 
8.103 
8.08 
8.09 
8.01 
8.004 
7.996 
7.977 
7.963 
7.946 
7.988 
7.92 
7.917 
7.917 
7.912 
7.912 
7.911 
7.902 
7.898 
7.892 
h 
7.784 
7.759 
7.751 
7.746 
7.736 
7.725 
7.702 
7.659 
7.608 
7.521 
7.511 
7.489 
7.479 
7.45 
7.412 
7.379 
7.348 
7.538 
7.348 
7.345 
7.343 
7.34 
7.33 
7.315 
7.324 
7.315 
7.314 
h 
7.187 
7.164 
7.151 
7.142 
7.131 
7.112 
7.074 
7.029 
6.924 
6.869 
6.828 
6.793 
6.762 
6.725 
6.699 
6.704 
6.686 
6.657 
6.624 
6.594 
6.633 
6.601 
6.589 
6.584 
6.577 
6.567 
6.581 
6.57 
6.56 
6.543 
6.571 
h 
