31.266 
30.93 
29.952 
27.915 
25.492 
25.361 
25.335 
25.289 
25.233 
25.177 
25.134 
25.108 
25.059 
24.982 
25.048 
24.934 
24.922 
24.912 
24.896 
24.883 
24.884 
24.877 
24.876 
24.875 
h 
23.104 
23.029 
22.876 
22.685 
22.533 
22.315 
21.888 
21.106 
20.49 
20.113 
19.958 
19.701 
19.383 
18.818 
17.976 
20.423 
17.729 
17.495 
17.463 
17.424 
17.366 
17.309 
17.204 
17.027 
16.748 
16.849 
17.277 
16.522 
16.507 
16.489 
16.458 
16.413 
16.374 
16.345 
16.301 
16.311 
16.28 
16.257 
16.248 
16.23 
16.196 
16.137 
16.075 
16.146 
16.055 
16.053 
16.049 
16.041 
16.026 
16.007 
h 
15.212 
15.346 
15.136 
15.095 
15.012 
14.858 
14.588 
14.208 
13.936 
13.749 
13.68 
13.449 
13.394 
13.34 
13.249 
13.088 
12.877 
12.975 
12.918 
12.658 
12.643 
12.613 
12.563 
12.476 
12.312 
12.012 
11.54 
13.688 
13.053 
11.235 
11.226 
11.208 
11.171 
11.103 
10.996 
11.035 
11.667 
10.903 
10.901 
10.896 
10.891 
10.877 
10.853 
10.807 
10.733 
10.876 
10.807 
10.675 
10.673 
10.67 
10.665 
10.658 
10.648 
10.63 
10.612 
10.585 
h 
10.272 
10.274 
10.266 
10.258 
10.241 
10.209 
10.149 
10.038 
10.086 
9.951 
9.838 
9.83 
9.82 
9.802 
9.787 
9.753 
9.739 
9.72 
9.687 
9.633 
9.612 
9.676 
9.565 
9.562 
9.558 
9.547 
9.531 
9.526 
9.509 
9.508 
9.507 
9.506 
9.5 
9.491 
9.48 
h 
9.37 
9.404 
9.363 
9.359 
9.347 
9.323 
9.278 
9.201 
9.055 
8.941 
8.912 
8.866 
8.816 
8.758 
8.688 
8.663 
8.625 
8.612 
8.605 
8.609 
8.585 
8.583 
8.582 
8.574 
8.561 
8.544 
8.523 
8.48 
8.521 
8.459 
8.457 
8.454 
8.445 
8.435 
8.438 
8.43 
h 
8.178 
8.157 
8.128 
8.115 
8.11 
8.105 
8.094 
8.083 
8.055 
8.029 
7.988 
7.938 
7.95 
7.929 
7.916 
7.895 
7.878 
7.858 
7.877 
7.846 
7.839 
7.831 
7.83 
7.841 
h 
