34.134 
33.715 
32.46 
29.659 
25.54 
25.122 
25.062 
25.05 
25.03 
25.003 
24.985 
24.976 
24.972 
24.965 
h 
23.234 
22.973 
22.658 
22.57 
22.498 
22.345 
22.051 
21.51 
20.594 
19.964 
23.688 
19.723 
19.65 
19.604 
19.539 
19.429 
19.304 
19.206 
19.164 
19.137 
19.085 
18.99 
18.841 
18.735 
18.826 
18.665 
18.65 
18.629 
18.6 
18.557 
18.522 
18.458 
18.425 
18.391 
18.38 
18.367 
18.349 
18.334 
18.328 
18.319 
18.303 
18.284 
18.275 
18.261 
18.238 
18.198 
h 
17.981 
17.984 
17.713 
17.666 
17.602 
17.574 
17.559 
17.57 
17.56 
17.558 
17.553 
h 
17.023 
16.951 
16.852 
16.793 
16.754 
16.712 
16.642 
16.508 
16.275 
16.08 
16.017 
15.953 
15.922 
15.875 
15.812 
15.758 
15.677 
15.533 
15.32 
16.008 
17.213 
15.175 
15.164 
15.149 
15.126 
15.081 
15.004 
14.895 
14.844 
14.885 
14.797 
14.792 
14.786 
14.777 
14.766 
14.746 
14.768 
h 
14.356 
14.314 
14.303 
14.29 
14.27 
14.253 
14.233 
14.198 
14.142 
14.094 
14.107 
14.078 
14.076 
14.073 
14.068 
14.059 
h 
13.813 
13.804 
13.794 
13.784 
13.775 
13.758 
13.731 
13.67 
13.586 
13.521 
13.487 
13.437 
13.36 
13.257 
13.272 
13.228 
13.211 
13.185 
13.155 
13.104 
13.067 
13.112 
13.032 
13.024 
13.011 
12.992 
12.973 
12.948 
12.948 
h 
12.939 
12.925 
12.902 
12.875 
12.918 
12.777 
12.667 
12.497 
12.354 
12.304 
12.284 
12.251 
12.199 
12.153 
12.1 
12.052 
12.048 
12.021 
12.009 
11.984 
11.939 
11.87 
11.895 
12.466 
11.796 
11.79 
11.788 
11.786 
11.781 
11.775 
11.774 
11.768 
11.767 
h 
