27.934 
27.728 
27.149 
26.032 
24.966 
24.959 
24.956 
24.954 
24.949 
24.94 
24.925 
24.925 
24.916 
h 
24.126 
24.099 
24.026 
23.866 
23.537 
22.919 
21.9 
20.718 
20.045 
19.64 
19.538 
19.368 
19.025 
18.387 
17.667 
18.766 
17.255 
17.151 
16.997 
16.822 
16.585 
16.356 
16.176 
16.092 
15.951 
15.782 
15.582 
15.657 
15.469 
15.415 
15.317 
15.181 
15.067 
14.887 
14.914 
14.823 
14.549 
14.519 
14.472 
14.399 
14.345 
14.24 
14.055 
14.167 
14.398 
13.85 
13.837 
13.822 
13.793 
13.755 
13.735 
13.72 
13.7 
13.686 
13.677 
13.66 
13.635 
13.622 
13.604 
13.595 
13.581 
h 
12.905 
12.778 
12.733 
12.671 
12.57 
12.487 
12.383 
12.209 
12.039 
11.753 
11.361 
11.486 
12.084 
11.093 
11.091 
11.088 
11.074 
11.043 
10.983 
10.868 
10.67 
10.351 
11.723 
10.284 
10.273 
10.248 
10.199 
10.108 
9.953 
10.145 
10.159 
9.81 
9.803 
9.79 
9.763 
9.714 
9.658 
9.638 
9.631 
9.601 
9.594 
9.585 
9.57 
9.543 
9.506 
9.489 
9.893 
9.469 
9.465 
9.458 
9.444 
9.42 
9.386 
9.386 
9.367 
9.359 
9.345 
9.318 
9.273 
9.257 
9.565 
9.213 
9.211 
9.208 
9.203 
9.192 
9.174 
9.144 
9.231 
9.133 
h 
8.931 
8.892 
8.83 
8.787 
8.779 
8.764 
8.739 
8.7 
8.628 
8.512 
8.595 
8.461 
8.383 
8.356 
8.315 
8.279 
8.248 
8.276 
8.249 
8.246 
8.242 
8.24 
8.229 
8.208 
h 
7.798 
7.774 
7.743 
7.716 
7.778 
7.716 
7.713 
7.707 
7.703 
7.687 
7.659 
7.613 
7.597 
7.659 
7.567 
7.565 
7.561 
7.552 
7.533 
7.498 
7.572 
7.499 
7.498 
7.495 
7.486 
7.474 
7.463 
h 
7.097 
7.067 
7.024 
7.01 
7.011 
7.02 
7.026 
7.01 
6.978 
6.922 
6.836 
6.787 
6.734 
6.902 
6.743 
6.741 
6.742 
6.727 
6.749 
6.727 
6.708 
6.692 
6.682 
h 
