28.376 
28.148 
27.492 
26.158 
24.618 
24.556 
24.553 
24.545 
24.53 
24.501 
24.455 
24.391 
24.553 
h 
23.061 
22.83 
22.697 
22.649 
22.544 
22.331 
21.927 
21.246 
20.87 
23.849 
20.32 
20.292 
20.243 
20.155 
20.033 
19.911 
19.673 
19.278 
18.786 
21.432 
18.666 
18.643 
18.604 
18.553 
18.473 
18.397 
18.265 
18.071 
18.5 
18.226 
17.787 
17.765 
17.718 
17.625 
17.451 
17.174 
18.092 
17.113 
17.106 
17.099 
17.085 
17.06 
17.029 
16.998 
16.958 
16.939 
16.921 
16.89 
16.84 
16.873 
16.832 
16.794 
16.791 
16.785 
h 
16.203 
16.065 
15.909 
15.872 
15.849 
15.803 
15.717 
15.631 
15.535 
15.389 
15.154 
15.305 
14.955 
14.827 
14.798 
14.752 
14.683 
14.66 
14.63 
14.586 
14.561 
14.53 
14.519 
14.498 
14.461 
14.406 
14.417 
14.372 
14.34 
14.324 
14.306 
14.291 
14.312 
14.279 
14.265 
14.242 
14.221 
14.207 
14.206 
h 
13.981 
13.865 
13.757 
13.742 
13.725 
13.721 
13.712 
13.696 
13.666 
13.713 
13.634 
h 
13.063 
13.033 
13.036 
13.029 
13.021 
13.007 
12.983 
12.932 
12.884 
12.844 
12.807 
12.747 
12.712 
12.765 
12.689 
12.683 
12.671 
12.667 
12.663 
12.652 
h 
12.599 
12.545 
12.479 
12.442 
12.431 
12.426 
12.418 
12.404 
12.383 
12.358 
12.293 
12.252 
12.21 
12.21 
12.204 
12.198 
12.193 
12.171 
12.156 
12.132 
12.106 
12.144 
12.134 
12.087 
12.088 
12.087 
12.087 
h 
