25.679 
25.631 
25.501 
25.272 
25.083 
25.022 
24.947 
24.883 
24.865 
24.843 
24.806 
24.757 
24.718 
24.703 
24.678 
24.635 
24.587 
24.7 
24.591 
24.567 
24.567 
24.566 
24.564 
h 
23.22 
23.137 
23.0 
22.875 
22.669 
22.276 
21.62 
20.851 
20.338 
20.058 
19.609 
18.985 
18.78 
18.642 
18.239 
18.145 
18.0 
17.879 
17.757 
17.769 
17.582 
17.453 
17.27 
17.087 
16.958 
16.741 
16.586 
16.839 
16.4 
16.373 
16.357 
16.342 
16.317 
16.283 
16.225 
16.127 
16.011 
15.909 
15.967 
15.843 
15.821 
15.788 
15.751 
15.698 
15.63 
15.58 
15.533 
15.511 
15.492 
15.462 
15.425 
15.365 
15.27 
15.301 
15.36 
15.173 
15.165 
15.15 
15.125 
15.106 
15.168 
15.087 
15.082 
15.079 
15.074 
15.063 
15.046 
15.075 
h 
14.93 
14.849 
14.823 
14.81 
14.789 
14.764 
14.751 
14.732 
14.708 
14.661 
14.629 
14.594 
14.579 
14.562 
14.556 
14.553 
14.552 
14.549 
14.548 
14.545 
h 
14.188 
14.153 
14.13 
14.121 
14.104 
14.077 
14.025 
13.941 
13.848 
13.802 
13.785 
13.776 
13.763 
13.747 
13.718 
13.673 
13.636 
13.61 
13.564 
13.494 
13.469 
13.432 
13.41 
13.375 
13.338 
13.303 
13.255 
13.188 
13.196 
13.165 
13.148 
13.12 
13.092 
13.037 
12.984 
12.945 
12.938 
12.93 
12.917 
12.898 
12.862 
12.835 
12.783 
12.679 
12.537 
13.408 
12.492 
12.486 
12.474 
12.46 
12.436 
12.391 
12.378 
12.342 
12.34 
12.337 
12.336 
12.328 
12.313 
12.287 
12.277 
12.261 
h 
11.686 
11.739 
11.673 
11.656 
11.62 
11.554 
11.441 
11.293 
11.04 
10.695 
10.9 
11.344 
10.575 
10.578 
10.578 
10.575 
10.571 
10.564 
10.541 
10.52 
10.49 
h 
10.408 
10.309 
10.193 
10.131 
10.103 
10.089 
10.072 
10.072 
10.054 
10.018 
9.953 
9.831 
9.631 
9.438 
10.789 
9.388 
9.379 
9.36 
9.329 
9.277 
9.203 
9.124 
9.567 
9.125 
9.119 
9.109 
9.093 
9.072 
9.042 
9.008 
9.023 
8.979 
8.976 
8.974 
8.976 
8.955 
8.924 
8.947 
h 
9.033 
8.919 
8.779 
8.754 
8.752 
8.75 
8.745 
8.738 
8.726 
8.703 
8.69 
8.837 
8.722 
8.611 
8.606 
8.599 
8.597 
8.584 
8.579 
8.548 
8.522 
8.512 
8.496 
8.479 
8.465 
8.446 
8.449 
8.408 
8.4 
8.39 
8.377 
8.368 
8.342 
8.352 
8.346 
8.338 
h 
