29.742 
29.398 
28.421 
26.516 
24.787 
24.748 
24.68 
24.592 
24.543 
24.513 
24.501 
24.495 
24.489 
24.483 
24.474 
24.464 
24.468 
24.459 
h 
22.558 
22.509 
22.396 
22.221 
22.07 
21.829 
21.387 
20.661 
19.748 
19.859 
19.373 
19.068 
18.994 
18.925 
18.789 
18.551 
18.266 
18.752 
18.156 
18.13 
18.101 
18.043 
17.929 
17.786 
17.719 
17.625 
17.583 
17.543 
17.474 
17.339 
17.091 
16.692 
16.946 
18.47 
16.323 
16.312 
16.298 
16.276 
16.243 
16.196 
16.123 
16.14 
16.075 
16.051 
16.045 
16.035 
16.014 
15.977 
15.915 
15.852 
17.718 
15.811 
15.805 
15.793 
15.773 
15.74 
15.746 
15.864 
15.706 
15.704 
h 
14.957 
14.907 
14.822 
14.738 
14.72 
14.696 
14.646 
14.552 
14.387 
14.136 
13.853 
14.38 
13.675 
13.619 
13.522 
13.401 
13.222 
13.212 
13.083 
13.026 
12.978 
12.909 
12.794 
12.658 
12.705 
12.608 
12.592 
12.563 
12.509 
12.429 
12.357 
12.318 
12.283 
12.263 
12.223 
12.149 
12.019 
12.378 
11.979 
11.97 
11.97 
11.969 
11.961 
11.947 
11.919 
11.869 
11.844 
11.853 
11.799 
11.796 
11.789 
11.776 
11.75 
11.747 
11.736 
h 
11.455 
11.4 
11.375 
11.37 
11.359 
11.337 
11.295 
11.214 
11.134 
11.06 
11.09 
11.034 
11.023 
11.002 
10.965 
10.92 
10.98 
10.923 
10.921 
10.918 
10.913 
10.904 
10.915 
10.887 
h 
10.731 
10.739 
10.735 
10.728 
10.718 
10.7 
10.664 
10.594 
10.615 
10.41 
10.419 
10.411 
10.4 
10.382 
10.399 
10.341 
10.345 
10.348 
h 
10.055 
10.046 
10.023 
9.985 
9.938 
9.927 
9.886 
9.822 
9.714 
9.572 
9.469 
9.566 
9.359 
9.293 
9.239 
9.163 
9.148 
9.158 
9.072 
9.074 
9.078 
9.074 
9.056 
9.077 
9.064 
9.062 
9.057 
h 
