27.601 
27.392 
26.82 
25.804 
25.092 
25.041 
24.948 
24.804 
24.604 
24.932 
24.929 
24.514 
24.512 
24.512 
24.511 
24.509 
24.506 
24.501 
24.522 
24.497 
h 
22.895 
22.821 
22.675 
22.506 
22.391 
22.168 
21.741 
21.006 
20.018 
19.333 
21.647 
18.806 
18.661 
18.567 
18.389 
18.081 
17.707 
18.708 
17.574 
17.524 
17.488 
17.479 
17.46 
17.423 
17.357 
17.373 
17.274 
17.255 
17.231 
17.182 
17.09 
16.927 
16.796 
17.715 
16.648 
16.632 
16.613 
16.588 
16.553 
16.516 
16.447 
16.354 
16.633 
16.327 
16.322 
16.311 
16.292 
16.269 
16.279 
16.241 
16.224 
16.214 
h 
15.682 
15.613 
15.526 
15.491 
15.471 
15.438 
15.398 
15.396 
15.366 
15.339 
15.293 
15.246 
15.296 
15.224 
15.217 
15.205 
15.208 
15.201 
15.196 
h 
14.752 
14.746 
14.744 
14.735 
14.716 
14.678 
14.615 
14.512 
14.422 
14.359 
14.33 
14.31 
14.287 
14.243 
14.159 
14.001 
13.726 
13.437 
20.38 
13.321 
13.294 
13.258 
13.192 
13.074 
12.953 
13.032 
12.894 
12.881 
12.854 
12.805 
12.717 
12.869 
12.691 
12.689 
12.684 
12.677 
12.666 
12.648 
12.622 
12.608 
12.593 
h 
12.572 
12.535 
12.464 
12.333 
12.32 
12.797 
11.967 
11.831 
11.605 
11.361 
11.261 
11.171 
11.061 
10.99 
10.907 
10.711 
10.62 
10.591 
10.534 
10.438 
10.375 
10.409 
10.383 
10.346 
10.36 
10.32 
10.323 
10.327 
10.326 
10.325 
10.321 
10.312 
10.291 
10.298 
h 
10.037 
10.008 
9.971 
9.941 
9.934 
9.936 
9.942 
9.938 
9.937 
9.937 
9.892 
9.853 
9.799 
9.757 
9.849 
9.749 
9.734 
9.709 
9.703 
9.725 
9.713 
h 
9.546 
9.517 
9.493 
9.487 
9.475 
9.453 
9.424 
9.364 
9.281 
9.218 
9.115 
9.035 
8.982 
8.925 
8.876 
8.854 
8.878 
8.809 
8.793 
8.77 
8.743 
8.718 
8.736 
8.699 
8.69 
8.68 
8.676 
8.652 
8.647 
8.639 
8.626 
8.605 
8.634 
8.588 
8.582 
8.571 
8.564 
8.559 
8.549 
8.543 
8.537 
8.528 
h 
8.376 
8.365 
8.343 
8.305 
8.259 
8.206 
8.187 
8.183 
8.177 
8.167 
8.147 
8.111 
8.055 
8.02 
8.087 
7.966 
7.955 
7.938 
7.917 
7.869 
7.864 
7.853 
7.828 
7.817 
7.804 
7.787 
7.78 
7.77 
7.767 
7.758 
7.754 
7.743 
7.723 
7.718 
h 
