27.766 
27.605 
27.163 
26.363 
25.717 
25.689 
25.632 
25.531 
25.393 
25.287 
25.225 
25.12 
24.99 
25.338 
24.966 
24.962 
24.953 
24.939 
24.923 
24.92 
h 
23.325 
23.165 
23.09 
22.995 
22.801 
22.431 
21.811 
21.05 
20.555 
20.267 
19.906 
19.46 
20.083 
19.355 
19.321 
19.26 
19.149 
18.997 
18.711 
18.227 
17.781 
21.518 
17.518 
17.487 
17.436 
17.364 
17.228 
16.98 
17.411 
16.911 
16.779 
16.766 
16.74 
16.691 
16.604 
16.496 
16.403 
16.947 
16.318 
16.302 
16.276 
16.249 
16.219 
16.18 
16.157 
16.125 
16.085 
16.074 
16.065 
16.055 
16.041 
16.031 
16.018 
16.003 
h 
15.007 
14.963 
14.881 
14.776 
14.732 
14.679 
14.574 
14.374 
14.017 
13.47 
12.761 
14.954 
12.482 
12.41 
12.355 
12.329 
12.284 
12.224 
12.189 
12.143 
12.063 
11.963 
11.911 
11.808 
11.728 
11.64 
11.492 
11.385 
11.742 
11.24 
11.219 
11.191 
11.163 
11.154 
11.146 
11.139 
11.117 
11.086 
11.038 
10.997 
10.943 
10.886 
11.318 
10.826 
10.813 
10.793 
10.77 
10.752 
10.718 
10.654 
10.542 
10.453 
12.76 
10.347 
10.342 
10.338 
10.331 
10.331 
10.308 
10.297 
10.288 
10.284 
h 
9.977 
9.976 
9.96 
9.939 
9.903 
9.842 
9.767 
9.629 
9.448 
9.36 
9.274 
9.177 
9.173 
9.133 
9.083 
9.08 
9.05 
9.05 
9.046 
9.038 
9.028 
9.004 
9.001 
h 
8.876 
8.898 
8.889 
8.886 
8.881 
8.866 
8.871 
8.851 
h 
8.62 
8.522 
8.458 
8.455 
8.451 
8.442 
8.428 
8.402 
8.35 
8.258 
8.118 
7.984 
8.506 
7.909 
7.901 
7.887 
7.852 
7.791 
7.718 
7.731 
7.693 
7.638 
7.636 
7.635 
7.611 
7.578 
7.555 
7.513 
7.525 
7.49 
7.466 
7.425 
7.42 
7.39 
7.37 
7.32 
7.343 
7.318 
7.304 
7.304 
7.303 
7.302 
7.3 
7.297 
h 
7.205 
7.2 
7.158 
7.159 
7.15 
7.135 
7.094 
7.019 
6.899 
6.721 
6.568 
6.856 
6.552 
6.54 
6.522 
6.489 
6.48 
6.499 
6.437 
6.429 
6.429 
6.426 
6.421 
6.399 
6.407 
6.406 
6.404 
6.403 
6.397 
6.41 
6.387 
6.394 
h 
6.365 
6.366 
6.364 
6.358 
6.354 
6.317 
6.282 
6.211 
6.098 
6.018 
6.015 
5.947 
5.886 
5.822 
5.74 
5.692 
5.677 
5.655 
5.615 
5.57 
5.498 
5.399 
5.363 
5.751 
5.37 
5.345 
5.338 
5.337 
5.335 
5.335 
5.336 
5.357 
5.337 
h 
5.15 
5.147 
5.148 
5.145 
5.142 
5.136 
5.124 
5.108 
h 
4.644 
4.624 
4.63 
4.601 
4.586 
4.562 
4.525 
4.447 
4.316 
4.14 
4.046 
3.967 
3.891 
3.812 
3.815 
3.783 
3.78 
3.775 
3.767 
3.748 
3.798 
3.73 
3.723 
3.724 
3.726 
3.733 
3.758 
3.798 
3.706 
3.695 
3.685 
3.669 
3.649 
3.632 
3.604 
3.557 
3.564 
3.539 
3.536 
3.529 
3.523 
3.516 
3.512 
3.513 
3.513 
3.515 
3.526 
3.506 
3.503 
3.506 
h 
3.443 
3.441 
3.445 
3.442 
3.44 
3.441 
3.404 
3.357 
3.272 
3.128 
2.931 
2.879 
3.29 
2.798 
2.817 
2.789 
2.784 
2.775 
2.768 
2.762 
2.744 
2.726 
2.706 
2.675 
2.66 
2.648 
2.642 
2.63 
2.606 
2.562 
2.546 
2.532 
2.495 
2.485 
2.48 
2.471 
2.456 
2.467 
2.438 
2.435 
2.431 
2.427 
2.418 
2.403 
2.392 
2.428 
2.39 
2.386 
2.38 
2.375 
2.371 
2.368 
2.352 
2.522 
2.341 
2.342 
2.341 
2.339 
2.336 
2.333 
2.327 
2.317 
2.303 
2.295 
2.607 
2.28 
2.283 
2.284 
2.285 
2.282 
2.28 
2.281 
2.278 
2.275 
h 
2.264 
2.265 
2.27 
2.255 
2.253 
2.249 
2.244 
2.237 
2.236 
2.219 
2.185 
2.145 
2.123 
2.204 
2.11 
2.108 
2.111 
2.127 
2.112 
2.11 
2.104 
2.094 
2.082 
2.065 
2.118 
2.082 
2.077 
2.077 
2.078 
2.079 
2.077 
2.074 
2.068 
2.067 
h 
1.979 
1.978 
1.977 
1.978 
1.98 
1.979 
1.99 
1.966 
h 
1.731 
1.729 
1.727 
1.721 
1.71 
1.689 
1.651 
1.611 
1.572 
1.497 
1.406 
1.364 
1.33 
1.285 
1.227 
1.127 
0.992 
1.066 
0.916 
0.903 
0.882 
0.845 
0.779 
0.673 
0.891 
0.654 
