26.551 
26.434 
26.113 
25.547 
25.152 
25.134 
25.109 
25.085 
25.07 
25.054 
25.049 
25.04 
25.023 
h 
23.684 
23.58 
23.521 
23.394 
23.147 
22.702 
22.023 
21.462 
21.325 
21.161 
21.045 
20.922 
20.712 
20.331 
19.754 
20.681 
19.656 
19.111 
19.014 
18.865 
18.694 
18.386 
17.915 
17.529 
18.907 
17.28 
17.249 
17.191 
17.089 
16.955 
17.024 
16.883 
16.859 
16.847 
16.834 
16.815 
16.785 
16.752 
16.741 
16.706 
16.668 
16.653 
16.631 
16.607 
16.584 
16.57 
16.562 
16.55 
h 
15.66 
15.63 
15.609 
15.566 
15.479 
15.313 
15.035 
14.693 
14.544 
14.463 
14.457 
14.311 
14.27 
14.2 
14.079 
13.875 
13.866 
13.743 
13.634 
13.598 
13.532 
13.426 
13.278 
13.165 
13.046 
12.995 
12.946 
12.86 
12.76 
12.659 
12.618 
12.539 
12.395 
12.177 
11.883 
13.327 
11.785 
11.762 
11.745 
11.714 
11.657 
11.561 
11.447 
11.4 
11.32 
11.288 
11.228 
11.126 
10.946 
11.206 
10.866 
10.847 
10.831 
10.807 
10.758 
10.669 
10.538 
10.342 
11.077 
10.269 
10.232 
10.227 
10.216 
10.195 
10.162 
10.123 
10.101 
10.053 
10.017 
9.98 
9.955 
9.932 
9.892 
9.829 
9.749 
9.878 
9.719 
9.708 
9.687 
9.648 
9.624 
9.584 
9.51 
9.381 
9.709 
9.458 
9.259 
9.249 
9.229 
9.198 
9.14 
9.042 
9.208 
9.006 
8.987 
8.983 
8.98 
8.972 
8.958 
8.931 
h 
8.477 
8.416 
8.424 
8.364 
8.335 
8.279 
8.172 
7.991 
7.764 
7.663 
7.593 
7.566 
7.509 
7.476 
7.434 
7.442 
7.389 
7.395 
7.345 
7.344 
7.336 
7.334 
7.333 
7.328 
7.322 
h 
7.257 
7.231 
7.21 
7.201 
7.202 
7.19 
7.181 
7.164 
7.141 
7.13 
7.117 
7.109 
7.076 
7.073 
7.042 
7.034 
7.027 
7.009 
6.978 
6.92 
6.859 
6.864 
6.8 
6.756 
6.746 
6.73 
6.722 
6.722 
6.719 
6.717 
6.699 
6.691 
6.687 
6.68 
h 
6.427 
6.419 
6.419 
6.424 
6.401 
6.376 
6.337 
6.268 
6.144 
5.957 
5.838 
5.785 
5.819 
5.68 
5.617 
5.58 
5.556 
5.471 
5.466 
5.443 
5.418 
5.34 
5.341 
5.331 
5.305 
5.292 
5.228 
5.233 
5.234 
5.232 
5.218 
5.194 
5.173 
5.108 
5.128 
5.141 
5.11 
5.119 
5.112 
5.104 
5.086 
5.077 
h 
4.75 
4.702 
4.652 
4.617 
4.614 
4.576 
4.535 
4.462 
4.327 
4.106 
3.877 
3.832 
3.588 
3.519 
3.466 
3.395 
3.351 
3.31 
3.302 
3.282 
3.261 
3.219 
3.215 
3.209 
3.196 
3.184 
3.165 
3.13 
3.141 
3.114 
3.088 
3.052 
3.028 
3.025 
3.021 
3.012 
2.995 
2.976 
2.944 
2.885 
2.786 
2.899 
2.885 
2.747 
2.748 
2.756 
2.758 
2.747 
2.73 
2.705 
2.712 
2.719 
2.704 
2.694 
2.689 
2.687 
2.688 
2.686 
h 
2.669 
2.675 
2.658 
2.659 
2.655 
2.644 
2.625 
2.597 
2.545 
2.485 
2.414 
2.345 
2.311 
2.429 
2.247 
2.232 
2.203 
2.173 
2.138 
2.107 
2.43 
2.115 
2.118 
2.118 
2.115 
2.109 
2.107 
2.112 
2.119 
2.121 
h 
2.139 
2.117 
2.093 
2.092 
2.093 
2.094 
2.097 
2.098 
2.091 
2.087 
2.088 
h 
2.038 
2.026 
2.013 
2.009 
2.004 
1.996 
1.981 
1.976 
1.935 
1.881 
1.814 
1.773 
1.762 
1.784 
1.683 
1.654 
1.618 
1.609 
1.56 
1.553 
1.54 
1.52 
1.506 
1.591 
1.539 
1.471 
1.478 
1.477 
1.476 
1.475 
1.474 
1.5 
1.522 
1.477 
1.476 
1.477 
1.473 
1.465 
1.456 
1.44 
1.415 
1.366 
1.343 
2.602 
1.299 
1.258 
1.255 
1.262 
1.259 
1.252 
1.243 
1.235 
1.276 
1.29 
1.245 
1.242 
1.237 
1.233 
1.232 
1.231 
1.231 
1.232 
1.232 
1.228 
1.221 
1.213 
1.207 
1.202 
1.195 
1.194 
1.193 
1.191 
1.189 
1.186 
1.182 
1.175 
1.168 
1.164 
1.163 
1.161 
1.155 
1.145 
1.142 
1.139 
1.134 
1.132 
1.131 
1.128 
1.123 
1.116 
1.108 
1.107 
1.095 
1.104 
1.091 
1.09 
1.088 
1.086 
1.084 
1.081 
h 
0.969 
0.949 
0.947 
0.943 
0.939 
0.931 
0.922 
0.903 
0.866 
0.799 
0.698 
0.629 
0.584 
