26.954 
26.791 
26.349 
25.581 
25.091 
25.058 
25.004 
24.944 
24.911 
24.885 
24.853 
24.851 
24.871 
h 
24.511 
24.478 
24.395 
24.207 
23.824 
23.121 
22.056 
21.211 
21.714 
21.281 
21.042 
21.005 
20.929 
20.798 
20.644 
20.498 
20.42 
20.383 
20.303 
20.141 
19.822 
19.238 
18.314 
20.082 
24.257 
17.285 
17.255 
17.247 
17.235 
17.208 
17.156 
17.055 
16.872 
16.841 
16.747 
16.662 
16.642 
16.61 
16.567 
16.554 
16.526 
16.494 
16.469 
16.43 
16.411 
16.396 
16.385 
16.365 
16.333 
16.275 
16.187 
16.521 
16.593 
16.111 
16.108 
16.103 
16.092 
16.073 
16.049 
16.029 
16.0 
16.007 
h 
15.508 
15.445 
15.416 
15.354 
15.224 
14.984 
14.597 
14.19 
14.04 
13.927 
13.82 
13.761 
13.713 
13.626 
13.484 
13.303 
13.025 
12.87 
13.673 
12.653 
12.618 
12.551 
12.425 
12.212 
11.944 
12.006 
11.8 
11.709 
11.692 
11.664 
11.61 
11.525 
11.499 
11.462 
11.399 
11.357 
11.342 
11.293 
11.285 
11.273 
11.254 
11.23 
11.226 
11.379 
11.213 
11.205 
11.189 
h 
10.782 
10.776 
10.766 
10.742 
10.709 
10.701 
10.59 
10.463 
10.28 
10.141 
10.088 
10.111 
10.061 
10.032 
10.003 
10.003 
9.987 
9.964 
9.956 
9.915 
10.094 
9.905 
9.889 
9.859 
9.82 
9.759 
9.727 
9.92 
9.655 
9.654 
9.653 
9.646 
9.614 
9.623 
9.598 
9.61 
9.6 
h 
9.517 
9.51 
9.5 
9.462 
9.455 
9.432 
9.389 
9.295 
9.149 
9.033 
8.92 
9.01 
8.951 
8.945 
8.933 
8.931 
8.93 
8.897 
8.913 
8.911 
8.907 
8.913 
8.903 
8.912 
8.908 
8.903 
h 
8.57 
8.576 
8.591 
8.589 
8.587 
8.561 
8.51 
8.417 
8.253 
7.97 
7.994 
7.69 
7.75 
7.722 
7.669 
7.621 
7.614 
7.473 
7.41 
7.415 
7.421 
7.387 
7.324 
7.318 
7.178 
7.227 
7.232 
7.228 
7.212 
7.167 
7.196 
7.151 
7.155 
h 
6.966 
6.948 
6.94 
6.921 
6.896 
6.855 
6.888 
6.799 
6.726 
6.642 
6.629 
6.62 
6.607 
6.582 
6.549 
6.512 
6.476 
6.455 
6.433 
6.409 
6.453 
6.406 
6.405 
6.403 
6.401 
6.398 
6.384 
6.372 
h 
5.789 
5.785 
5.779 
5.775 
5.768 
5.752 
5.721 
5.666 
5.573 
5.378 
5.11 
5.002 
4.949 
4.893 
4.816 
4.73 
4.645 
4.634 
4.588 
4.559 
4.542 
4.493 
4.489 
4.488 
4.48 
4.471 
4.447 
4.423 
4.404 
4.401 
4.393 
4.379 
4.371 
4.369 
4.367 
4.356 
4.341 
4.316 
4.335 
4.287 
4.287 
4.285 
4.28 
4.275 
4.267 
4.246 
4.245 
4.226 
4.225 
4.218 
4.216 
4.206 
4.2 
4.192 
4.182 
4.168 
4.162 
4.237 
4.123 
4.12 
4.117 
4.112 
4.104 
4.091 
4.075 
4.104 
4.054 
4.053 
4.05 
4.045 
4.041 
4.044 
4.026 
4.017 
4.021 
4.015 
4.008 
4.001 
3.994 
3.981 
4.003 
3.98 
3.968 
3.963 
3.96 
3.954 
3.944 
3.976 
h 
3.95 
3.934 
3.93 
3.929 
3.929 
3.926 
3.921 
3.916 
h 
3.733 
3.702 
3.695 
3.686 
3.666 
3.627 
3.552 
3.601 
3.44 
3.361 
3.341 
3.325 
3.3 
3.258 
3.19 
3.161 
3.167 
3.09 
3.082 
3.075 
3.073 
3.063 
3.057 
3.042 
3.014 
2.972 
2.984 
2.963 
2.95 
2.947 
2.932 
2.907 
2.868 
2.82 
2.956 
2.807 
2.802 
2.794 
2.779 
2.747 
2.726 
2.667 
2.745 
2.666 
2.617 
2.598 
2.58 
2.552 
2.55 
2.551 
2.512 
2.509 
2.503 
2.492 
2.473 
2.468 
2.558 
2.455 
2.445 
2.434 
2.429 
2.419 
2.415 
2.409 
2.401 
2.404 
2.38 
2.377 
2.375 
2.368 
2.359 
2.34 
2.317 
2.311 
2.3 
2.285 
2.272 
2.252 
2.263 
2.236 
2.237 
2.235 
2.23 
2.221 
2.214 
2.207 
2.197 
2.227 
2.177 
2.17 
2.161 
2.153 
2.134 
2.132 
2.126 
2.125 
2.12 
2.112 
2.101 
2.078 
h 
2.019 
2.014 
2.005 
1.988 
1.988 
1.954 
1.934 
1.896 
1.833 
1.76 
1.728 
1.692 
1.625 
1.597 
1.549 
1.472 
1.397 
1.339 
1.367 
1.268 
1.258 
1.246 
1.228 
1.211 
1.18 
1.16 
1.13 
1.135 
1.116 
1.092 
1.081 
1.072 
1.067 
1.061 
1.053 
1.041 
1.019 
1.024 
1.011 
1.003 
0.997 
0.995 
0.987 
0.974 
0.953 
0.978 
1.069 
0.933 
0.931 
0.929 
0.926 
0.921 
0.912 
0.903 
0.906 
0.893 
0.886 
0.885 
0.884 
0.882 
0.878 
0.873 
0.864 
0.878 
0.876 
0.851 
0.845 
0.843 
0.841 
0.836 
0.834 
0.828 
0.826 
0.825 
0.822 
0.818 
0.812 
0.814 
0.803 
0.802 
0.8 
0.798 
0.803 
0.797 
0.796 
0.796 
0.796 
h 
0.68 
0.666 
0.648 
