33.731 
33.266 
31.889 
28.911 
25.132 
24.976 
24.961 
24.948 
24.934 
24.917 
24.891 
24.871 
24.871 
24.861 
24.858 
24.854 
24.849 
24.841 
24.84 
24.838 
h 
23.437 
23.399 
23.32 
23.194 
22.979 
22.589 
21.957 
21.288 
20.884 
20.62 
20.469 
20.344 
20.107 
19.726 
19.322 
18.915 
19.064 
18.589 
18.489 
18.361 
18.222 
18.033 
17.722 
17.253 
16.881 
20.665 
16.679 
16.653 
16.619 
16.577 
16.534 
16.5 
16.47 
16.453 
16.434 
16.401 
16.352 
16.3 
16.218 
16.294 
16.178 
16.165 
16.161 
16.15 
16.131 
16.095 
16.036 
16.006 
16.165 
15.968 
15.964 
15.957 
15.945 
15.926 
15.908 
15.895 
15.883 
15.876 
h 
15.679 
15.663 
15.646 
15.61 
15.539 
15.403 
15.168 
14.854 
14.634 
14.369 
14.369 
14.255 
14.181 
14.171 
14.15 
14.118 
14.066 
13.965 
13.787 
13.496 
13.793 
16.105 
13.136 
13.117 
13.079 
13.009 
12.895 
12.779 
13.396 
12.752 
12.745 
12.732 
12.707 
12.672 
12.624 
12.663 
12.591 
12.561 
12.555 
12.547 
12.531 
12.504 
12.457 
12.41 
13.142 
12.394 
12.392 
12.387 
12.378 
12.36 
12.333 
12.322 
12.414 
12.298 
h 
12.004 
12.001 
11.994 
11.981 
11.953 
11.896 
11.792 
11.619 
11.394 
11.31 
11.346 
11.214 
11.176 
11.139 
11.206 
11.059 
11.055 
11.039 
11.033 
11.049 
11.011 
11.0 
11.0 
10.989 
h 
10.994 
10.984 
10.976 
10.967 
10.949 
10.914 
10.853 
10.744 
10.581 
10.475 
10.585 
10.363 
10.271 
10.265 
10.252 
10.229 
10.183 
10.133 
10.089 
10.247 
10.106 
10.079 
10.079 
10.078 
10.077 
10.075 
10.074 
10.085 
10.127 
h 
9.519 
9.464 
9.439 
9.43 
9.413 
9.381 
9.326 
9.222 
9.046 
8.912 
9.85 
8.807 
8.801 
8.795 
8.784 
8.774 
8.734 
8.697 
8.662 
8.655 
8.639 
8.609 
8.549 
8.44 
8.291 
8.852 
8.696 
8.187 
8.15 
8.142 
8.145 
8.144 
8.142 
8.133 
8.12 
8.101 
8.083 
8.049 
8.089 
8.026 
8.027 
8.028 
8.024 
8.017 
8.007 
7.988 
7.973 
7.941 
7.967 
7.938 
7.932 
7.922 
7.921 
7.915 
7.905 
7.887 
7.857 
7.864 
8.094 
7.819 
7.816 
7.812 
7.804 
7.792 
7.766 
7.82 
7.769 
7.764 
h 
7.579 
7.496 
7.397 
7.333 
7.299 
7.289 
7.294 
7.278 
7.267 
7.246 
7.201 
7.163 
7.128 
7.07 
7.042 
7.024 
6.998 
6.971 
6.943 
6.935 
6.925 
6.92 
6.895 
6.88 
6.863 
6.85 
6.826 
6.839 
6.816 
6.8 
6.795 
6.792 
6.79 
6.783 
6.784 
h 
6.735 
6.742 
6.737 
6.721 
6.691 
6.631 
6.542 
6.393 
6.171 
6.408 
6.066 
6.046 
6.016 
6.011 
5.985 
5.963 
5.981 
5.937 
5.886 
5.853 
5.795 
5.802 
5.785 
5.777 
5.764 
5.779 
5.759 
5.759 
5.765 
h 
5.566 
5.526 
5.514 
5.496 
5.491 
5.488 
5.471 
5.435 
5.373 
5.292 
5.225 
5.151 
5.079 
5.036 
4.939 
4.907 
5.137 
4.866 
4.861 
4.853 
4.85 
4.853 
4.845 
4.832 
4.82 
4.82 
h 
4.736 
4.695 
4.68 
4.671 
4.655 
4.621 
4.603 
4.595 
4.462 
4.361 
4.297 
4.206 
4.11 
4.045 
4.075 
3.935 
3.908 
3.891 
3.876 
3.862 
3.858 
3.816 
3.816 
3.814 
3.808 
3.8 
3.793 
3.775 
3.75 
3.765 
3.771 
3.744 
3.728 
3.71 
3.702 
3.689 
3.668 
3.645 
3.785 
3.635 
3.634 
3.633 
3.632 
3.624 
3.613 
3.605 
3.608 
3.602 
h 
3.528 
3.542 
3.533 
3.529 
3.519 
3.512 
3.495 
3.448 
3.377 
3.276 
3.215 
3.165 
3.122 
3.083 
3.036 
3.028 
3.007 
2.982 
2.942 
2.887 
2.818 
2.757 
2.988 
2.738 
2.714 
2.711 
2.709 
2.698 
2.677 
2.639 
2.578 
2.54 
3.004 
2.492 
2.477 
2.469 
2.458 
2.453 
2.445 
2.431 
2.397 
2.375 
2.485 
2.361 
2.359 
2.356 
2.35 
2.336 
2.344 
2.346 
2.319 
2.316 
2.31 
2.301 
2.286 
2.318 
2.338 
2.293 
2.296 
2.294 
2.292 
2.292 
2.287 
2.278 
2.287 
2.282 
h 
2.234 
2.205 
2.198 
2.191 
2.187 
2.182 
2.177 
2.181 
2.175 
2.178 
2.145 
2.12 
2.09 
2.072 
2.055 
2.099 
2.065 
2.029 
2.028 
2.026 
2.023 
2.021 
2.015 
2.003 
1.99 
1.98 
1.972 
1.969 
1.966 
1.965 
1.963 
1.962 
1.958 
1.96 
1.948 
1.94 
1.935 
1.937 
1.928 
1.921 
1.917 
1.911 
1.904 
1.893 
1.889 
1.932 
1.872 
1.865 
1.86 
1.855 
1.852 
1.852 
1.851 
1.841 
1.836 
1.832 
1.828 
1.824 
1.827 
1.825 
1.822 
1.82 
1.814 
1.81 
1.806 
1.803 
1.796 
1.788 
1.792 
1.78 
1.77 
1.767 
1.761 
1.754 
1.749 
1.754 
1.747 
1.744 
1.74 
1.738 
1.735 
1.734 
1.733 
1.724 
1.722 
1.725 
1.722 
1.718 
1.716 
1.713 
1.71 
1.706 
1.699 
1.733 
1.715 
1.691 
1.691 
1.689 
1.687 
1.682 
h 
1.629 
1.613 
1.609 
1.606 
1.604 
1.599 
1.59 
1.579 
1.549 
1.531 
1.487 
1.463 
1.457 
1.413 
1.412 
1.406 
1.4 
1.392 
1.386 
1.374 
1.373 
1.37 
1.366 
1.36 
1.348 
1.362 
1.339 
1.334 
1.325 
1.311 
1.297 
1.342 
1.287 
1.288 
1.282 
1.279 
1.274 
1.266 
1.27 
1.27 
1.268 
1.265 
1.263 
1.266 
1.254 
1.257 
1.256 
1.254 
1.252 
1.25 
1.248 
1.241 
1.246 
1.249 
1.24 
1.239 
1.238 
1.237 
1.236 
1.236 
h 
1.145 
1.133 
1.123 
1.123 
1.123 
1.124 
1.12 
1.117 
1.113 
1.107 
1.096 
1.081 
1.047 
1.02 
0.981 
0.989 
0.976 
0.962 
0.946 
0.956 
0.929 
0.93 
0.925 
0.918 
0.916 
0.911 
0.903 
0.89 
0.883 
0.877 
0.87 
0.872 
0.869 
0.864 
0.857 
0.858 
0.859 
0.859 
0.859 
0.856 
0.851 
0.843 
0.861 
0.838 
0.84 
0.839 
0.838 
0.835 
0.835 
0.835 
0.833 
0.831 
h 
0.77 
0.791 
0.77 
0.77 
0.769 
0.767 
0.761 
0.758 
0.749 
0.734 
0.71 
0.683 
0.693 
0.674 
0.674 
0.674 
0.673 
0.671 
0.67 
0.667 
0.663 
0.677 
0.664 
0.663 
0.662 
0.661 
0.663 
0.661 
0.66 
0.66 
0.66 
h 
0.659 
0.657 
0.656 
0.656 
0.656 
0.656 
0.655 
0.653 
h 
0.664 
0.653 
0.652 
0.651 
0.651 
0.649 
0.649 
0.647 
0.643 
0.637 
0.65 
0.638 
0.636 
0.634 
0.634 
0.632 
0.629 
0.627 
0.628 
0.624 
0.622 
0.62 
0.617 
0.615 
0.612 
0.603 
0.598 
0.588 
0.592 
0.59 
0.59 
0.588 
0.587 
0.584 
0.578 
0.58 
0.574 
0.574 
0.574 
0.573 
0.57 
0.57 
0.569 
0.567 
0.563 
0.555 
0.541 
0.72 
0.547 
0.539 
0.54 
0.54 
0.539 
0.538 
0.536 
0.531 
0.542 
0.531 
0.53 
0.53 
0.529 
0.527 
0.529 
0.527 
0.527 
0.526 
h 
0.406 
0.406 
0.407 
0.407 
0.407 
0.405 
0.403 
0.399 
0.388 
0.378 
0.354 
0.318 
0.286 
