31.492 
31.111 
30.002 
27.711 
25.151 
25.104 
25.102 
25.096 
25.086 
25.072 
25.059 
25.043 
25.026 
h 
23.61 
23.622 
23.513 
23.39 
23.144 
22.7 
22.058 
21.624 
21.391 
21.296 
21.234 
21.168 
21.043 
20.823 
20.509 
20.073 
19.802 
19.753 
19.505 
19.431 
19.328 
19.186 
19.009 
18.688 
18.781 
18.468 
18.421 
18.338 
18.175 
17.857 
17.27 
16.288 
15.635 
31.978 
16.812 
24.641 
15.178 
15.124 
15.11 
15.084 
15.039 
14.961 
14.852 
14.767 
15.331 
14.715 
14.709 
14.697 
14.677 
14.646 
14.614 
14.606 
14.594 
14.582 
h 
14.423 
14.41 
14.393 
14.365 
14.314 
14.208 
14.039 
13.804 
13.644 
13.613 
13.605 
13.599 
13.587 
13.568 
13.553 
13.54 
13.521 
h 
12.842 
12.82 
12.795 
12.779 
12.748 
12.685 
12.565 
12.347 
12.013 
11.606 
12.098 
11.365 
11.257 
11.17 
11.094 
10.964 
10.776 
10.501 
10.391 
10.572 
10.161 
10.13 
10.086 
10.047 
10.017 
9.963 
9.881 
9.841 
9.813 
9.802 
9.792 
9.781 
9.766 
9.74 
9.729 
9.712 
9.699 
9.676 
9.643 
9.582 
9.5 
9.76 
9.485 
9.481 
9.473 
9.466 
9.459 
9.454 
9.451 
9.445 
9.436 
h 
9.045 
9.024 
9.068 
9.012 
8.995 
8.96 
8.893 
8.774 
8.584 
8.344 
8.295 
8.277 
8.248 
8.256 
8.246 
8.233 
8.213 
8.212 
8.151 
8.175 
8.177 
8.183 
8.198 
8.189 
8.183 
8.179 
8.178 
h 
8.076 
8.073 
8.074 
8.077 
8.079 
8.061 
8.033 
7.996 
h 
7.814 
7.815 
7.783 
7.744 
7.707 
7.717 
7.697 
7.66 
7.601 
7.502 
7.421 
7.366 
7.344 
7.313 
7.302 
7.287 
7.278 
7.268 
7.21 
7.198 
7.196 
7.2 
7.181 
7.189 
7.166 
7.147 
7.154 
7.15 
7.15 
7.132 
7.11 
h 
