25.173 
25.154 
25.103 
25.016 
24.957 
24.954 
24.947 
24.935 
h 
22.903 
22.672 
22.607 
22.514 
22.32 
21.944 
21.331 
20.464 
19.809 
21.074 
19.684 
19.641 
19.58 
19.495 
19.341 
19.06 
18.689 
18.781 
18.808 
18.255 
18.21 
18.158 
18.082 
17.957 
17.926 
17.825 
17.812 
17.792 
17.761 
17.704 
17.595 
17.456 
17.463 
17.259 
17.213 
17.134 
17.006 
16.893 
16.724 
16.626 
16.687 
16.526 
16.506 
16.477 
16.454 
16.436 
16.401 
16.334 
16.22 
16.091 
18.846 
16.023 
15.999 
15.979 
15.951 
15.915 
15.855 
15.774 
15.706 
15.86 
15.671 
15.668 
15.661 
15.649 
15.629 
15.619 
15.595 
15.562 
15.584 
h 
15.144 
14.884 
14.813 
14.803 
14.78 
14.731 
14.631 
14.451 
14.215 
13.907 
13.634 
13.981 
13.425 
13.382 
13.31 
13.214 
13.045 
12.916 
13.077 
12.805 
12.782 
12.743 
12.69 
12.603 
12.605 
12.54 
12.513 
12.508 
12.504 
12.496 
12.479 
12.448 
12.394 
12.336 
12.497 
12.319 
12.315 
12.306 
12.288 
12.257 
12.211 
12.346 
12.204 
12.201 
h 
11.913 
11.9 
11.875 
11.839 
11.792 
11.741 
11.777 
11.716 
11.711 
11.7 
11.681 
11.647 
11.615 
11.637 
11.562 
11.558 
11.55 
11.542 
11.539 
11.533 
h 
11.156 
11.061 
10.983 
10.969 
10.957 
10.933 
10.893 
10.816 
10.725 
10.62 
10.468 
10.389 
10.345 
10.304 
10.234 
10.143 
10.077 
10.044 
10.027 
10.013 
10.007 
9.997 
9.981 
9.959 
9.948 
9.944 
9.937 
9.933 
9.929 
9.923 
9.915 
9.906 
h 
9.673 
9.643 
9.62 
9.602 
9.575 
9.541 
9.535 
9.476 
9.403 
9.26 
9.054 
8.914 
8.752 
8.494 
8.428 
9.098 
8.252 
8.247 
8.241 
8.237 
8.23 
8.223 
8.216 
8.21 
8.202 
h 
8.078 
8.063 
8.058 
8.044 
8.016 
7.969 
7.889 
7.754 
7.58 
7.473 
7.358 
7.3 
7.216 
7.166 
7.112 
7.073 
7.026 
7.001 
6.977 
6.948 
6.9 
6.873 
7.166 
6.834 
6.826 
6.815 
6.812 
6.81 
6.805 
6.799 
6.801 
6.801 
h 
6.653 
6.618 
6.583 
6.577 
6.57 
6.558 
6.537 
6.511 
6.481 
6.465 
6.439 
6.404 
6.366 
6.338 
6.32 
6.294 
6.254 
6.227 
6.192 
6.132 
6.094 
6.093 
6.041 
6.025 
6.016 
6.0 
5.97 
5.923 
5.885 
5.991 
5.861 
5.853 
5.848 
5.84 
5.827 
5.81 
5.792 
5.765 
5.762 
5.753 
5.744 
5.731 
5.719 
5.699 
5.74 
5.69 
5.688 
5.683 
5.673 
5.654 
5.626 
5.707 
5.616 
5.611 
5.604 
5.592 
5.576 
5.597 
5.639 
5.567 
5.565 
h 
5.27 
5.266 
5.261 
5.256 
5.247 
5.231 
5.206 
5.156 
5.074 
4.968 
4.903 
4.872 
4.861 
4.842 
4.813 
4.779 
4.868 
4.774 
4.767 
4.763 
4.757 
4.743 
4.728 
4.71 
4.9 
4.796 
4.685 
4.675 
4.675 
4.672 
4.669 
4.665 
4.665 
4.66 
4.651 
h 
4.613 
4.596 
4.7 
4.583 
4.578 
4.568 
4.546 
4.503 
4.422 
4.283 
4.098 
4.006 
4.196 
4.106 
3.998 
3.986 
3.974 
3.969 
3.961 
3.949 
3.934 
3.916 
3.907 
3.898 
3.898 
3.874 
3.858 
3.835 
3.827 
3.79 
3.778 
3.757 
3.727 
3.732 
3.822 
3.69 
3.675 
3.666 
3.657 
3.638 
3.61 
3.606 
3.603 
3.593 
3.588 
3.582 
3.57 
3.55 
3.547 
3.545 
3.539 
3.536 
3.534 
3.53 
3.528 
3.516 
h 
3.354 
3.422 
3.328 
3.32 
3.309 
3.286 
3.244 
3.16 
3.013 
2.803 
2.686 
2.638 
2.725 
2.471 
2.39 
2.358 
2.32 
2.299 
2.274 
2.258 
2.242 
2.225 
2.196 
2.16 
2.191 
2.124 
2.106 
2.104 
2.1 
2.096 
2.088 
2.076 
2.061 
2.034 
2.016 
2.491 
2.01 
1.992 
1.986 
1.98 
1.97 
1.959 
1.944 
1.923 
1.954 
1.929 
1.921 
1.912 
1.91 
1.908 
1.902 
1.892 
1.872 
1.84 
1.966 
2.094 
1.812 
1.802 
1.791 
1.776 
1.771 
1.769 
1.766 
1.761 
1.755 
1.752 
1.742 
1.737 
1.731 
1.721 
1.711 
1.723 
1.7 
1.698 
1.695 
1.69 
1.679 
1.664 
1.639 
1.796 
1.643 
1.621 
1.611 
1.608 
1.605 
1.603 
1.601 
1.597 
1.593 
1.588 
1.58 
1.567 
1.556 
1.557 
1.549 
1.547 
1.545 
1.542 
1.542 
1.537 
h 
1.471 
1.458 
1.44 
1.415 
1.398 
1.392 
1.384 
1.377 
1.367 
1.354 
1.343 
1.329 
1.303 
1.26 
1.209 
1.159 
1.162 
1.122 
1.086 
1.08 
1.069 
1.051 
1.036 
1.016 
0.985 
1.026 
0.979 
0.978 
0.977 
0.973 
0.968 
0.966 
0.962 
0.955 
0.943 
0.928 
1.036 
0.925 
0.923 
0.92 
0.915 
0.91 
0.906 
0.904 
0.899 
0.896 
0.894 
0.89 
0.889 
0.886 
0.881 
0.874 
0.879 
0.868 
0.862 
0.861 
0.859 
0.855 
0.848 
0.856 
0.843 
0.842 
0.841 
0.838 
0.836 
0.836 
0.834 
0.832 
0.828 
0.826 
0.824 
0.824 
0.823 
0.823 
0.821 
0.819 
0.819 
0.812 
0.811 
0.81 
0.81 
0.809 
0.814 
0.804 
0.801 
0.8 
0.798 
0.794 
0.787 
0.79 
0.808 
0.773 
0.772 
0.77 
0.768 
0.765 
0.764 
0.761 
0.761 
0.76 
h 
0.665 
0.643 
0.618 
