26.239 
26.214 
26.145 
26.019 
25.889 
25.852 
25.807 
25.745 
25.63 
25.454 
25.244 
25.119 
25.09 
25.041 
25.026 
25.008 
24.988 
24.972 
24.952 
24.925 
h 
23.486 
23.698 
23.362 
23.252 
23.029 
22.612 
21.94 
21.224 
20.548 
20.063 
19.546 
18.635 
17.394 
18.356 
26.494 
17.632 
19.286 
16.929 
16.91 
16.871 
16.804 
16.706 
16.557 
16.381 
16.283 
16.149 
15.93 
15.598 
15.43 
16.78 
15.138 
15.1 
15.074 
15.033 
14.967 
14.886 
15.014 
15.181 
14.756 
14.745 
14.734 
14.714 
14.686 
14.677 
14.667 
14.663 
14.659 
h 
13.426 
13.323 
13.178 
13.093 
13.031 
12.92 
12.732 
12.422 
11.895 
11.163 
11.176 
12.525 
10.62 
10.598 
10.561 
10.498 
10.381 
10.182 
9.881 
9.442 
10.557 
13.508 
9.077 
9.04 
9.006 
8.946 
8.845 
8.72 
8.6 
8.514 
8.41 
8.298 
8.235 
8.172 
8.153 
8.132 
8.093 
8.029 
7.965 
7.958 
7.933 
7.914 
7.909 
7.903 
7.9 
7.89 
7.868 
7.825 
7.747 
7.625 
7.808 
8.498 
7.453 
7.442 
7.43 
7.411 
7.376 
7.316 
7.223 
7.266 
7.259 
7.144 
7.139 
7.129 
7.11 
7.073 
7.027 
7.102 
7.005 
6.993 
6.991 
6.988 
6.983 
6.974 
6.961 
6.961 
6.995 
h 
6.592 
6.589 
6.582 
6.57 
6.547 
6.511 
6.674 
6.398 
6.293 
6.204 
6.192 
6.171 
6.164 
6.146 
6.139 
6.134 
6.125 
6.108 
6.081 
6.042 
6.014 
6.18 
6.0 
5.944 
5.941 
5.939 
5.936 
5.948 
5.924 
5.925 
5.925 
5.926 
5.922 
5.922 
h 
5.691 
5.675 
5.659 
5.637 
5.628 
5.62 
5.605 
5.58 
5.53 
5.454 
5.386 
5.413 
5.359 
5.353 
5.341 
5.316 
5.277 
5.254 
5.21 
5.209 
5.204 
5.194 
5.181 
5.175 
5.166 
5.163 
5.153 
5.142 
5.133 
5.116 
5.174 
5.092 
5.082 
5.068 
5.052 
5.025 
4.995 
5.032 
4.961 
4.964 
4.967 
4.961 
4.948 
4.926 
4.896 
4.908 
4.89 
4.887 
4.883 
4.881 
4.876 
4.869 
4.859 
h 
4.521 
4.551 
4.448 
4.427 
4.389 
4.331 
4.252 
4.206 
4.16 
4.088 
4.014 
3.928 
3.981 
3.893 
3.874 
3.837 
3.769 
3.675 
3.675 
3.666 
3.615 
3.564 
3.531 
3.523 
3.52 
3.513 
3.505 
3.506 
3.471 
3.48 
3.478 
3.476 
3.469 
3.459 
3.46 
3.427 
3.445 
3.445 
3.446 
3.444 
3.443 
3.441 
3.432 
3.435 
h 
3.351 
3.292 
3.243 
3.224 
3.206 
3.189 
3.183 
3.17 
3.147 
3.104 
3.077 
3.078 
3.077 
3.066 
3.045 
3.01 
2.973 
2.953 
2.95 
2.943 
2.942 
2.941 
2.929 
2.907 
2.88 
2.893 
2.841 
2.849 
2.84 
2.823 
2.813 
2.801 
2.793 
2.79 
2.772 
2.743 
2.775 
2.74 
2.73 
2.729 
2.731 
2.721 
2.722 
2.719 
2.73 
2.709 
2.716 
2.716 
2.717 
2.716 
2.715 
2.712 
2.707 
2.693 
h 
2.67 
2.611 
2.618 
2.613 
2.603 
2.584 
2.546 
2.485 
2.364 
2.195 
2.056 
2.021 
2.004 
1.952 
1.899 
1.993 
1.903 
1.891 
1.843 
1.824 
1.829 
1.845 
1.88 
1.935 
1.919 
1.835 
1.835 
1.841 
1.838 
1.832 
1.803 
1.803 
1.805 
1.775 
1.777 
1.78 
1.762 
1.731 
1.727 
1.78 
1.721 
1.705 
1.679 
1.668 
1.666 
1.662 
1.656 
1.649 
1.644 
1.693 
1.685 
1.671 
1.67 
1.67 
1.669 
1.666 
1.662 
1.645 
1.719 
1.636 
1.638 
1.641 
1.648 
1.644 
1.628 
1.655 
1.637 
1.634 
1.636 
1.629 
1.655 
1.619 
1.628 
1.626 
1.625 
1.63 
1.625 
1.63 
1.629 
1.621 
h 
1.541 
1.54 
1.541 
1.552 
1.583 
1.547 
1.548 
1.54 
1.529 
1.504 
1.469 
1.451 
1.444 
1.432 
1.43 
1.426 
1.421 
1.416 
1.396 
1.371 
1.353 
1.356 
1.331 
1.327 
1.322 
1.318 
1.313 
1.309 
1.295 
1.293 
1.291 
1.288 
1.281 
1.281 
1.267 
1.281 
1.26 
1.259 
1.257 
1.252 
1.245 
1.235 
1.244 
1.23 
1.227 
1.225 
1.223 
1.221 
1.216 
1.21 
1.207 
1.211 
1.202 
1.199 
1.196 
1.192 
1.186 
1.181 
1.175 
1.168 
1.157 
1.148 
1.177 
1.156 
1.142 
1.139 
1.136 
1.133 
1.131 
1.13 
1.126 
1.12 
1.116 
1.112 
1.109 
1.108 
1.106 
1.103 
1.101 
1.099 
1.097 
1.093 
1.088 
1.087 
1.085 
1.084 
1.083 
1.082 
1.085 
1.078 
1.077 
1.074 
1.072 
1.071 
1.069 
1.061 
1.052 
1.06 
1.053 
1.049 
h 
1.018 
1.014 
1.01 
1.001 
0.986 
1.019 
0.999 
0.976 
0.968 
0.957 
0.945 
0.941 
0.938 
0.934 
0.933 
0.926 
0.921 
0.913 
0.902 
0.905 
0.884 
0.881 
0.888 
0.877 
0.874 
0.872 
0.869 
0.862 
0.855 
0.842 
0.918 
0.848 
0.84 
0.837 
0.837 
0.837 
0.836 
0.836 
0.836 
0.836 
0.839 
0.835 
h 
0.756 
0.755 
0.755 
0.753 
0.749 
0.744 
0.738 
0.731 
0.715 
0.686 
0.644 
0.612 
0.605 
0.594 
0.58 
0.558 
0.525 
0.479 
0.423 
0.397 
0.363 
0.327 
