35.673 
35.237 
33.915 
30.849 
25.822 
25.192 
24.942 
24.939 
24.934 
24.927 
24.921 
24.926 
24.918 
24.916 
24.916 
24.916 
h 
24.254 
24.226 
24.169 
24.074 
23.883 
23.518 
22.901 
22.139 
21.891 
21.656 
21.447 
21.262 
21.022 
20.636 
20.313 
20.514 
20.073 
19.997 
19.898 
19.813 
19.782 
19.744 
19.666 
19.528 
19.327 
19.481 
19.342 
19.116 
19.07 
19.005 
18.948 
18.901 
18.923 
18.838 
18.813 
18.769 
18.694 
18.606 
18.686 
18.644 
18.527 
18.509 
18.475 
18.417 
18.367 
18.349 
18.338 
18.331 
18.318 
18.292 
18.249 
18.185 
18.223 
18.197 
18.131 
18.127 
18.117 
18.101 
18.074 
h 
17.467 
17.431 
17.399 
17.368 
17.308 
17.198 
17.016 
16.8 
16.742 
16.834 
16.67 
16.654 
16.625 
16.567 
16.455 
16.248 
16.212 
16.24 
15.977 
15.953 
15.908 
15.836 
15.714 
15.78 
15.652 
15.606 
15.596 
15.579 
15.552 
15.506 
15.438 
15.489 
15.409 
15.405 
15.394 
15.376 
15.344 
15.298 
15.293 
15.323 
15.239 
15.234 
15.224 
15.204 
15.168 
15.113 
15.252 
15.082 
15.07 
15.048 
15.007 
14.973 
14.951 
14.948 
14.943 
14.935 
h 
14.298 
14.2 
14.089 
14.027 
13.962 
13.909 
13.863 
13.796 
13.674 
13.47 
13.215 
13.193 
13.291 
13.106 
13.077 
13.06 
13.047 
13.043 
13.032 
13.022 
13.033 
13.008 
13.011 
h 
12.809 
12.788 
12.754 
12.731 
12.731 
12.726 
12.709 
12.677 
12.618 
12.521 
12.404 
12.795 
12.317 
12.298 
12.267 
12.256 
12.243 
12.224 
12.204 
12.221 
12.2 
h 
11.848 
11.836 
11.819 
11.813 
11.804 
11.787 
11.753 
11.706 
11.612 
11.522 
11.562 
11.426 
11.403 
11.361 
11.293 
11.2 
11.442 
11.189 
11.143 
11.119 
11.075 
11.006 
11.075 
10.954 
10.928 
10.912 
10.901 
10.9 
10.86 
10.855 
10.852 
10.84 
10.818 
10.786 
10.766 
10.753 
10.739 
10.733 
10.723 
10.724 
10.697 
10.7 
10.676 
10.667 
10.659 
10.643 
10.61 
10.634 
10.612 
10.605 
10.591 
10.588 
10.579 
10.559 
10.562 
h 
