28.934 
28.677 
27.95 
26.538 
25.22 
25.195 
25.147 
25.068 
24.982 
24.987 
24.992 
24.975 
24.975 
h 
24.005 
23.98 
23.907 
23.748 
23.447 
22.917 
22.044 
21.064 
20.444 
20.245 
19.889 
19.33 
18.931 
20.984 
18.619 
18.523 
18.457 
18.321 
18.054 
17.564 
16.72 
16.498 
31.277 
15.716 
15.652 
15.54 
15.52 
15.488 
15.432 
15.353 
15.272 
15.398 
15.245 
15.238 
15.223 
15.195 
15.146 
15.101 
15.145 
15.045 
15.035 
15.018 
14.993 
14.962 
14.916 
14.941 
14.872 
14.858 
14.853 
14.85 
14.844 
14.834 
14.82 
14.816 
14.8 
h 
14.382 
14.361 
14.343 
14.302 
14.218 
14.056 
13.77 
13.386 
13.264 
13.361 
13.179 
13.168 
13.147 
13.105 
13.035 
12.937 
12.794 
12.944 
12.492 
12.253 
12.215 
12.182 
12.119 
11.997 
11.779 
11.45 
11.517 
13.918 
11.039 
11.019 
11.01 
10.997 
10.972 
10.928 
10.863 
10.98 
10.803 
10.769 
10.761 
10.755 
10.742 
10.717 
10.67 
10.594 
10.757 
10.829 
10.521 
10.518 
10.513 
10.504 
10.487 
10.49 
10.482 
10.479 
10.474 
h 
10.222 
10.192 
10.186 
10.177 
10.161 
10.136 
10.094 
10.019 
9.91 
9.823 
9.768 
9.72 
9.68 
9.628 
9.549 
9.527 
9.521 
9.594 
9.51 
9.508 
9.506 
9.503 
9.502 
9.497 
h 
9.427 
9.412 
9.389 
9.372 
9.372 
9.37 
9.368 
9.363 
h 
8.869 
8.846 
8.842 
8.839 
8.831 
8.816 
8.79 
8.754 
8.791 
8.808 
8.721 
8.72 
8.72 
8.72 
8.723 
8.723 
h 
