29.398 
29.107 
28.278 
26.643 
25.058 
25.05 
25.04 
25.032 
25.017 
25.004 
25.026 
25.001 
25.001 
h 
24.423 
24.392 
24.312 
24.143 
23.806 
23.166 
22.106 
20.858 
20.353 
20.093 
19.961 
19.717 
19.313 
18.752 
20.322 
20.265 
17.988 
17.91 
17.868 
17.782 
17.66 
17.459 
17.124 
16.774 
16.917 
16.571 
16.488 
16.372 
16.28 
16.218 
16.11 
15.934 
15.822 
15.75 
15.693 
15.66 
15.625 
15.569 
15.517 
15.476 
15.422 
15.36 
15.319 
15.244 
15.147 
15.336 
15.112 
15.104 
15.09 
15.062 
15.018 
14.94 
14.897 
14.929 
14.835 
14.828 
14.815 
14.79 
14.748 
14.766 
14.702 
14.684 
14.656 
14.618 
14.59 
14.543 
14.546 
14.528 
14.498 
14.495 
14.489 
14.478 
h 
13.855 
13.788 
13.766 
13.721 
13.635 
13.484 
13.481 
13.172 
12.969 
12.86 
12.756 
12.738 
12.706 
12.641 
12.524 
12.348 
12.424 
12.231 
12.195 
12.175 
12.142 
12.115 
12.089 
12.053 
11.996 
11.911 
11.81 
11.798 
11.738 
11.721 
11.691 
11.639 
11.579 
11.53 
11.547 
11.495 
11.487 
11.474 
11.457 
11.429 
11.392 
11.343 
11.348 
11.319 
11.308 
11.303 
11.297 
11.285 
11.263 
11.222 
11.15 
11.115 
11.977 
11.075 
11.072 
11.067 
11.057 
11.043 
11.04 
11.027 
11.028 
11.029 
h 
10.683 
10.657 
10.607 
10.547 
10.53 
10.525 
10.514 
10.494 
10.461 
10.437 
10.394 
10.323 
10.237 
10.241 
10.66 
10.15 
10.149 
10.148 
10.145 
10.138 
10.126 
10.103 
10.065 
10.084 
h 
9.846 
9.842 
9.833 
9.814 
9.779 
9.736 
9.668 
9.531 
9.359 
9.295 
9.286 
9.27 
9.266 
9.253 
9.236 
9.233 
9.291 
9.193 
9.171 
9.171 
9.169 
9.166 
h 
9.104 
9.064 
9.042 
9.041 
9.037 
9.029 
9.016 
9.001 
8.948 
8.869 
8.779 
8.75 
8.689 
8.668 
8.668 
8.657 
8.635 
8.594 
8.528 
8.441 
9.916 
8.434 
8.426 
8.425 
8.422 
8.416 
8.405 
8.39 
8.448 
8.394 
h 
