32.061 
31.726 
30.731 
28.53 
25.312 
24.999 
24.937 
24.93 
h 
23.688 
23.616 
23.538 
23.461 
23.298 
22.977 
22.384 
21.427 
h 
20.19 
23.726 
20.01 
19.846 
19.666 
19.376 
18.883 
18.205 
17.908 
17.901 
h 
17.497 
17.372 
17.273 
17.254 
17.232 
17.21 
17.173 
17.119 
h 
16.744 
16.561 
17.035 
16.45 
16.061 
15.816 
15.404 
14.866 
14.642 
14.576 
14.461 
h 
14.069 
14.011 
13.975 
13.955 
13.932 
13.892 
13.831 
13.76 
h 
13.335 
13.282 
13.244 
13.237 
13.22 
13.189 
13.14 
13.067 
h 
12.968 
12.892 
12.828 
12.741 
12.71 
12.544 
12.392 
12.181 
h 
11.408 
11.529 
11.317 
11.295 
11.261 
11.214 
11.134 
11.007 
10.809 
10.689 
h 
10.067 
10.274 
10.009 
9.871 
9.774 
9.592 
9.284 
8.932 
8.497 
8.292 
h 
7.843 
7.763 
7.728 
7.706 
7.701 
7.686 
7.664 
7.63 
h 
7.37 
7.294 
7.256 
7.206 
7.158 
7.099 
6.982 
6.827 
h 
5.977 
5.942 
5.913 
5.9 
5.869 
5.837 
5.802 
5.725 
h 
5.479 
5.434 
5.4 
5.371 
5.334 
5.279 
5.196 
5.047 
h 
4.308 
4.199 
4.148 
4.057 
3.926 
3.757 
3.654 
3.712 
h 
3.508 
3.413 
3.308 
3.169 
3.114 
3.027 
2.929 
2.841 
h 
2.679 
2.618 
2.596 
2.551 
2.537 
2.514 
2.466 
2.387 
h 
2.184 
2.101 
2.014 
1.981 
1.956 
1.92 
1.859 
1.775 
h 
1.62 
1.593 
1.557 
1.526 
1.507 
1.478 
1.434 
1.373 
h 
0.843 
0.736 
