24.762 
24.759 
24.751 
24.734 
24.702 
24.649 
24.557 
24.45 
h 
23.442 
23.587 
23.383 
23.328 
23.215 
23.002 
22.652 
22.264 
h 
21.317 
21.218 
21.133 
20.965 
20.681 
20.19 
19.932 
19.574 
h 
19.206 
19.156 
19.105 
19.054 
18.967 
18.86 
18.742 
18.74 
h 
17.81 
17.711 
17.619 
17.54 
17.478 
17.411 
17.374 
17.308 
h 
16.972 
16.891 
16.803 
16.689 
16.592 
16.656 
16.333 
16.141 
h 
15.885 
15.907 
15.84 
15.819 
15.779 
15.705 
15.594 
15.486 
h 
14.879 
14.738 
14.716 
14.7 
14.682 
14.66 
14.62 
14.55 
h 
14.195 
14.102 
14.007 
13.955 
13.886 
13.79 
13.629 
13.396 
h 
12.522 
12.557 
12.464 
12.441 
12.399 
12.327 
12.218 
12.112 
h 
