33.865 
33.353 
31.852 
28.706 
25.117 
24.937 
24.813 
24.689 
h 
23.807 
23.844 
23.705 
23.633 
23.495 
23.271 
23.03 
22.984 
h 
22.246 
22.078 
21.8 
21.62 
21.561 
21.545 
21.511 
21.442 
h 
19.654 
19.664 
19.634 
19.616 
19.589 
19.541 
19.462 
19.379 
h 
18.819 
18.548 
18.231 
18.086 
18.071 
18.043 
17.999 
17.957 
h 
17.572 
17.455 
17.33 
17.275 
17.264 
17.252 
17.244 
17.235 
h 
16.658 
16.564 
16.477 
16.461 
16.434 
16.383 
16.295 
16.149 
h 
16.086 
15.7 
15.653 
15.608 
15.588 
15.588 
15.579 
15.576 
h 
15.107 
15.091 
15.079 
15.068 
15.057 
15.047 
15.029 
15.0 
h 
14.317 
14.194 
14.175 
14.143 
14.096 
14.023 
13.924 
13.741 
h 
