26.463 
26.323 
25.937 
25.233 
24.73 
24.714 
24.713 
24.712 
h 
24.11 
24.071 
24.014 
23.969 
23.886 
23.722 
23.432 
23.022 
h 
21.163 
21.116 
21.036 
20.963 
20.829 
20.639 
20.457 
20.296 
h 
19.856 
19.812 
19.752 
19.721 
19.694 
19.645 
19.553 
19.381 
h 
18.935 
18.561 
19.289 
18.509 
17.893 
17.536 
16.936 
16.171 
15.89 
15.781 
15.673 
h 
15.011 
14.995 
14.981 
14.977 
14.963 
14.937 
14.891 
14.828 
h 
14.581 
14.575 
14.557 
14.528 
14.468 
14.352 
14.144 
13.861 
h 
13.361 
13.325 
13.31 
13.289 
13.258 
13.201 
13.117 
13.041 
h 
12.288 
12.254 
12.229 
12.209 
12.172 
12.108 
12.028 
11.905 
h 
11.479 
11.381 
11.364 
11.353 
11.338 
11.324 
11.311 
11.289 
h 
10.398 
10.281 
10.239 
10.198 
10.151 
10.062 
9.935 
9.793 
h 
8.469 
8.356 
8.305 
8.251 
8.162 
8.046 
7.918 
7.843 
h 
7.229 
7.19 
7.086 
6.965 
6.833 
6.694 
6.47 
6.21 
h 
5.786 
5.784 
5.681 
5.667 
5.658 
5.644 
5.616 
5.585 
h 
5.313 
5.273 
5.216 
5.175 
5.101 
4.996 
4.832 
4.632 
h 
7.145 
4.32 
4.312 
4.296 
4.264 
4.213 
4.154 
4.117 
h 
3.718 
3.614 
3.469 
3.255 
3.165 
3.131 
3.152 
3.08 
h 
3.001 
2.992 
2.977 
2.957 
2.974 
3.034 
2.915 
2.886 
2.834 
2.756 
2.707 
2.683 
2.652 
2.625 
h 
2.416 
2.378 
2.354 
2.358 
2.345 
2.343 
2.335 
2.32 
h 
2.057 
2.042 
2.024 
2.003 
1.967 
1.955 
1.927 
1.893 
h 
1.599 
1.56 
1.544 
1.547 
1.509 
1.496 
1.47 
1.422 
h 
1.183 
1.117 
0.951 
0.892 
0.861 
0.841 
0.776 
0.673 
h 
0.37 
