26.538 
26.389 
25.984 
25.28 
24.849 
24.834 
24.824 
24.81 
h 
23.886 
23.831 
23.808 
23.772 
23.7 
23.58 
23.413 
23.154 
h 
22.057 
22.124 
22.742 
21.75 
21.615 
21.382 
21.069 
20.937 
20.917 
20.878 
20.838 
h 
20.25 
20.218 
20.169 
20.122 
20.074 
20.029 
20.004 
19.973 
h 
19.507 
19.321 
19.048 
18.832 
18.677 
18.633 
18.605 
18.551 
h 
17.799 
17.721 
17.621 
17.548 
17.427 
17.256 
17.077 
16.933 
h 
16.144 
16.081 
16.023 
15.949 
15.838 
15.672 
15.365 
14.929 
h 
14.516 
14.51 
14.77 
14.404 
14.321 
14.173 
13.909 
13.503 
13.179 
13.119 
13.1 
h 
12.801 
12.777 
12.747 
12.73 
12.72 
12.695 
12.651 
12.559 
h 
12.245 
12.223 
12.179 
12.11 
12.029 
11.94 
11.832 
11.694 
h 
