26.962 
26.797 
26.348 
25.556 
25.037 
25.01 
24.972 
24.908 
h 
23.836 
23.751 
23.635 
23.594 
23.537 
23.444 
23.334 
23.155 
h 
23.077 
22.807 
22.611 
22.519 
22.37 
22.121 
21.817 
21.701 
h 
20.868 
20.865 
20.842 
20.808 
20.75 
20.671 
20.556 
20.402 
h 
19.518 
19.458 
19.254 
19.136 
18.953 
18.673 
18.189 
17.54 
h 
16.989 
16.73 
17.072 
16.541 
16.529 
16.517 
16.501 
16.479 
h 
16.001 
15.936 
15.876 
15.822 
15.725 
15.576 
15.392 
15.67 
h 
15.373 
15.262 
15.23 
15.171 
15.087 
15.028 
14.957 
14.937 
h 
14.887 
14.531 
14.378 
14.369 
14.355 
14.337 
14.309 
14.268 
h 
13.856 
13.667 
13.608 
13.597 
13.577 
13.541 
13.499 
13.467 
h 
