26.628 
26.541 
26.306 
25.898 
25.57 
25.536 
25.477 
25.361 
h 
24.88 
24.794 
24.644 
24.339 
23.75 
22.774 
21.59 
21.277 
h 
19.684 
19.222 
18.811 
18.784 
18.645 
18.483 
18.18 
17.684 
h 
17.061 
17.241 
17.639 
16.858 
16.794 
16.755 
16.748 
16.737 
16.729 
16.719 
16.716 
h 
15.993 
15.955 
15.899 
15.836 
15.804 
15.775 
15.716 
15.603 
h 
14.394 
14.26 
14.121 
13.953 
13.657 
13.262 
13.457 
12.318 
h 
11.811 
11.725 
11.648 
11.602 
11.557 
11.463 
11.288 
10.978 
h 
10.001 
9.972 
9.956 
9.939 
9.893 
9.801 
9.699 
9.589 
h 
9.348 
9.321 
9.283 
9.245 
9.223 
9.201 
9.163 
9.1 
h 
8.845 
8.848 
8.79 
8.766 
8.732 
8.691 
8.625 
8.554 
h 
8.355 
8.257 
8.095 
8.05 
7.992 
7.956 
7.889 
7.781 
h 
7.368 
7.352 
7.309 
7.296 
7.272 
7.238 
7.199 
7.151 
h 
6.738 
6.667 
6.647 
6.627 
6.603 
6.559 
6.491 
6.41 
h 
6.196 
6.233 
6.165 
6.149 
6.116 
6.061 
5.987 
5.856 
h 
5.348 
5.28 
5.303 
5.235 
5.21 
5.173 
5.127 
5.083 
h 
