25.922 
25.882 
25.774 
25.584 
25.425 
25.356 
25.272 
25.196 
h 
24.059 
23.962 
23.945 
23.903 
23.819 
23.662 
23.41 
23.142 
h 
23.112 
24.155 
22.888 
22.854 
22.783 
22.64 
22.373 
21.944 
21.521 
21.278 
h 
21.916 
21.114 
21.055 
20.93 
20.709 
20.3 
19.629 
18.85 
h 
17.971 
17.771 
17.725 
17.661 
17.558 
17.406 
17.176 
16.863 
h 
16.551 
16.545 
16.521 
16.487 
16.441 
16.357 
16.209 
16.041 
h 
15.708 
15.937 
15.528 
15.519 
15.499 
15.476 
15.436 
15.367 
15.263 
15.112 
h 
14.736 
14.66 
14.591 
14.539 
14.493 
14.437 
14.368 
14.291 
h 
13.626 
13.546 
13.48 
13.461 
13.457 
13.45 
13.435 
13.409 
h 
13.087 
13.009 
12.972 
12.933 
12.872 
12.819 
12.727 
12.611 
h 
