27.603 
27.418 
26.906 
25.964 
25.216 
25.184 
25.142 
25.074 
h 
23.592 
23.608 
23.404 
23.325 
23.165 
22.848 
22.298 
21.649 
h 
19.669 
19.366 
19.183 
19.062 
18.939 
18.809 
18.626 
18.427 
h 
17.797 
17.699 
17.652 
17.641 
17.622 
17.592 
17.554 
17.607 
h 
17.25 
17.158 
17.033 
16.988 
16.974 
16.956 
16.923 
16.87 
h 
16.371 
16.285 
16.115 
16.052 
15.938 
15.736 
15.416 
14.934 
h 
13.379 
13.946 
13.244 
13.194 
13.123 
13.059 
12.983 
12.882 
12.785 
12.757 
h 
12.424 
12.255 
12.097 
12.065 
12.05 
12.032 
12.006 
11.965 
h 
11.499 
11.41 
11.378 
11.328 
11.273 
11.202 
11.111 
10.985 
h 
10.311 
10.365 
10.227 
10.215 
10.204 
10.193 
10.175 
10.144 
h 
