25.208 
25.207 
25.202 
25.191 
25.169 
25.129 
25.063 
24.998 
h 
24.693 
24.662 
24.572 
24.416 
24.104 
23.537 
22.708 
22.178 
h 
19.944 
19.74 
19.358 
18.799 
18.523 
20.466 
17.192 
17.024 
16.902 
16.896 
16.894 
16.893 
16.892 
16.888 
h 
17.061 
16.92 
16.759 
16.729 
16.701 
16.667 
16.628 
16.614 
h 
16.377 
16.396 
16.362 
16.345 
16.309 
16.238 
16.109 
15.911 
h 
14.583 
14.495 
14.452 
14.439 
14.394 
14.346 
14.268 
14.16 
h 
13.869 
13.846 
13.804 
13.742 
13.674 
13.583 
13.452 
13.272 
h 
12.434 
12.418 
12.387 
12.371 
12.339 
12.281 
12.175 
11.998 
h 
11.793 
11.596 
11.561 
11.558 
11.555 
11.552 
11.55 
11.542 
h 
11.253 
11.217 
11.205 
11.186 
11.162 
11.108 
11.018 
10.859 
h 
10.555 
10.44 
10.39 
10.328 
10.308 
10.282 
10.232 
10.138 
h 
9.326 
9.214 
9.131 
9.025 
8.947 
8.799 
8.555 
8.241 
h 
7.893 
7.639 
7.578 
7.552 
7.521 
7.485 
7.444 
7.418 
h 
7.267 
7.195 
7.175 
7.14 
7.083 
7.007 
6.933 
7.247 
h 
6.193 
6.159 
6.154 
6.139 
6.106 
6.062 
5.994 
5.91 
h 
5.178 
5.128 
5.048 
5.007 
5.023 
4.921 
4.884 
4.827 
h 
4.604 
4.528 
4.484 
4.461 
4.451 
4.443 
4.432 
4.409 
h 
4.291 
4.222 
4.134 
4.073 
4.081 
3.996 
3.927 
3.821 
h 
3.597 
3.412 
3.336 
3.275 
3.251 
3.211 
3.154 
3.169 
h 
3.022 
2.979 
2.932 
2.867 
2.84 
2.798 
2.769 
2.736 
h 
2.285 
2.257 
2.249 
2.238 
2.225 
2.207 
2.175 
2.111 
h 
1.733 
1.638 
1.527 
1.496 
1.463 
1.438 
1.414 
1.385 
h 
0.974 
0.959 
0.949 
0.936 
0.921 
0.899 
0.859 
0.793 
h 
0.516 
0.415 
