24.93 
24.914 
24.87 
24.787 
24.692 
24.65 
24.567 
24.44 
h 
23.354 
23.232 
23.1 
22.971 
22.746 
22.335 
21.702 
20.989 
h 
20.11 
19.87 
19.772 
19.701 
19.578 
19.361 
18.981 
18.46 
h 
17.828 
17.707 
17.467 
17.288 
16.935 
16.298 
15.385 
14.68 
h 
14.262 
14.089 
14.047 
14.042 
14.034 
14.015 
13.999 
13.98 
h 
13.993 
13.808 
13.618 
13.61 
13.599 
13.588 
13.588 
13.568 
h 
13.165 
13.084 
12.986 
12.937 
12.909 
12.864 
12.781 
12.649 
h 
12.147 
11.99 
11.977 
11.952 
11.891 
11.767 
11.556 
11.273 
h 
11.083 
11.702 
11.054 
11.048 
11.04 
11.026 
11.006 
10.986 
10.967 
10.958 
h 
10.798 
10.701 
10.593 
10.558 
10.554 
10.539 
10.53 
10.519 
h 
10.055 
9.992 
9.9 
9.873 
9.85 
9.831 
9.798 
9.742 
h 
9.3 
9.209 
9.123 
9.09 
9.063 
9.011 
8.917 
8.765 
h 
7.987 
7.922 
8.169 
7.781 
7.708 
7.605 
7.507 
7.366 
7.198 
7.121 
7.057 
h 
6.748 
6.723 
6.694 
6.664 
6.632 
6.579 
6.49 
6.358 
h 
5.95 
5.899 
5.841 
5.793 
5.72 
5.675 
5.641 
5.601 
h 
5.206 
5.17 
5.13 
5.108 
5.087 
5.043 
4.965 
4.843 
h 
4.498 
4.374 
4.304 
4.271 
4.231 
4.182 
4.094 
3.947 
h 
3.552 
3.469 
3.357 
3.269 
3.3 
3.383 
3.213 
3.17 
h 
2.647 
2.551 
2.48 
2.459 
2.423 
2.378 
2.326 
2.249 
h 
2.027 
1.873 
1.786 
1.751 
1.699 
1.642 
1.625 
1.58 
h 
1.468 
1.438 
1.393 
1.336 
1.283 
1.282 
1.212 
1.163 
h 
0.967 
1.074 
0.957 
0.92 
0.909 
0.891 
0.865 
0.856 
0.849 
0.834 
h 
0.816 
0.809 
0.799 
0.788 
0.779 
0.773 
0.765 
0.751 
h 
0.64 
0.632 
0.621 
0.607 
0.602 
0.599 
0.598 
0.597 
h 
0.425 
0.422 
0.418 
0.413 
0.408 
0.397 
0.377 
0.347 
h 
