30.005 
29.63 
28.57 
26.548 
24.914 
24.89 
24.878 
24.86 
h 
23.987 
23.952 
23.904 
23.814 
23.628 
23.276 
22.694 
22.034 
h 
19.451 
19.313 
19.139 
18.867 
18.505 
18.014 
17.29 
16.503 
h 
16.079 
16.067 
16.061 
16.04 
15.997 
15.909 
15.752 
15.512 
h 
15.245 
15.201 
15.063 
14.995 
14.863 
14.638 
14.408 
14.699 
h 
14.229 
14.184 
14.145 
14.129 
14.122 
14.111 
14.099 
14.109 
h 
13.672 
13.659 
13.639 
13.609 
13.547 
13.42 
13.19 
12.826 
h 
11.391 
11.423 
11.321 
11.455 
11.278 
11.225 
11.127 
10.967 
h 
10.289 
10.265 
10.231 
10.189 
10.133 
10.092 
10.036 
9.972 
h 
9.767 
9.667 
9.585 
9.471 
9.412 
9.362 
9.271 
9.153 
h 
8.681 
8.641 
8.597 
8.57 
8.531 
8.472 
8.379 
8.234 
h 
7.739 
7.692 
7.637 
7.563 
7.449 
7.32 
7.154 
6.868 
h 
6.161 
6.218 
6.03 
5.908 
5.825 
5.691 
5.48 
5.208 
h 
4.961 
4.633 
4.543 
4.492 
4.44 
4.337 
4.171 
3.904 
h 
3.436 
3.277 
3.112 
2.929 
2.884 
2.764 
2.525 
2.196 
h 
1.563 
1.466 
1.395 
1.331 
1.249 
1.185 
1.072 
1.004 
h 
0.96 
0.904 
0.848 
0.791 
0.761 
0.721 
0.664 
0.658 
h 
0.832 
0.568 
0.564 
0.562 
0.558 
0.552 
0.544 
0.534 
h 
0.357 
0.333 
