29.142 
28.89 
28.16 
26.64 
24.743 
24.658 
24.65 
24.648 
h 
23.328 
23.269 
23.192 
23.143 
23.073 
22.971 
22.811 
22.598 
h 
20.735 
20.592 
20.392 
20.248 
20.333 
19.872 
19.624 
19.495 
h 
18.933 
18.879 
18.866 
18.843 
18.83 
18.806 
18.76 
18.674 
h 
17.721 
18.441 
17.525 
17.482 
17.407 
17.305 
17.177 
17.13 
16.887 
16.804 
h 
16.358 
15.966 
15.801 
15.75 
15.716 
15.681 
15.627 
15.56 
h 
15.305 
15.49 
15.197 
15.17 
15.154 
15.126 
15.077 
15.01 
14.922 
14.856 
h 
14.505 
14.454 
14.416 
14.391 
14.347 
14.279 
14.249 
14.345 
h 
13.759 
13.651 
13.622 
13.583 
13.522 
13.476 
13.428 
13.344 
h 
13.058 
12.934 
12.83 
12.736 
12.739 
12.575 
12.362 
12.118 
h 
