30.232 
29.688 
28.197 
25.595 
23.961 
23.92 
23.846 
23.735 
h 
23.12 
23.135 
22.965 
22.828 
22.593 
22.17 
21.529 
21.007 
h 
21.166 
20.834 
20.745 
20.617 
20.354 
19.86 
19.061 
18.19 
h 
17.84 
17.749 
17.707 
17.704 
17.701 
17.697 
17.69 
17.677 
h 
17.612 
17.574 
17.559 
17.54 
17.5 
17.424 
17.288 
17.119 
h 
19.164 
16.982 
16.791 
16.771 
16.754 
16.734 
16.704 
16.702 
h 
16.827 
16.62 
16.464 
16.432 
16.414 
16.4 
16.391 
16.385 
h 
16.034 
15.95 
15.82 
15.715 
15.698 
15.681 
15.668 
15.655 
h 
15.462 
15.431 
15.382 
15.344 
15.336 
15.325 
15.304 
15.272 
h 
15.191 
15.186 
15.149 
15.122 
15.073 
14.99 
14.883 
14.824 
h 
