26.827 
26.766 
26.601 
26.303 
26.011 
25.989 
25.948 
25.863 
h 
23.647 
23.085 
22.92 
22.868 
22.768 
22.599 
22.338 
22.12 
h 
21.103 
21.026 
20.951 
20.871 
20.715 
20.464 
20.135 
19.855 
h 
18.921 
18.849 
18.813 
18.759 
18.657 
18.474 
18.196 
17.955 
h 
17.586 
17.597 
17.569 
17.554 
17.526 
17.476 
17.402 
17.324 
h 
17.176 
17.069 
16.965 
16.951 
16.938 
16.931 
16.926 
16.915 
h 
16.104 
16.002 
15.86 
15.768 
16.38 
15.711 
15.67 
15.589 
15.436 
15.174 
14.826 
14.88 
15.134 
h 
14.533 
14.48 
14.436 
14.378 
14.321 
14.261 
14.175 
14.051 
h 
13.394 
13.274 
13.123 
13.078 
13.025 
12.94 
12.799 
12.614 
h 
11.961 
11.934 
11.894 
11.891 
11.896 
11.854 
11.819 
11.751 
h 
