25.179 
25.123 
24.973 
24.719 
24.55 
24.528 
24.488 
24.429 
h 
23.298 
23.434 
23.219 
23.093 
22.838 
22.372 
21.659 
21.06 
h 
19.969 
19.865 
19.61 
19.385 
18.968 
18.313 
17.301 
16.345 
h 
15.547 
15.199 
15.099 
15.09 
15.072 
15.04 
14.975 
14.867 
h 
13.688 
13.622 
13.606 
13.58 
13.545 
13.49 
13.402 
13.27 
h 
13.112 
13.115 
13.107 
13.099 
13.084 
13.054 
12.998 
12.904 
h 
12.629 
12.544 
12.527 
12.509 
12.489 
12.462 
12.419 
12.365 
h 
12.08 
12.054 
12.014 
11.971 
11.885 
11.73 
11.51 
11.416 
h 
10.475 
10.234 
10.162 
10.139 
10.094 
10.018 
9.888 
9.698 
h 
8.996 
8.877 
8.804 
8.8 
8.779 
8.726 
8.654 
8.536 
h 
7.461 
7.328 
7.291 
7.259 
7.198 
7.094 
6.947 
6.696 
h 
5.911 
5.918 
5.786 
5.689 
5.67 
5.64 
5.595 
5.561 
h 
5.462 
5.332 
5.168 
5.269 
5.132 
5.06 
4.987 
4.901 
h 
4.423 
4.369 
4.346 
4.295 
4.196 
4.069 
3.848 
3.512 
h 
2.701 
2.595 
2.571 
2.535 
2.504 
2.473 
2.435 
2.385 
h 
1.831 
1.808 
1.753 
1.657 
1.636 
1.597 
1.537 
1.457 
h 
1.288 
1.117 
1.002 
0.943 
0.931 
0.911 
0.887 
0.862 
h 
0.73 
0.702 
0.67 
0.63 
0.574 
0.594 
0.813 
0.514 
0.477 
0.42 
0.339 
0.234 
