25.821 
25.72 
25.439 
24.918 
24.47 
24.422 
24.332 
24.174 
h 
23.481 
23.154 
23.126 
23.102 
23.053 
22.961 
22.81 
22.644 
h 
21.29 
20.867 
20.647 
20.677 
20.581 
20.5 
20.35 
20.121 
h 
19.782 
19.685 
19.617 
19.496 
19.331 
19.152 
19.054 
19.006 
h 
18.588 
18.469 
18.381 
18.372 
18.356 
18.326 
18.27 
18.18 
h 
18.007 
17.803 
17.654 
17.61 
17.562 
17.504 
17.441 
17.384 
h 
16.914 
16.871 
16.854 
16.828 
16.79 
16.722 
16.613 
16.502 
h 
15.851 
15.81 
15.747 
15.654 
15.516 
15.409 
15.528 
15.177 
h 
15.08 
15.055 
15.026 
14.982 
14.945 
14.848 
14.705 
14.504 
h 
13.871 
13.669 
13.611 
13.577 
13.552 
13.527 
13.481 
13.41 
h 
