24.976 
24.935 
24.825 
24.635 
24.518 
24.516 
24.516 
24.515 
h 
23.798 
23.769 
23.708 
23.621 
23.522 
23.326 
22.966 
22.449 
h 
21.62 
21.144 
21.659 
21.833 
20.612 
20.55 
20.45 
20.309 
h 
19.74 
19.645 
19.594 
19.481 
19.335 
19.133 
18.803 
18.542 
h 
18.42 
18.355 
18.314 
18.241 
18.102 
17.864 
17.49 
17.17 
h 
16.208 
15.497 
15.474 
15.451 
15.421 
15.365 
15.262 
15.083 
h 
14.52 
14.59 
14.386 
14.349 
14.278 
14.165 
14.063 
13.901 
h 
12.833 
12.809 
12.758 
12.66 
12.593 
12.503 
12.357 
12.143 
h 
11.626 
11.474 
11.401 
11.375 
11.349 
11.316 
11.273 
11.215 
h 
10.625 
10.66 
10.611 
10.604 
10.594 
10.576 
10.542 
10.492 
h 
