28.441 
28.085 
27.098 
25.283 
23.965 
23.936 
23.932 
23.926 
h 
23.076 
22.978 
22.908 
22.868 
22.783 
22.616 
22.313 
21.844 
h 
21.306 
21.633 
21.116 
20.937 
20.75 
20.392 
19.802 
19.36 
19.161 
19.053 
h 
17.509 
17.285 
17.131 
17.042 
16.859 
16.538 
16.059 
15.609 
h 
15.195 
14.898 
14.83 
14.711 
14.545 
14.339 
14.147 
14.046 
h 
13.68 
13.622 
13.588 
13.569 
13.543 
13.513 
13.464 
13.375 
h 
13.022 
12.862 
13.379 
12.707 
12.637 
12.513 
12.327 
12.201 
12.11 
12.066 
12.06 
h 
12.029 
12.023 
12.012 
11.999 
11.978 
11.935 
11.857 
11.717 
h 
10.853 
10.777 
10.794 
10.725 
10.699 
10.663 
10.607 
10.525 
h 
10.21 
10.032 
9.947 
9.932 
9.918 
9.897 
9.869 
9.845 
h 
9.595 
9.525 
9.47 
9.452 
9.433 
9.4 
9.392 
9.351 
h 
9.194 
9.161 
9.154 
9.126 
9.081 
9.014 
8.98 
8.895 
h 
8.353 
8.295 
8.276 
8.245 
8.196 
8.105 
8.032 
7.953 
h 
