30.767 
30.447 
29.543 
27.793 
26.076 
25.97 
25.853 
25.633 
h 
24.176 
24.391 
23.962 
23.792 
23.465 
22.895 
22.089 
21.711 
h 
20.04 
19.964 
19.867 
19.766 
19.558 
19.169 
18.544 
17.879 
h 
19.312 
17.579 
17.401 
17.309 
17.28 
17.239 
17.215 
17.217 
h 
16.203 
16.176 
16.155 
16.124 
16.067 
15.956 
15.76 
15.442 
h 
15.033 
15.092 
18.386 
14.876 
14.856 
14.818 
14.751 
14.647 
14.553 
14.507 
14.452 
h 
14.176 
14.075 
13.969 
13.957 
13.937 
13.903 
13.838 
13.715 
h 
12.622 
12.684 
12.541 
12.512 
12.462 
12.376 
12.246 
12.152 
h 
11.833 
11.819 
11.816 
11.788 
11.746 
11.674 
11.584 
11.529 
h 
11.271 
11.222 
11.187 
11.17 
11.156 
11.145 
11.137 
11.124 
h 
10.508 
10.486 
10.45 
10.424 
10.396 
10.347 
10.269 
10.148 
h 
9.475 
9.431 
9.354 
9.282 
9.182 
9.094 
8.935 
8.74 
h 
