31.281 
30.909 
29.833 
27.645 
25.338 
25.286 
25.256 
25.244 
h 
23.875 
23.824 
23.777 
23.703 
23.557 
23.288 
22.89 
22.574 
h 
21.529 
21.401 
21.245 
20.991 
20.752 
20.513 
20.078 
19.663 
h 
17.458 
17.722 
17.134 
17.037 
16.853 
16.542 
16.143 
15.902 
15.772 
15.639 
h 
15.269 
15.114 
14.963 
14.889 
14.932 
14.691 
14.511 
14.256 
h 
13.652 
13.641 
13.632 
13.619 
13.586 
13.528 
13.424 
13.262 
h 
12.778 
12.646 
12.627 
12.613 
12.586 
12.539 
12.457 
12.295 
h 
11.54 
11.687 
11.372 
11.318 
11.221 
11.077 
10.932 
10.944 
10.703 
10.64 
h 
10.218 
10.203 
10.19 
10.18 
10.164 
10.134 
10.078 
9.97 
h 
9.134 
9.125 
9.112 
9.063 
8.998 
8.953 
8.893 
8.779 
h 
8.554 
8.44 
8.304 
8.522 
8.284 
8.246 
8.215 
8.175 
h 
7.825 
7.772 
7.716 
7.613 
7.436 
7.22 
7.987 
6.934 
6.71 
6.453 
6.276 
6.237 
6.175 
6.138 
6.124 
h 
6.082 
6.065 
6.035 
5.989 
5.932 
5.922 
5.907 
5.79 
h 
5.527 
5.43 
5.368 
5.331 
5.288 
5.283 
5.26 
5.241 
h 
4.759 
4.69 
4.63 
4.628 
4.604 
4.576 
4.525 
4.451 
h 
4.286 
4.04 
3.785 
4.324 
4.007 
3.687 
3.665 
3.647 
h 
3.404 
3.337 
3.29 
3.272 
3.253 
3.236 
3.212 
3.168 
h 
2.806 
2.722 
2.688 
2.658 
2.612 
2.568 
2.544 
2.515 
h 
2.435 
2.393 
2.359 
2.314 
2.263 
2.213 
2.236 
2.117 
h 
1.721 
1.613 
1.511 
1.495 
1.466 
1.421 
1.364 
1.318 
h 
1.361 
1.171 
1.166 
1.158 
1.149 
1.134 
1.12 
1.115 
h 
1.035 
1.017 
1.005 
0.998 
0.99 
0.976 
0.956 
0.95 
h 
0.896 
0.896 
0.893 
0.889 
0.881 
0.87 
0.873 
0.912 
0.844 
0.82 
0.771 
0.705 
0.641 
0.639 
0.64 
0.637 
h 
0.448 
0.424 
0.423 
0.421 
0.418 
0.408 
0.392 
0.391 
h 
0.271 
