30.977 
30.563 
29.376 
27.027 
24.836 
24.835 
24.834 
24.832 
h 
24.126 
24.073 
23.979 
23.811 
23.472 
22.861 
21.97 
21.333 
h 
20.458 
19.881 
19.448 
18.879 
18.143 
16.9 
15.249 
14.481 
h 
14.252 
14.183 
14.166 
14.124 
14.043 
13.895 
13.63 
13.233 
h 
12.946 
12.941 
12.895 
12.882 
12.854 
12.798 
12.689 
12.489 
h 
11.17 
10.738 
12.13 
10.532 
10.476 
10.384 
10.227 
9.962 
9.586 
9.28 
9.162 
h 
8.683 
8.537 
8.461 
8.425 
8.376 
8.345 
8.286 
8.211 
h 
7.567 
7.552 
7.545 
7.531 
7.507 
7.455 
7.366 
7.203 
h 
6.33 
6.106 
5.928 
5.805 
5.807 
5.662 
5.607 
5.494 
h 
4.949 
4.929 
4.936 
4.882 
4.842 
4.808 
4.789 
4.759 
h 
4.634 
4.539 
4.528 
4.524 
4.519 
4.513 
4.504 
4.488 
h 
4.308 
4.271 
4.221 
4.161 
4.194 
4.109 
4.073 
4.016 
h 
3.507 
3.465 
3.386 
3.275 
3.221 
3.164 
3.115 
3.067 
h 
2.987 
2.903 
2.989 
2.866 
2.837 
2.822 
2.798 
2.755 
h 
2.411 
2.369 
2.3 
2.213 
2.13 
2.168 
2.095 
2.073 
h 
2.043 
2.021 
1.995 
1.965 
1.915 
1.855 
1.856 
1.862 
h 
1.645 
1.612 
1.578 
1.548 
1.497 
1.439 
1.422 
1.364 
h 
1.224 
1.147 
1.069 
1.027 
1.015 
1.007 
1.007 
0.996 
h 
0.977 
0.972 
0.967 
0.959 
0.955 
0.952 
0.95 
0.946 
h 
0.904 
0.895 
0.89 
0.878 
0.877 
0.876 
0.875 
0.873 
h 
0.822 
0.814 
0.813 
0.811 
0.807 
0.8 
0.79 
0.774 
h 
0.746 
0.675 
0.596 
0.462 
0.33 
