29.582 
29.246 
28.297 
26.483 
25.01 
24.986 
24.98 
24.975 
h 
23.452 
23.421 
23.33 
23.128 
22.731 
22.009 
20.842 
19.594 
h 
18.057 
17.793 
17.392 
17.078 
16.6 
15.783 
14.704 
13.943 
h 
13.491 
13.484 
13.215 
13.112 
12.999 
12.828 
12.693 
12.639 
h 
11.274 
11.248 
11.223 
11.179 
11.095 
10.956 
10.717 
10.344 
h 
9.539 
9.46 
9.344 
9.322 
9.295 
9.261 
9.193 
9.068 
h 
8.104 
8.03 
7.963 
7.858 
7.701 
7.48 
7.127 
6.796 
h 
5.853 
5.656 
5.582 
5.544 
5.528 
5.493 
5.422 
5.292 
h 
4.265 
4.297 
4.185 
4.15 
4.117 
4.05 
3.929 
3.736 
h 
2.808 
2.693 
2.614 
2.581 
2.528 
2.475 
2.406 
2.307 
h 
1.99 
1.938 
1.856 
1.774 
1.705 
1.677 
1.651 
1.626 
h 
1.556 
1.527 
1.515 
1.54 
1.519 
1.527 
1.418 
1.416 
h 
1.37 
1.371 
1.366 
1.366 
1.369 
1.415 
1.359 
1.346 
1.317 
1.27 
1.206 
1.159 
1.112 
1.094 
h 
0.998 
1.04 
0.993 
0.991 
0.987 
0.978 
0.964 
0.957 
0.948 
0.93 
h 
0.882 
0.831 
0.807 
0.807 
0.788 
0.781 
0.776 
0.773 
h 
0.769 
0.763 
0.748 
0.723 
0.691 
0.669 
0.774 
0.636 
h 
0.399 
0.338 
0.249 
