25.235 
25.22 
25.181 
25.114 
25.063 
25.051 
25.031 
25.008 
h 
23.752 
23.695 
23.628 
23.478 
23.178 
22.649 
21.926 
21.561 
h 
20.138 
20.028 
19.965 
19.856 
19.638 
19.238 
18.687 
17.892 
h 
15.998 
15.162 
21.245 
13.836 
13.191 
12.151 
10.726 
9.395 
9.073 
8.974 
8.956 
h 
8.824 
8.734 
8.628 
8.6 
8.594 
8.589 
8.581 
8.569 
h 
8.27 
8.28 
8.41 
8.232 
8.218 
8.189 
8.136 
8.046 
7.908 
7.831 
7.829 
h 
7.806 
7.776 
7.742 
7.712 
7.65 
7.602 
7.52 
7.384 
h 
7.0 
6.873 
6.695 
6.479 
6.399 
6.312 
6.186 
5.932 
h 
5.57 
5.49 
5.463 
5.445 
5.376 
5.351 
5.461 
5.291 
h 
5.145 
5.076 
4.967 
4.969 
4.828 
4.974 
4.825 
4.779 
h 
4.713 
4.673 
4.617 
4.516 
4.425 
4.402 
4.376 
4.335 
h 
4.188 
4.15 
4.115 
4.071 
4.064 
4.098 
4.01 
3.998 
h 
3.842 
3.835 
3.819 
3.792 
3.752 
3.699 
3.698 
3.607 
h 
3.24 
3.227 
3.207 
3.19 
3.177 
3.164 
3.14 
3.091 
h 
2.982 
2.934 
2.862 
2.824 
2.807 
2.78 
2.74 
2.684 
h 
2.583 
2.913 
2.587 
2.549 
2.551 
2.559 
2.558 
2.545 
2.531 
2.511 
h 
2.204 
2.157 
2.177 
2.148 
2.137 
2.116 
2.08 
2.006 
h 
1.747 
1.653 
1.547 
1.501 
1.475 
1.444 
1.4 
1.347 
h 
1.11 
1.121 
1.096 
1.086 
1.072 
1.053 
1.026 
0.992 
0.949 
0.874 
h 
0.61 
0.408 
