27.483 
27.31 
26.82 
25.852 
24.827 
24.806 
24.796 
24.781 
h 
22.959 
22.784 
22.707 
22.637 
22.488 
22.193 
21.652 
20.789 
h 
18.131 
17.914 
25.105 
17.52 
17.328 
17.015 
16.528 
16.014 
15.951 
15.9 
15.82 
h 
14.606 
14.627 
14.525 
14.482 
14.399 
14.246 
14.0 
13.651 
h 
12.886 
12.764 
12.69 
12.623 
12.484 
12.234 
11.811 
11.151 
h 
9.816 
9.299 
9.0 
8.92 
8.453 
8.145 
7.704 
7.23 
h 
6.571 
6.55 
6.582 
6.594 
6.575 
6.576 
6.523 
6.479 
h 
6.375 
6.376 
6.337 
6.274 
6.232 
6.215 
6.187 
6.133 
h 
5.823 
5.697 
5.558 
5.466 
5.368 
5.461 
5.29 
5.241 
h 
5.067 
4.983 
4.924 
4.831 
4.759 
4.839 
4.628 
4.558 
h 
4.292 
4.254 
4.218 
4.184 
4.144 
4.103 
4.06 
4.034 
h 
3.721 
3.704 
3.678 
3.644 
3.612 
3.626 
3.547 
3.498 
h 
3.035 
2.917 
2.866 
2.837 
2.809 
2.79 
2.75 
2.691 
h 
2.401 
2.352 
2.316 
2.285 
2.254 
2.217 
2.167 
2.143 
h 
2.505 
2.106 
2.06 
2.052 
2.048 
2.042 
2.035 
2.03 
h 
1.948 
1.937 
1.925 
1.912 
1.894 
1.868 
1.86 
1.801 
h 
1.479 
1.438 
1.381 
1.326 
1.27 
1.223 
1.172 
1.109 
h 
0.938 
1.024 
0.953 
0.904 
0.897 
0.889 
0.874 
0.846 
0.804 
0.746 
h 
0.512 
0.482 
0.43 
0.351 
0.281 
0.329 
