32.206 
31.824 
30.699 
28.279 
25.15 
24.978 
24.949 
24.927 
h 
23.789 
23.714 
23.642 
23.512 
23.243 
22.738 
21.909 
20.96 
h 
20.06 
20.308 
19.703 
19.441 
18.902 
17.878 
16.207 
14.375 
13.835 
13.73 
h 
13.227 
13.16 
13.117 
13.084 
13.06 
13.01 
12.912 
12.754 
h 
11.59 
11.499 
11.415 
11.366 
11.265 
11.067 
10.72 
10.244 
h 
9.726 
9.715 
9.64 
9.638 
9.634 
9.628 
9.614 
9.589 
h 
8.97 
8.816 
8.779 
8.753 
8.711 
8.654 
8.57 
8.471 
h 
8.265 
8.084 
8.108 
8.043 
8.037 
8.027 
8.012 
8.0 
h 
7.963 
7.923 
7.861 
7.845 
7.748 
7.634 
7.513 
7.311 
h 
6.528 
6.414 
6.348 
6.285 
6.202 
6.087 
5.929 
5.707 
h 
5.174 
5.07 
5.04 
4.998 
4.95 
4.895 
4.831 
4.86 
h 
4.828 
4.62 
4.592 
4.553 
4.499 
4.474 
4.437 
4.371 
h 
4.186 
4.091 
3.973 
3.906 
3.799 
3.781 
3.752 
3.726 
h 
3.632 
3.616 
3.559 
3.53 
3.501 
3.476 
3.496 
3.532 
h 
3.251 
3.247 
3.245 
3.242 
3.257 
3.229 
3.222 
3.207 
h 
3.031 
3.017 
2.996 
2.98 
2.973 
2.963 
2.953 
2.912 
h 
2.786 
2.73 
2.7 
2.699 
2.697 
2.696 
2.693 
2.687 
h 
2.537 
2.508 
2.491 
2.472 
2.438 
2.38 
2.334 
2.326 
h 
2.118 
2.1 
2.079 
2.068 
2.069 
2.056 
2.046 
2.028 
h 
