29.15 
28.886 
28.137 
26.692 
25.379 
25.332 
25.242 
25.088 
h 
23.218 
23.92 
23.002 
22.937 
22.822 
22.592 
22.143 
21.312 
20.065 
21.433 
h 
23.518 
18.137 
18.006 
17.626 
17.45 
17.128 
16.641 
16.262 
h 
15.522 
15.313 
15.216 
15.139 
15.031 
14.872 
14.623 
14.29 
h 
14.009 
13.733 
13.559 
13.329 
13.106 
12.884 
12.569 
12.168 
h 
11.64 
11.623 
11.617 
11.611 
11.589 
11.583 
11.524 
11.468 
h 
11.36 
11.358 
11.351 
11.337 
11.324 
11.297 
11.245 
11.147 
h 
10.513 
10.495 
10.343 
10.323 
10.288 
10.229 
10.138 
10.214 
h 
9.92 
9.901 
9.894 
9.881 
9.869 
9.853 
9.821 
9.787 
h 
9.699 
9.629 
9.583 
9.527 
9.547 
9.406 
9.285 
9.088 
h 
8.484 
8.173 
8.395 
8.114 
8.077 
8.003 
7.874 
7.652 
h 
7.193 
7.051 
7.058 
6.94 
6.901 
6.84 
6.738 
6.592 
h 
6.391 
6.24 
6.411 
6.084 
5.995 
5.975 
5.938 
5.888 
h 
5.484 
5.466 
5.417 
5.365 
5.288 
5.183 
5.05 
4.912 
h 
4.73 
4.598 
4.584 
4.566 
4.528 
4.466 
4.341 
4.169 
h 
4.106 
3.997 
3.99 
3.97 
3.932 
3.864 
3.75 
3.609 
h 
3.552 
3.368 
3.334 
3.29 
3.225 
3.138 
3.029 
2.893 
h 
2.279 
2.198 
2.152 
2.125 
2.081 
2.035 
1.988 
1.915 
h 
1.565 
1.538 
1.53 
1.526 
1.519 
1.506 
1.483 
1.445 
h 
1.384 
1.326 
1.296 
1.287 
1.272 
1.247 
1.211 
1.184 
h 
0.981 
0.949 
0.941 
0.922 
0.905 
0.897 
0.894 
0.887 
h 
0.816 
0.804 
0.787 
0.764 
0.772 
1.039 
0.753 
0.748 
0.745 
0.745 
0.744 
0.744 
0.742 
0.739 
h 
0.704 
0.701 
0.7 
0.7 
0.699 
0.697 
0.694 
0.7 
h 
0.456 
0.453 
0.439 
0.429 
0.41 
0.378 
0.338 
0.323 
