27.569 
27.397 
26.925 
26.086 
25.475 
25.399 
25.254 
25.006 
h 
23.905 
26.348 
23.76 
23.655 
23.438 
23.032 
22.382 
21.717 
21.563 
21.48 
h 
20.817 
20.747 
20.599 
20.317 
19.813 
19.315 
19.939 
18.582 
h 
17.445 
17.334 
17.101 
16.666 
16.194 
15.661 
14.938 
14.252 
h 
13.602 
13.383 
13.371 
13.367 
13.357 
13.338 
13.304 
13.243 
h 
12.55 
12.481 
12.357 
12.244 
12.828 
12.057 
11.916 
11.747 
11.691 
11.679 
11.672 
11.668 
11.659 
h 
11.151 
11.122 
11.095 
11.076 
11.065 
11.048 
11.019 
10.984 
h 
10.641 
10.582 
10.54 
10.477 
10.458 
10.445 
10.434 
10.416 
h 
10.372 
10.333 
10.268 
10.199 
10.174 
10.041 
9.89 
9.662 
h 
9.317 
9.294 
9.27 
9.224 
9.151 
9.058 
8.914 
8.717 
h 
7.871 
7.706 
7.764 
7.55 
7.446 
7.337 
7.185 
7.092 
h 
6.877 
6.771 
6.751 
6.746 
6.74 
6.728 
6.707 
6.672 
h 
6.316 
6.256 
6.184 
6.109 
6.072 
6.168 
5.957 
5.858 
h 
5.454 
5.257 
5.223 
5.175 
5.117 
5.005 
4.807 
4.473 
h 
3.864 
3.578 
3.477 
3.419 
3.476 
3.414 
3.363 
3.346 
h 
3.279 
3.229 
3.142 
3.004 
2.916 
2.953 
2.73 
2.534 
h 
2.041 
2.003 
1.975 
1.958 
1.951 
1.937 
1.92 
1.895 
h 
1.607 
1.594 
1.583 
1.576 
1.57 
1.557 
1.536 
1.495 
h 
1.377 
1.263 
1.109 
0.986 
0.973 
1.073 
0.881 
0.869 
h 
0.827 
0.826 
0.816 
0.815 
0.813 
0.812 
0.811 
0.809 
h 
0.795 
0.792 
0.79 
0.79 
0.79 
0.79 
0.789 
0.788 
h 
0.658 
0.656 
0.658 
0.653 
0.652 
0.65 
0.646 
0.638 
h 
0.589 
0.566 
0.548 
0.503 
0.486 
0.479 
0.477 
0.475 
h 
0.368 
0.367 
0.368 
0.366 
0.364 
0.363 
0.361 
0.355 
h 
0.231 
