30.099 
29.8 
28.952 
27.289 
25.651 
25.558 
25.404 
25.214 
h 
23.677 
24.013 
23.553 
23.433 
23.195 
22.773 
22.191 
21.848 
21.556 
21.323 
h 
21.04 
21.23 
20.738 
20.297 
19.731 
18.807 
17.924 
17.746 
h 
17.546 
17.267 
16.943 
16.82 
16.746 
16.197 
15.68 
15.192 
h 
14.742 
14.721 
14.655 
14.52 
14.329 
13.952 
13.278 
12.173 
h 
10.447 
10.489 
9.901 
9.725 
9.558 
9.288 
8.914 
8.51 
h 
8.325 
8.07 
8.057 
7.954 
7.952 
7.947 
7.932 
7.913 
h 
7.535 
7.467 
7.397 
7.323 
7.254 
7.172 
7.042 
6.962 
h 
6.752 
6.756 
6.711 
6.677 
6.655 
6.622 
6.574 
6.684 
h 
6.513 
6.498 
6.47 
6.431 
6.385 
6.334 
6.409 
6.212 
h 
5.761 
5.623 
5.536 
5.494 
5.455 
5.382 
5.255 
5.065 
h 
4.525 
4.434 
4.42 
4.414 
4.405 
4.389 
4.375 
4.371 
h 
4.108 
4.096 
4.078 
4.061 
4.037 
4.034 
4.01 
3.971 
h 
3.779 
3.712 
3.613 
3.582 
3.528 
3.498 
3.436 
3.329 
h 
2.873 
2.806 
2.722 
2.71 
2.692 
2.663 
2.624 
2.596 
h 
2.492 
2.469 
2.446 
2.418 
2.376 
2.343 
2.301 
2.337 
h 
2.186 
2.131 
1.994 
1.675 
1.522 
1.653 
1.37 
1.344 
h 
1.135 
1.121 
1.104 
1.098 
1.092 
1.085 
1.079 
1.063 
h 
0.937 
0.912 
0.89 
0.876 
0.854 
0.821 
0.774 
0.826 
h 
0.535 
0.656 
0.422 
0.337 
0.255 
