30.142 
29.777 
28.734 
26.675 
24.705 
24.695 
24.684 
24.665 
h 
22.662 
22.604 
22.547 
22.47 
22.317 
22.035 
21.602 
21.234 
h 
18.572 
18.022 
17.861 
17.733 
17.458 
16.928 
16.029 
14.955 
h 
13.643 
12.953 
12.666 
12.446 
12.285 
12.037 
11.875 
11.627 
h 
11.283 
11.405 
10.948 
10.855 
10.695 
10.403 
9.925 
9.314 
8.667 
8.466 
h 
7.424 
7.393 
7.333 
7.304 
7.267 
7.236 
7.152 
7.025 
h 
6.212 
6.21 
6.217 
6.186 
6.165 
6.143 
6.105 
6.002 
h 
5.594 
5.564 
5.519 
5.447 
5.364 
5.25 
5.264 
5.86 
5.075 
4.971 
4.868 
4.842 
4.811 
4.794 
4.797 
4.788 
h 
4.436 
4.435 
4.43 
4.425 
4.42 
4.4 
4.36 
4.291 
h 
3.958 
3.812 
3.742 
3.678 
3.657 
3.536 
3.429 
3.282 
h 
2.876 
2.731 
2.716 
2.686 
2.629 
2.596 
2.539 
2.453 
h 
2.212 
2.078 
1.925 
1.859 
1.794 
1.737 
1.731 
1.577 
h 
1.361 
1.125 
0.89 
0.819 
0.751 
0.702 
0.667 
0.629 
h 
0.543 
0.51 
