25.258 
25.236 
25.177 
25.077 
25.004 
24.987 
24.959 
24.935 
h 
24.902 
24.854 
24.765 
24.553 
24.15 
23.448 
22.55 
22.238 
h 
19.672 
19.15 
18.789 
18.531 
18.039 
17.218 
16.09 
15.182 
h 
14.734 
14.843 
14.498 
14.414 
14.292 
14.192 
14.023 
13.816 
h 
12.374 
12.3 
12.183 
12.0 
11.739 
11.494 
11.5 
11.343 
h 
10.001 
9.813 
9.688 
9.652 
9.593 
9.495 
9.386 
9.265 
h 
9.053 
8.895 
8.678 
8.546 
8.396 
8.359 
8.275 
8.2 
h 
7.138 
7.016 
6.97 
6.921 
6.9 
6.812 
6.695 
6.519 
h 
5.848 
5.791 
5.789 
5.774 
5.749 
5.718 
5.687 
5.662 
h 
5.572 
5.543 
5.531 
5.515 
5.499 
5.471 
5.441 
5.397 
h 
5.26 
5.224 
5.183 
5.175 
5.153 
5.145 
5.131 
5.106 
h 
4.432 
4.374 
4.367 
4.336 
4.314 
4.27 
4.204 
4.119 
h 
3.461 
3.406 
3.361 
3.299 
3.305 
3.282 
3.273 
3.274 
h 
3.043 
3.069 
2.98 
2.931 
2.873 
2.852 
2.787 
2.825 
h 
2.592 
2.558 
2.557 
2.537 
2.506 
2.47 
2.422 
2.335 
h 
1.924 
2.152 
1.745 
1.643 
1.579 
1.476 
1.408 
1.401 
1.375 
1.327 
h 
1.219 
1.139 
1.134 
1.095 
1.059 
1.048 
1.032 
1.014 
h 
0.913 
0.866 
0.858 
0.848 
0.835 
0.822 
0.834 
0.816 
h 
0.662 
0.655 
0.645 
0.637 
0.625 
0.608 
0.583 
0.548 
h 
0.443 
0.699 
0.425 
0.423 
0.419 
0.413 
0.402 
0.385 
0.364 
0.396 
h 
0.441 
0.349 
0.347 
0.347 
0.346 
0.346 
0.345 
0.344 
h 
0.295 
