26.497 
26.366 
26.01 
25.381 
24.957 
24.948 
24.945 
24.939 
h 
23.938 
23.884 
23.804 
23.621 
23.242 
22.515 
21.285 
19.783 
h 
16.802 
17.364 
15.962 
15.767 
15.468 
14.947 
14.143 
13.364 
14.161 
13.421 
h 
13.012 
13.014 
13.012 
13.009 
13.002 
12.992 
12.974 
12.98 
h 
12.432 
12.313 
12.214 
12.207 
12.192 
12.151 
12.069 
11.909 
h 
10.504 
10.306 
10.307 
10.121 
9.962 
9.706 
9.374 
9.749 
h 
8.581 
8.56 
8.541 
8.519 
8.478 
8.412 
8.387 
8.347 
h 
7.687 
7.477 
7.444 
7.407 
7.363 
7.33 
7.281 
7.202 
h 
6.697 
6.653 
6.644 
6.628 
6.603 
6.557 
6.495 
6.41 
h 
5.621 
5.549 
5.49 
5.462 
5.426 
5.373 
5.295 
5.198 
h 
4.525 
4.508 
4.496 
4.489 
4.478 
4.463 
4.448 
4.459 
h 
3.983 
3.953 
3.918 
3.864 
3.78 
3.722 
3.629 
3.49 
h 
2.954 
2.941 
2.905 
2.886 
2.881 
2.919 
2.873 
2.86 
h 
2.586 
2.573 
2.561 
2.561 
2.553 
2.541 
2.519 
2.492 
h 
2.13 
2.118 
2.092 
2.073 
2.046 
2.026 
1.999 
1.964 
h 
1.575 
1.535 
1.498 
1.489 
1.478 
1.472 
1.456 
1.437 
h 
1.354 
1.328 
1.301 
1.254 
1.242 
1.216 
1.191 
1.159 
h 
1.012 
1.008 
0.973 
0.962 
0.954 
0.947 
0.939 
0.932 
h 
0.914 
0.894 
0.886 
0.868 
0.862 
0.855 
0.842 
0.818 
h 
0.625 
0.588 
0.554 
0.488 
0.476 
0.47 
0.459 
0.44 
h 
0.295 
