25.739 
25.664 
25.463 
25.117 
24.91 
24.903 
24.894 
24.882 
h 
23.459 
23.385 
23.324 
23.207 
22.964 
22.497 
21.65 
20.348 
h 
17.069 
18.196 
16.394 
16.027 
15.759 
15.246 
14.38 
13.254 
12.704 
12.508 
h 
12.277 
12.189 
12.146 
12.104 
12.034 
11.93 
11.736 
11.465 
h 
10.658 
10.517 
10.415 
10.285 
10.038 
9.62 
8.926 
8.079 
h 
8.196 
7.11 
7.04 
6.986 
6.906 
6.882 
6.882 
6.818 
h 
6.855 
6.783 
6.656 
6.515 
6.504 
6.501 
6.501 
6.502 
h 
6.118 
6.121 
6.096 
6.083 
6.067 
6.039 
5.989 
5.913 
h 
5.588 
5.515 
5.503 
5.458 
5.398 
5.35 
5.281 
5.22 
h 
4.871 
4.848 
4.844 
4.832 
4.814 
4.784 
4.768 
4.723 
h 
4.552 
4.503 
4.477 
4.441 
4.386 
4.274 
4.074 
3.812 
h 
3.81 
3.685 
3.626 
3.607 
3.578 
3.544 
3.498 
3.422 
h 
2.943 
2.946 
2.861 
2.839 
2.799 
2.744 
2.678 
2.589 
h 
2.281 
2.199 
2.176 
2.146 
2.124 
2.104 
2.074 
2.035 
h 
1.664 
1.633 
1.609 
1.595 
1.584 
1.566 
1.538 
1.509 
h 
1.361 
1.253 
1.186 
1.119 
1.112 
1.106 
1.095 
1.08 
h 
0.917 
0.92 
0.906 
0.899 
0.89 
0.882 
0.869 
0.847 
h 
0.555 
0.544 
0.532 
0.514 
0.488 
0.461 
0.498 
0.446 
h 
0.261 
