28.984 
28.684 
27.846 
26.283 
25.061 
25.037 
25.011 
24.994 
h 
22.862 
22.653 
22.452 
22.367 
22.186 
21.829 
21.191 
20.271 
h 
17.301 
16.719 
17.013 
16.408 
16.255 
15.962 
15.458 
14.776 
h 
14.223 
15.2 
14.538 
14.108 
13.989 
13.821 
13.505 
12.941 
12.096 
11.435 
h 
9.18 
9.475 
9.095 
9.03 
8.91 
8.68 
8.25 
7.555 
6.781 
7.072 
h 
6.39 
6.081 
6.056 
6.025 
6.012 
5.999 
5.973 
5.931 
h 
5.009 
5.025 
4.967 
4.938 
4.887 
4.805 
4.681 
4.553 
h 
4.26 
3.971 
3.841 
3.774 
3.788 
3.782 
3.768 
3.756 
h 
3.62 
3.636 
3.586 
3.597 
3.61 
3.698 
3.68 
3.592 
3.509 
3.462 
3.357 
3.221 
3.206 
3.184 
h 
2.986 
2.964 
2.92 
2.859 
2.769 
2.688 
2.958 
2.577 
h 
2.328 
2.224 
2.112 
1.983 
1.959 
1.931 
1.885 
1.8 
h 
1.542 
1.354 
1.228 
1.131 
1.093 
1.052 
1.018 
1.059 
h 
1.014 
0.997 
1.002 
0.999 
0.998 
0.996 
0.994 
0.99 
h 
0.98 
0.975 
0.982 
0.974 
0.973 
0.971 
0.969 
0.963 
h 
0.926 
1.052 
0.917 
0.913 
0.906 
0.896 
0.891 
0.886 
0.878 
0.867 
h 
0.801 
0.798 
0.794 
0.79 
0.784 
0.791 
0.782 
0.781 
h 
0.655 
0.65 
0.645 
0.64 
0.628 
0.608 
0.585 
0.557 
h 
0.433 
0.36 
0.245 
