25.85 
25.804 
25.679 
25.462 
25.292 
25.231 
25.153 
25.088 
h 
23.683 
23.604 
23.549 
23.447 
23.24 
22.849 
22.203 
21.457 
h 
19.381 
24.204 
19.211 
19.162 
19.114 
19.038 
18.897 
18.661 
18.255 
17.731 
h 
16.876 
16.369 
16.241 
16.219 
16.18 
16.104 
15.964 
15.73 
h 
14.297 
14.268 
14.135 
14.05 
13.933 
13.718 
13.423 
13.315 
h 
12.326 
12.122 
12.03 
12.057 
11.874 
11.728 
11.465 
11.056 
h 
10.081 
9.934 
9.785 
9.726 
9.676 
9.617 
9.632 
9.578 
h 
9.341 
9.294 
9.241 
9.231 
9.222 
9.206 
9.185 
9.146 
h 
8.86 
8.74 
8.616 
8.577 
8.545 
8.499 
8.42 
8.285 
h 
7.632 
7.819 
7.564 
7.557 
7.545 
7.522 
7.466 
7.384 
7.278 
7.117 
h 
7.002 
7.217 
6.917 
6.881 
6.851 
6.809 
6.752 
6.665 
6.51 
6.392 
h 
5.829 
5.798 
5.724 
5.692 
5.679 
5.66 
5.623 
5.563 
h 
5.197 
5.092 
5.034 
5.004 
4.919 
4.819 
4.69 
4.498 
h 
3.742 
3.633 
3.592 
3.579 
3.556 
3.515 
3.437 
3.305 
h 
3.07 
2.965 
2.835 
2.802 
2.789 
2.77 
2.741 
2.691 
h 
2.505 
2.458 
2.42 
2.472 
2.411 
2.401 
2.384 
2.358 
h 
2.298 
2.238 
2.204 
2.285 
2.166 
2.142 
2.097 
2.011 
h 
1.687 
1.481 
1.286 
1.166 
0.992 
0.932 
0.906 
0.871 
h 
0.744 
0.71 
0.672 
0.643 
0.604 
0.548 
0.508 
0.45 
h 
0.331 
0.238 
