25.851 
25.816 
25.721 
25.55 
25.404 
25.361 
25.301 
25.238 
h 
23.368 
23.243 
23.204 
23.115 
22.932 
22.592 
22.048 
21.511 
h 
20.771 
20.67 
20.488 
20.204 
19.716 
18.847 
17.489 
16.145 
h 
13.6 
13.534 
13.513 
13.476 
13.427 
13.405 
13.334 
13.293 
h 
13.283 
13.269 
13.255 
13.22 
13.156 
13.028 
12.792 
12.438 
h 
11.512 
11.444 
11.375 
11.296 
11.148 
10.878 
10.487 
9.937 
h 
9.432 
9.392 
9.39 
9.362 
9.331 
9.32 
9.303 
9.268 
h 
9.057 
9.019 
8.956 
8.876 
8.759 
8.697 
8.621 
8.516 
h 
8.814 
8.147 
8.107 
8.113 
8.104 
8.095 
8.083 
8.062 
h 
8.016 
7.951 
7.882 
7.841 
7.835 
7.76 
7.697 
7.598 
h 
7.158 
7.136 
7.105 
7.082 
7.05 
7.014 
6.951 
6.861 
h 
6.785 
6.735 
6.657 
6.586 
6.57 
6.549 
6.524 
6.49 
h 
6.263 
6.225 
6.189 
6.138 
6.107 
6.053 
5.964 
5.824 
h 
5.587 
5.299 
5.301 
5.245 
5.217 
5.162 
5.067 
4.945 
h 
4.428 
4.588 
4.287 
4.237 
4.204 
4.16 
4.076 
3.936 
3.716 
3.508 
h 
3.103 
3.082 
3.065 
3.067 
3.067 
3.061 
3.042 
3.033 
h 
2.89 
2.838 
2.817 
2.798 
2.782 
2.762 
2.746 
2.727 
h 
2.69 
2.667 
2.665 
2.66 
2.651 
2.637 
2.615 
2.588 
h 
2.525 
2.326 
2.228 
2.171 
2.141 
2.093 
2.021 
1.906 
h 
1.562 
1.557 
1.48 
1.452 
1.427 
1.386 
1.324 
1.313 
h 
1.28 
1.232 
1.206 
1.191 
1.175 
1.155 
1.134 
1.121 
h 
0.987 
1.004 
0.982 
0.976 
0.968 
0.954 
0.944 
0.934 
0.917 
0.896 
h 
0.741 
0.76 
0.863 
0.689 
0.675 
0.656 
0.618 
0.546 
0.418 
0.243 
