36.839 
36.409 
35.093 
31.965 
26.421 
25.686 
25.023 
25.013 
h 
24.028 
23.969 
23.895 
23.725 
23.386 
22.779 
21.928 
21.434 
h 
18.826 
19.095 
18.829 
18.154 
17.674 
16.804 
15.545 
14.759 
14.636 
14.49 
h 
13.956 
13.739 
13.592 
13.521 
13.487 
13.437 
13.402 
13.386 
h 
12.608 
12.564 
12.512 
12.459 
12.381 
12.281 
12.095 
11.757 
h 
10.784 
10.174 
10.453 
9.814 
9.558 
9.08 
8.281 
7.09 
h 
6.011 
5.829 
5.697 
5.519 
5.351 
5.19 
5.029 
4.922 
h 
4.695 
4.658 
4.597 
4.506 
4.365 
4.129 
3.812 
3.413 
h 
2.817 
2.607 
2.494 
2.468 
2.43 
2.385 
2.317 
2.256 
h 
2.095 
2.066 
2.002 
1.915 
1.825 
2.386 
1.809 
1.807 
1.802 
1.79 
1.764 
1.722 
1.686 
1.637 
h 
2.136 
2.134 
1.824 
1.76 
1.653 
1.621 
1.606 
1.599 
h 
1.388 
1.381 
1.371 
1.355 
1.319 
1.361 
1.285 
1.255 
h 
1.085 
1.033 
0.946 
0.837 
0.873 
1.003 
0.798 
0.763 
h 
0.603 
0.596 
0.585 
0.568 
0.542 
0.514 
0.509 
0.473 
h 
0.452 
0.436 
0.407 
0.358 
0.34 
0.332 
0.289 
