36.839 
36.507 
35.481 
32.959 
27.786 
27.369 
25.163 
25.141 
h 
24.674 
24.621 
24.496 
24.233 
23.718 
22.782 
21.408 
20.478 
h 
19.491 
18.185 
18.127 
18.078 
17.984 
17.809 
17.511 
17.036 
h 
15.283 
15.03 
14.621 
13.857 
12.914 
12.217 
10.645 
9.313 
h 
8.601 
8.473 
8.342 
8.204 
8.106 
7.989 
7.86 
7.666 
h 
7.156 
7.161 
7.153 
7.143 
7.144 
7.129 
7.101 
7.05 
h 
6.559 
6.475 
6.386 
6.332 
6.295 
6.266 
6.223 
6.156 
h 
5.577 
5.501 
5.468 
5.444 
5.416 
5.363 
5.349 
5.249 
h 
5.056 
4.994 
4.98 
4.951 
4.895 
4.801 
4.657 
4.558 
h 
4.948 
4.86 
4.383 
4.472 
4.34 
4.344 
4.344 
4.34 
h 
4.231 
4.216 
4.189 
4.133 
4.021 
3.813 
3.506 
3.377 
h 
2.995 
2.878 
2.811 
2.765 
2.753 
2.702 
2.638 
2.553 
h 
2.367 
2.298 
2.276 
2.272 
2.243 
2.225 
2.221 
2.213 
h 
2.119 
2.1 
2.068 
2.014 
1.979 
2.064 
1.885 
1.804 
h 
1.158 
1.076 
0.968 
0.909 
0.902 
0.89 
0.88 
0.866 
h 
0.575 
0.566 
0.554 
0.542 
0.519 
0.478 
0.409 
0.306 
h 
1.43 
0.389 
0.272 
0.228 
