25.752 
25.73 
25.671 
25.563 
25.455 
25.362 
25.29 
25.215 
h 
23.518 
23.466 
23.35 
23.218 
22.954 
22.474 
21.726 
20.996 
h 
20.813 
20.723 
20.198 
19.92 
19.408 
18.538 
17.302 
16.402 
h 
15.473 
15.219 
15.074 
14.982 
14.841 
14.594 
14.183 
13.578 
h 
11.549 
11.699 
11.44 
11.387 
11.295 
11.122 
10.872 
10.507 
10.276 
10.261 
h 
9.958 
9.889 
9.79 
9.738 
9.713 
9.698 
9.672 
9.624 
h 
9.367 
9.267 
9.155 
9.023 
8.863 
8.797 
8.601 
8.272 
h 
7.804 
7.692 
7.545 
7.276 
6.894 
7.478 
6.77 
6.733 
h 
6.599 
6.475 
6.315 
6.268 
6.203 
6.013 
5.972 
5.939 
h 
5.779 
5.732 
5.708 
5.688 
5.646 
5.582 
5.475 
5.249 
h 
4.887 
4.793 
4.671 
4.544 
4.428 
4.34 
4.187 
4.038 
h 
3.593 
3.568 
3.45 
3.425 
3.38 
3.318 
3.161 
2.93 
h 
2.334 
2.093 
2.004 
1.895 
1.876 
1.843 
1.8 
1.728 
h 
1.38 
1.322 
1.318 
1.309 
1.298 
1.272 
1.25 
1.222 
h 
1.12 
1.124 
1.086 
1.053 
1.066 
1.047 
1.125 
1.018 
h 
1.042 
1.065 
1.036 
1.03 
1.04 
1.036 
0.991 
0.932 
0.919 
0.907 
h 
0.885 
0.891 
0.872 
0.869 
0.864 
0.862 
0.858 
0.853 
h 
0.747 
0.738 
0.731 
0.725 
0.715 
0.699 
0.686 
0.678 
h 
0.615 
0.609 
0.601 
0.597 
0.59 
0.597 
0.61 
0.582 
h 
0.556 
0.555 
0.552 
0.549 
0.543 
0.535 
0.53 
0.525 
h 
0.455 
0.466 
0.449 
0.449 
0.448 
0.446 
0.445 
0.441 
0.434 
0.423 
h 
0.304 
0.264 
