29.596 
29.253 
28.288 
26.46 
25.023 
24.996 
24.994 
24.991 
h 
22.461 
22.395 
22.271 
22.118 
21.866 
21.402 
20.635 
19.519 
h 
18.173 
17.02 
18.216 
16.287 
15.785 
15.006 
14.043 
13.47 
h 
12.241 
11.661 
11.384 
11.152 
11.085 
11.009 
10.922 
10.869 
h 
10.467 
10.462 
10.45 
10.43 
10.39 
10.319 
10.203 
10.006 
h 
9.207 
9.04 
8.943 
8.831 
8.646 
8.328 
7.899 
7.275 
h 
6.165 
5.74 
5.442 
5.169 
4.867 
4.649 
4.484 
4.386 
h 
4.633 
4.27 
4.254 
4.226 
4.175 
4.08 
3.928 
3.718 
h 
3.553 
3.349 
3.294 
3.263 
3.207 
3.115 
2.992 
2.89 
h 
3.192 
2.734 
2.72 
2.694 
2.641 
2.565 
2.555 
2.627 
h 
2.381 
2.303 
2.203 
2.156 
2.13 
2.114 
2.098 
2.108 
h 
1.88 
1.87 
1.862 
1.85 
1.835 
1.817 
1.783 
1.723 
h 
1.204 
1.122 
1.056 
0.959 
0.888 
0.884 
0.873 
0.867 
h 
0.681 
0.652 
0.646 
0.638 
0.629 
0.612 
0.601 
0.583 
h 
0.365 
0.331 
