25.98 
25.849 
25.491 
24.866 
24.471 
24.458 
24.452 
24.443 
24.427 
24.406 
24.414 
24.396 
24.392 
h 
23.161 
23.134 
23.074 
22.999 
22.965 
22.904 
22.804 
22.668 
22.504 
22.375 
22.312 
22.22 
22.208 
22.159 
22.077 
22.036 
21.963 
21.823 
21.578 
21.255 
20.965 
22.522 
20.76 
20.697 
20.67 
20.636 
20.588 
20.54 
20.491 
20.426 
20.442 
20.378 
20.357 
20.317 
20.244 
20.143 
20.194 
20.181 
20.011 
19.999 
19.98 
19.947 
19.887 
19.801 
19.828 
19.779 
19.711 
19.703 
19.689 
19.665 
19.623 
19.65 
h 
19.735 
19.325 
18.963 
18.955 
18.937 
18.902 
18.838 
18.754 
18.926 
18.656 
18.546 
18.53 
18.518 
18.492 
18.445 
18.361 
18.237 
18.351 
18.356 
18.145 
18.141 
18.135 
18.122 
18.103 
18.096 
h 
18.462 
17.761 
17.74 
17.704 
17.63 
17.491 
17.263 
17.0 
16.968 
16.95 
16.92 
16.894 
16.873 
16.838 
16.803 
16.77 
16.709 
16.619 
16.547 
16.497 
16.479 
16.446 
16.397 
16.34 
16.296 
16.27 
16.245 
16.224 
16.212 
16.191 
16.155 
16.102 
16.134 
16.063 
16.056 
16.044 
16.023 
15.996 
15.988 
15.977 
h 
15.837 
15.806 
15.799 
15.792 
15.779 
15.754 
15.717 
15.678 
h 
