25.588 
25.53 
25.37 
25.078 
24.807 
24.782 
24.74 
24.682 
24.59 
24.488 
24.509 
24.576 
24.444 
24.444 
24.442 
24.44 
24.437 
24.434 
h 
24.064 
24.043 
23.992 
23.883 
23.663 
23.257 
22.626 
22.061 
21.675 
21.497 
21.376 
21.218 
21.021 
20.698 
20.585 
20.309 
19.852 
19.719 
19.508 
19.259 
19.16 
20.166 
19.048 
19.045 
19.035 
19.014 
18.97 
18.891 
18.77 
18.668 
18.603 
18.676 
18.548 
18.537 
18.516 
18.48 
18.427 
18.438 
18.398 
18.387 
18.369 
h 
17.684 
17.578 
17.479 
17.406 
17.412 
17.357 
17.306 
17.22 
17.113 
17.052 
17.001 
16.981 
16.974 
16.957 
16.949 
16.94 
16.935 
16.93 
16.92 
h 
16.422 
16.317 
16.193 
16.133 
16.099 
16.036 
15.933 
15.745 
15.474 
15.227 
14.84 
14.44 
14.78 
14.249 
14.173 
14.152 
14.12 
14.072 
14.024 
13.985 
13.93 
13.903 
13.88 
13.865 
13.85 
13.832 
13.81 
13.779 
13.771 
13.755 
13.75 
13.741 
13.724 
13.697 
13.662 
14.313 
13.661 
13.661 
13.66 
13.659 
13.657 
13.655 
13.651 
13.653 
13.651 
h 
13.268 
13.26 
13.247 
13.233 
13.221 
13.21 
13.189 
13.152 
h 
12.613 
12.586 
12.626 
12.508 
12.443 
12.317 
12.1 
11.778 
11.534 
11.424 
11.351 
11.297 
11.24 
11.196 
11.122 
11.027 
10.931 
10.886 
10.833 
10.787 
10.735 
10.688 
10.638 
10.564 
10.517 
10.887 
10.454 
10.393 
10.388 
10.385 
10.383 
10.38 
10.373 
10.365 
10.351 
h 
10.097 
10.143 
9.995 
9.971 
9.937 
9.917 
9.9 
9.875 
9.837 
9.795 
9.736 
9.642 
9.543 
9.592 
9.498 
9.485 
9.461 
9.43 
9.398 
9.401 
9.371 
9.361 
9.351 
9.339 
9.329 
9.312 
9.304 
9.299 
9.289 
9.276 
9.266 
9.261 
9.253 
h 
9.236 
9.227 
9.212 
9.188 
9.243 
9.153 
9.119 
9.064 
9.005 
8.965 
8.913 
8.858 
8.833 
8.818 
8.791 
8.751 
8.768 
8.735 
8.728 
8.723 
8.709 
8.68 
8.625 
8.623 
8.81 
8.605 
8.55 
8.549 
8.547 
8.544 
8.541 
8.536 
8.529 
8.536 
h 
8.341 
8.33 
8.31 
8.286 
8.279 
8.281 
8.278 
8.27 
h 
