26.758 
26.629 
26.279 
25.659 
25.227 
25.199 
25.152 
25.075 
24.995 
25.079 
24.993 
24.966 
24.966 
24.966 
24.965 
24.965 
24.966 
24.964 
24.964 
24.964 
h 
24.517 
24.498 
24.455 
24.366 
24.186 
23.851 
23.319 
22.797 
22.64 
22.38 
22.25 
22.113 
21.987 
21.805 
21.494 
21.093 
21.132 
20.912 
20.886 
20.834 
20.744 
20.614 
20.501 
20.525 
20.296 
20.218 
20.158 
20.096 
20.02 
19.956 
19.911 
19.884 
19.839 
19.79 
19.749 
19.94 
19.709 
19.691 
19.668 
19.628 
19.57 
19.564 
19.912 
19.532 
19.529 
19.524 
19.515 
19.499 
19.478 
19.464 
19.451 
19.436 
h 
19.09 
19.092 
19.08 
19.067 
19.042 
18.993 
18.907 
18.784 
18.689 
18.69 
18.638 
18.613 
18.588 
18.575 
18.558 
18.543 
18.518 
18.495 
18.478 
18.463 
18.445 
h 
17.986 
17.786 
17.781 
17.771 
17.752 
17.714 
17.641 
17.511 
17.292 
17.026 
17.638 
17.266 
16.928 
16.924 
16.917 
16.904 
16.883 
16.865 
16.845 
16.82 
16.79 
h 
16.267 
16.244 
16.24 
16.224 
16.197 
16.144 
16.045 
15.894 
15.707 
15.6 
15.619 
15.567 
15.556 
15.545 
15.544 
15.541 
15.537 
15.53 
15.523 
15.525 
15.519 
15.519 
h 
