26.447 
26.336 
26.037 
25.524 
25.179 
25.161 
25.124 
25.057 
24.94 
24.774 
25.084 
24.742 
24.71 
24.708 
24.705 
24.698 
24.691 
24.684 
24.681 
24.676 
h 
24.485 
24.467 
24.43 
24.347 
24.182 
23.896 
23.52 
23.339 
23.247 
23.208 
23.152 
23.082 
22.953 
22.76 
22.407 
21.956 
23.458 
21.773 
21.723 
21.661 
21.6 
21.554 
21.495 
21.4 
21.327 
21.296 
21.272 
21.26 
21.246 
21.224 
21.186 
21.149 
21.138 
h 
20.816 
20.739 
20.653 
20.638 
20.621 
20.592 
20.557 
20.515 
20.47 
20.407 
20.391 
20.382 
20.312 
20.307 
20.298 
20.283 
20.255 
20.209 
20.144 
20.066 
20.078 
20.036 
20.031 
20.022 
20.005 
19.981 
19.943 
h 
19.37 
19.387 
19.274 
19.24 
19.192 
19.125 
19.026 
18.889 
18.784 
18.712 
18.609 
18.552 
18.513 
18.47 
18.455 
18.435 
18.402 
18.353 
18.341 
18.337 
18.317 
18.286 
18.282 
18.262 
18.242 
h 
