26.485 
26.315 
25.857 
25.081 
24.624 
24.618 
24.609 
24.596 
24.585 
24.579 
24.574 
24.57 
24.566 
h 
23.445 
23.383 
23.264 
23.113 
23.064 
23.029 
22.956 
22.818 
22.593 
22.288 
22.059 
22.056 
21.78 
21.748 
21.71 
21.675 
21.626 
21.532 
21.369 
21.182 
21.235 
21.053 
21.016 
20.951 
20.863 
20.754 
20.708 
20.673 
20.641 
20.602 
20.571 
20.535 
20.492 
20.445 
20.358 
20.221 
20.1 
22.014 
20.066 
20.059 
20.045 
20.024 
20.009 
20.011 
19.987 
19.978 
19.969 
h 
19.364 
19.324 
19.3 
19.264 
19.208 
19.134 
19.027 
18.897 
18.811 
18.712 
18.67 
18.617 
18.611 
18.607 
18.603 
18.593 
18.574 
18.542 
18.53 
h 
18.467 
18.464 
18.455 
18.439 
18.404 
18.337 
18.214 
18.015 
17.963 
17.835 
17.781 
17.718 
17.651 
17.61 
17.545 
17.46 
17.636 
17.824 
17.348 
17.323 
17.284 
17.231 
17.195 
17.177 
17.165 
17.149 
17.126 
17.105 
17.076 
17.026 
16.958 
16.866 
17.088 
16.835 
16.829 
16.823 
16.813 
16.794 
16.76 
16.715 
16.659 
16.656 
16.773 
16.611 
16.583 
16.579 
16.571 
16.555 
16.523 
16.47 
16.415 
16.796 
16.416 
16.398 
16.392 
16.385 
16.374 
16.363 
16.354 
16.349 
16.344 
h 
16.186 
16.154 
16.142 
16.129 
16.112 
16.088 
16.05 
16.003 
15.947 
15.901 
15.831 
15.77 
15.738 
15.717 
15.7 
15.69 
15.688 
15.684 
15.681 
h 
