26.928 
26.759 
26.298 
25.486 
24.972 
24.958 
24.957 
24.956 
24.954 
24.952 
24.947 
24.94 
24.936 
h 
23.55 
23.5 
23.405 
23.28 
23.109 
22.772 
22.162 
21.194 
20.22 
21.487 
19.803 
19.628 
19.58 
19.521 
19.439 
19.301 
19.133 
18.869 
18.532 
18.612 
18.382 
18.358 
18.308 
18.216 
18.079 
18.057 
17.99 
17.829 
17.775 
17.679 
17.519 
17.337 
17.659 
17.278 
17.252 
17.21 
17.135 
17.025 
16.946 
17.442 
16.913 
16.902 
16.883 
16.847 
16.795 
16.756 
16.699 
16.702 
16.733 
16.646 
16.641 
16.631 
16.61 
16.578 
16.542 
h 
16.223 
16.198 
16.18 
16.157 
16.11 
16.017 
15.856 
15.613 
15.354 
15.185 
15.225 
15.083 
15.056 
15.015 
14.961 
14.894 
14.816 
14.783 
15.621 
14.738 
14.734 
14.728 
14.716 
14.694 
14.66 
14.602 
14.523 
14.578 
14.516 
14.464 
14.461 
14.456 
14.449 
14.441 
14.426 
h 
14.364 
14.363 
14.353 
14.317 
14.295 
14.253 
14.181 
14.091 
14.054 
14.05 
14.045 
14.039 
14.03 
14.021 
14.01 
14.007 
14.02 
13.996 
13.995 
13.994 
h 
13.953 
13.949 
13.944 
13.936 
13.922 
13.901 
13.904 
13.881 
h 
