27.736 
27.559 
27.074 
26.217 
25.514 
25.453 
25.348 
25.141 
24.938 
24.81 
24.663 
24.413 
24.197 
24.15 
24.075 
24.034 
23.986 
23.943 
23.919 
23.885 
23.834 
23.797 
23.769 
23.76 
23.753 
23.74 
23.715 
23.676 
h 
22.419 
22.538 
22.376 
22.307 
22.167 
21.909 
21.499 
21.083 
21.0 
20.92 
20.84 
20.69 
20.4 
20.381 
20.292 
19.997 
19.951 
19.864 
19.719 
19.476 
19.277 
21.279 
19.196 
19.187 
19.167 
19.128 
19.059 
18.986 
18.869 
18.691 
18.486 
18.754 
18.437 
18.437 
18.432 
18.422 
18.402 
18.37 
18.336 
18.285 
18.213 
18.17 
18.147 
18.126 
18.085 
18.009 
17.89 
17.777 
18.173 
17.71 
17.603 
17.592 
17.578 
17.551 
17.503 
17.427 
17.347 
17.548 
17.298 
17.289 
17.275 
17.253 
17.212 
17.135 
17.001 
16.932 
22.941 
16.767 
16.757 
16.754 
16.748 
16.743 
16.737 
16.725 
16.712 
16.724 
h 
16.572 
16.506 
16.489 
16.46 
16.413 
16.32 
16.146 
15.85 
15.432 
15.365 
18.376 
15.118 
15.108 
15.099 
15.088 
15.068 
15.031 
14.974 
14.918 
14.889 
14.955 
14.835 
14.826 
14.81 
14.779 
14.743 
14.729 
14.735 
14.709 
14.706 
14.701 
14.696 
14.686 
14.664 
h 
14.361 
14.331 
14.295 
14.286 
14.269 
14.24 
14.196 
14.137 
14.115 
14.114 
14.096 
14.082 
14.06 
14.04 
14.03 
14.015 
13.991 
13.979 
13.962 
13.954 
13.946 
13.933 
h 
13.767 
13.762 
13.728 
13.696 
13.628 
13.495 
13.248 
12.856 
12.561 
12.426 
12.243 
12.023 
12.091 
12.044 
11.906 
11.906 
11.91 
11.923 
11.938 
11.915 
h 
