26.298 
26.272 
26.203 
26.077 
25.941 
25.916 
25.887 
25.827 
25.716 
25.541 
25.238 
24.79 
26.344 
24.74 
24.732 
24.717 
24.692 
24.666 
24.638 
24.619 
24.585 
24.54 
h 
23.368 
23.348 
23.237 
23.203 
23.134 
23.0 
22.764 
22.429 
22.237 
22.433 
22.148 
22.134 
22.11 
22.071 
22.008 
21.902 
21.78 
22.241 
21.954 
21.497 
21.473 
21.445 
21.392 
21.292 
21.121 
20.986 
23.265 
20.923 
20.915 
20.911 
20.902 
20.89 
20.871 
20.841 
20.801 
20.839 
h 
19.975 
19.93 
19.893 
19.852 
19.819 
19.771 
19.682 
19.534 
19.507 
19.6 
19.211 
19.185 
19.153 
19.11 
19.037 
18.967 
18.943 
18.897 
18.885 
18.863 
18.831 
18.778 
18.724 
18.778 
18.665 
18.58 
18.568 
18.549 
18.512 
18.501 
18.491 
18.474 
18.46 
18.453 
18.448 
18.443 
18.432 
h 
18.3 
18.275 
18.242 
18.223 
18.187 
18.125 
18.023 
17.887 
17.819 
17.825 
17.749 
17.725 
17.685 
17.635 
17.678 
17.592 
17.583 
17.567 
17.538 
17.492 
17.461 
17.44 
17.428 
17.419 
17.402 
17.375 
17.328 
17.27 
17.516 
17.273 
h 
17.148 
17.113 
17.098 
17.092 
17.082 
17.072 
17.056 
17.027 
h 
