26.016 
25.975 
25.863 
25.664 
25.472 
25.437 
25.38 
25.307 
25.181 
24.985 
24.774 
24.746 
24.891 
24.641 
24.639 
24.634 
24.626 
24.614 
24.601 
24.581 
24.589 
24.582 
h 
23.521 
23.389 
23.185 
23.077 
23.021 
22.907 
22.678 
22.246 
21.842 
22.586 
21.165 
21.03 
20.909 
20.709 
20.415 
20.165 
20.212 
20.06 
20.042 
20.006 
19.936 
19.811 
19.625 
19.381 
19.989 
19.642 
19.033 
19.005 
18.967 
18.896 
18.821 
18.781 
18.768 
18.748 
18.736 
18.723 
18.702 
18.681 
18.659 
h 
18.086 
18.025 
18.02 
18.007 
17.979 
17.926 
17.843 
17.764 
17.702 
17.649 
17.59 
17.506 
17.419 
17.366 
17.292 
17.181 
17.037 
17.382 
16.931 
16.899 
16.846 
16.776 
16.694 
16.682 
16.75 
16.549 
16.531 
16.512 
16.492 
16.468 
16.436 
16.517 
16.418 
16.411 
16.401 
16.383 
h 
16.049 
16.021 
15.991 
15.938 
15.869 
15.888 
15.886 
15.816 
15.8 
15.77 
15.722 
15.656 
15.615 
15.562 
15.537 
15.539 
15.563 
15.505 
15.504 
15.503 
h 
15.208 
15.169 
15.087 
14.959 
14.853 
14.816 
14.795 
14.76 
14.703 
14.662 
14.689 
14.565 
14.537 
14.499 
14.442 
14.352 
14.258 
14.235 
14.265 
14.187 
14.181 
14.173 
14.162 
14.148 
14.127 
14.111 
14.11 
14.103 
h 
