27.146 
26.939 
26.374 
25.372 
24.646 
24.63 
24.6 
24.545 
24.463 
24.464 
24.897 
24.418 
24.417 
24.417 
24.417 
24.417 
24.416 
24.415 
24.417 
24.415 
h 
22.525 
22.514 
22.457 
22.329 
22.128 
21.878 
21.481 
20.807 
19.885 
19.375 
18.808 
18.864 
18.182 
18.03 
17.886 
17.752 
17.63 
17.482 
17.28 
17.212 
17.092 
16.919 
16.658 
16.706 
16.638 
16.309 
16.266 
16.223 
16.147 
16.009 
15.79 
15.629 
17.137 
15.451 
15.417 
15.394 
15.38 
15.367 
15.347 
15.326 
15.31 
15.287 
15.264 
15.218 
15.138 
15.156 
15.084 
15.062 
15.057 
15.046 
15.023 
14.978 
14.903 
15.048 
14.876 
14.849 
14.846 
14.84 
14.825 
14.813 
14.806 
h 
14.655 
14.639 
14.626 
14.599 
14.55 
14.455 
14.296 
14.075 
13.985 
13.952 
13.915 
13.873 
13.814 
13.713 
13.687 
13.65 
13.581 
13.467 
13.44 
13.95 
13.32 
13.302 
13.267 
13.208 
13.111 
12.996 
12.997 
13.362 
12.84 
12.834 
12.824 
12.803 
12.754 
12.735 
12.662 
12.654 
12.647 
12.642 
12.624 
12.589 
12.528 
12.475 
12.49 
12.432 
12.429 
12.423 
12.414 
12.409 
12.416 
h 
11.688 
11.657 
11.637 
11.621 
11.588 
11.519 
11.393 
11.19 
10.918 
10.803 
10.741 
10.702 
10.674 
10.635 
10.589 
10.606 
10.598 
10.573 
10.568 
10.56 
10.548 
10.532 
10.54 
10.539 
10.538 
10.513 
10.516 
10.516 
h 
10.413 
10.336 
10.212 
10.096 
10.076 
10.066 
10.068 
10.065 
10.057 
10.044 
10.024 
10.006 
h 
9.926 
9.902 
9.903 
9.889 
9.861 
9.807 
9.731 
9.599 
9.422 
9.358 
9.285 
9.286 
9.254 
9.24 
9.21 
9.133 
9.1 
9.361 
9.053 
9.104 
9.052 
9.046 
9.05 
9.058 
9.074 
9.08 
9.109 
h 
8.9 
8.895 
8.907 
8.909 
8.902 
8.886 
8.908 
8.843 
h 
