31.502 
31.179 
30.221 
28.126 
25.161 
24.918 
24.878 
24.875 
24.869 
24.86 
24.847 
24.843 
24.839 
24.837 
24.834 
h 
24.098 
24.032 
23.919 
23.836 
23.781 
23.677 
23.503 
23.301 
23.197 
23.019 
22.755 
22.537 
23.572 
22.439 
22.406 
22.338 
22.211 
21.985 
21.9 
21.82 
21.663 
21.657 
21.641 
21.607 
21.546 
21.432 
21.321 
21.282 
21.24 
21.215 
21.171 
21.09 
21.015 
20.996 
20.977 
20.949 
20.934 
20.923 
20.901 
20.86 
20.788 
20.889 
h 
20.602 
20.548 
20.519 
20.463 
20.352 
20.154 
19.842 
19.586 
19.521 
19.425 
19.34 
19.279 
19.24 
19.166 
19.091 
19.006 
18.852 
18.6 
18.329 
19.516 
18.27 
18.256 
18.227 
18.171 
18.101 
18.01 
17.923 
17.81 
17.739 
17.683 
17.672 
17.652 
17.636 
17.612 
17.57 
17.512 
17.487 
17.458 
17.45 
17.436 
17.418 
17.399 
17.364 
17.3 
17.226 
17.574 
17.16 
17.142 
17.132 
17.11 
17.068 
16.992 
16.875 
17.038 
18.048 
16.772 
16.767 
16.759 
16.745 
16.729 
16.703 
16.691 
16.796 
16.669 
h 
16.585 
16.55 
16.49 
16.448 
16.445 
16.441 
16.432 
16.419 
16.396 
16.36 
16.383 
16.306 
16.29 
16.269 
16.239 
16.212 
16.19 
16.218 
16.165 
16.16 
16.149 
16.136 
16.114 
h 
15.753 
15.901 
15.744 
15.735 
15.716 
15.678 
15.612 
15.507 
15.414 
15.386 
15.349 
15.397 
15.442 
15.334 
15.333 
15.33 
15.326 
15.318 
15.304 
h 
14.853 
14.694 
14.655 
14.616 
14.577 
14.558 
14.525 
14.49 
14.428 
14.331 
14.177 
14.016 
14.248 
13.962 
13.898 
13.886 
13.862 
13.823 
13.759 
13.699 
13.739 
13.632 
13.562 
13.552 
13.536 
13.514 
13.507 
13.497 
13.479 
13.455 
13.439 
h 
