33.683 
33.276 
32.074 
29.472 
25.945 
25.557 
25.538 
25.501 
25.429 
25.293 
25.074 
24.839 
24.472 
24.262 
27.053 
24.171 
24.168 
24.166 
24.163 
24.158 
24.151 
24.15 
24.144 
24.143 
h 
23.014 
22.984 
22.922 
22.846 
22.725 
22.494 
22.097 
21.562 
21.161 
20.614 
20.092 
21.411 
19.86 
19.819 
19.738 
19.59 
19.334 
19.169 
21.14 
18.957 
18.936 
18.892 
18.808 
18.655 
18.444 
18.832 
18.355 
18.323 
18.274 
18.22 
18.137 
18.046 
18.0 
17.977 
17.941 
17.906 
17.844 
17.745 
17.666 
17.935 
17.62 
17.612 
17.598 
17.578 
17.54 
17.496 
17.496 
17.461 
17.452 
h 
17.275 
17.237 
17.2 
17.163 
17.086 
16.936 
16.672 
16.286 
16.002 
17.01 
15.88 
15.854 
15.805 
15.708 
15.539 
15.339 
15.285 
15.213 
15.167 
15.152 
15.134 
15.098 
15.029 
14.918 
14.923 
14.852 
14.836 
14.808 
14.764 
14.72 
14.731 
14.687 
14.676 
14.654 
14.615 
14.553 
14.51 
15.274 
14.473 
14.467 
14.455 
14.436 
14.407 
14.394 
14.759 
14.387 
14.386 
14.385 
14.382 
14.378 
14.372 
14.363 
14.357 
14.353 
h 
14.234 
14.232 
14.227 
14.215 
14.192 
14.146 
14.061 
13.919 
13.768 
14.013 
13.707 
13.703 
13.699 
13.692 
13.685 
13.679 
13.668 
13.664 
13.658 
h 
13.49 
13.411 
13.323 
13.299 
13.285 
13.282 
13.277 
13.267 
13.25 
13.215 
13.158 
13.092 
13.092 
13.123 
13.044 
13.041 
13.039 
13.039 
13.037 
h 
12.583 
12.561 
12.513 
12.434 
12.364 
12.33 
12.31 
12.295 
12.276 
12.237 
12.164 
12.05 
11.94 
11.901 
11.87 
11.85 
11.841 
11.832 
11.816 
11.792 
11.763 
11.938 
11.751 
11.749 
11.746 
11.738 
11.722 
11.694 
11.655 
11.622 
11.91 
11.606 
11.602 
11.596 
11.591 
11.584 
11.586 
11.579 
11.576 
11.576 
h 
