26.738 
26.593 
26.193 
25.455 
24.871 
24.842 
24.801 
24.735 
24.657 
24.71 
24.649 
24.647 
24.646 
h 
23.761 
23.684 
23.528 
23.331 
23.278 
23.243 
23.176 
23.047 
22.83 
22.557 
22.447 
22.371 
22.337 
22.308 
22.27 
22.21 
22.113 
21.928 
21.611 
21.203 
23.884 
21.178 
21.066 
21.047 
21.009 
20.943 
20.841 
20.742 
20.653 
20.61 
20.552 
20.483 
20.464 
20.415 
20.396 
20.364 
20.318 
20.242 
20.116 
19.967 
22.233 
19.911 
19.901 
19.888 
19.862 
19.817 
19.749 
19.721 
19.692 
19.68 
19.665 
19.652 
19.632 
19.598 
19.55 
19.636 
19.549 
h 
19.439 
19.435 
19.426 
19.407 
19.369 
19.297 
19.184 
19.034 
18.961 
19.046 
18.886 
18.872 
18.845 
18.803 
18.753 
18.738 
18.725 
18.707 
18.698 
18.691 
18.68 
18.665 
18.646 
h 
18.573 
18.558 
18.538 
18.498 
18.427 
18.335 
18.193 
18.075 
18.015 
17.954 
17.929 
17.915 
17.876 
17.863 
17.85 
17.828 
17.795 
17.757 
17.74 
17.728 
17.726 
h 
17.612 
17.513 
17.403 
17.318 
17.302 
17.296 
17.286 
17.274 
17.258 
17.227 
17.174 
17.104 
17.102 
17.234 
17.032 
17.025 
17.015 
17.001 
16.978 
16.948 
16.986 
17.054 
16.932 
h 
