25.623 
25.62 
25.609 
25.585 
25.537 
25.446 
25.285 
25.068 
25.043 
25.228 
24.929 
24.929 
24.928 
24.928 
24.927 
24.927 
24.925 
24.924 
24.924 
h 
23.99 
23.968 
23.91 
23.795 
23.608 
23.29 
22.757 
22.118 
21.875 
21.675 
21.601 
21.456 
21.183 
20.699 
20.361 
21.043 
19.846 
19.774 
19.644 
19.442 
19.142 
18.897 
19.919 
19.879 
18.681 
18.662 
18.629 
18.582 
18.549 
18.519 
18.488 
18.47 
18.442 
18.439 
18.434 
18.431 
18.426 
18.418 
18.409 
h 
17.929 
17.922 
17.906 
17.879 
17.837 
17.757 
17.608 
17.361 
17.062 
17.077 
17.078 
16.709 
16.672 
16.608 
16.527 
16.482 
16.423 
16.321 
16.181 
15.965 
16.825 
15.911 
15.896 
15.867 
15.811 
15.717 
15.589 
15.592 
15.859 
15.388 
15.376 
15.352 
15.311 
15.27 
15.213 
15.224 
15.179 
15.159 
15.149 
15.136 
15.113 
15.086 
15.059 
15.016 
14.978 
14.926 
14.945 
14.916 
14.904 
14.886 
14.87 
14.84 
14.79 
14.857 
14.813 
14.737 
14.732 
14.724 
14.703 
14.665 
14.6 
14.533 
14.537 
14.679 
14.455 
14.447 
14.434 
14.427 
14.413 
14.389 
14.369 
14.423 
14.358 
h 
13.896 
13.866 
13.812 
13.747 
13.738 
13.729 
13.711 
13.678 
13.629 
13.579 
14.105 
13.578 
13.571 
13.558 
13.551 
13.528 
13.488 
13.44 
13.444 
13.439 
13.431 
13.416 
13.397 
13.406 
13.402 
13.398 
h 
12.734 
12.684 
12.637 
12.604 
12.574 
12.526 
12.443 
12.309 
12.227 
12.049 
11.975 
11.899 
11.88 
11.888 
11.873 
11.851 
11.818 
11.77 
11.77 
11.72 
11.687 
11.668 
11.638 
11.604 
11.589 
11.572 
11.566 
11.558 
11.551 
11.545 
11.544 
h 
11.303 
11.287 
11.263 
11.234 
11.195 
11.203 
11.175 
11.054 
10.951 
10.864 
10.842 
10.82 
10.781 
10.72 
10.627 
10.492 
10.337 
10.835 
10.31 
10.3 
10.288 
10.27 
10.244 
10.219 
10.212 
10.196 
10.179 
10.207 
10.161 
10.177 
10.171 
10.167 
10.169 
10.171 
h 
