24.591 
24.55 
24.441 
24.26 
24.158 
24.155 
24.151 
24.143 
24.136 
24.138 
24.134 
24.132 
h 
23.699 
23.687 
23.658 
23.596 
23.487 
23.302 
22.996 
22.653 
22.408 
22.219 
22.064 
21.93 
21.802 
21.706 
21.6 
21.495 
21.317 
21.35 
21.383 
21.103 
21.086 
21.052 
20.986 
20.864 
20.662 
20.84 
22.644 
20.353 
20.338 
20.309 
20.254 
20.194 
20.162 
20.155 
20.143 
20.118 
20.073 
19.996 
19.947 
20.951 
19.905 
19.902 
19.9 
19.898 
19.893 
19.885 
19.873 
19.864 
19.857 
h 
19.484 
19.463 
19.413 
19.339 
19.271 
19.235 
19.192 
19.12 
19.016 
19.0 
19.188 
18.871 
18.857 
18.833 
18.788 
18.709 
18.595 
18.54 
18.74 
18.469 
18.457 
18.439 
18.422 
18.413 
18.396 
18.375 
18.38 
18.355 
18.351 
18.346 
18.34 
18.328 
18.309 
h 
18.251 
18.303 
18.233 
18.227 
18.216 
18.193 
18.152 
18.096 
h 
17.812 
17.78 
17.738 
17.721 
17.701 
17.667 
17.608 
17.51 
17.388 
17.317 
17.308 
17.224 
17.178 
17.144 
17.124 
17.092 
17.046 
17.029 
17.018 
17.015 
17.011 
h 
