25.365 
25.319 
25.195 
24.979 
24.818 
24.792 
24.748 
24.696 
24.625 
24.621 
24.739 
24.563 
24.562 
24.559 
24.554 
24.551 
h 
23.757 
23.665 
23.594 
23.529 
23.391 
23.116 
22.61 
21.821 
20.969 
21.7 
22.841 
20.192 
20.141 
20.103 
20.029 
19.9 
19.69 
19.456 
19.653 
19.365 
19.31 
19.297 
19.272 
19.236 
19.18 
19.145 
19.135 
19.109 
19.094 
19.072 
19.042 
19.001 
18.989 
18.975 
h 
18.73 
18.716 
18.684 
18.617 
18.49 
18.343 
18.448 
18.012 
17.969 
17.912 
17.859 
17.82 
17.779 
17.773 
17.764 
17.755 
17.759 
17.751 
17.731 
17.718 
h 
17.228 
17.204 
17.157 
17.11 
17.097 
17.076 
17.042 
16.985 
16.889 
16.821 
16.814 
16.752 
16.742 
16.73 
16.72 
16.703 
16.673 
16.626 
16.555 
16.552 
16.857 
16.48 
16.474 
16.463 
16.449 
16.439 
16.435 
16.426 
16.416 
16.401 
h 
15.913 
15.81 
15.728 
15.643 
15.525 
15.48 
15.474 
15.453 
15.437 
15.406 
15.348 
15.25 
15.134 
15.037 
14.991 
14.952 
14.913 
14.888 
14.849 
14.793 
14.781 
15.051 
14.696 
14.687 
14.673 
14.661 
14.651 
14.655 
14.643 
14.642 
14.64 
h 
