26.624 
26.387 
25.738 
24.582 
23.794 
23.74 
23.656 
23.577 
23.533 
23.464 
23.353 
23.331 
23.358 
23.255 
23.249 
23.238 
23.22 
23.208 
23.214 
23.189 
23.186 
23.183 
h 
22.136 
22.083 
21.995 
21.937 
21.915 
21.871 
21.786 
21.63 
21.588 
21.418 
21.356 
21.323 
21.285 
21.243 
21.182 
21.13 
21.067 
21.12 
21.036 
21.031 
21.022 
21.002 
20.972 
20.918 
20.826 
20.731 
20.74 
20.688 
20.666 
20.634 
20.613 
20.6 
20.577 
20.537 
20.498 
20.438 
20.338 
20.227 
20.283 
21.917 
20.114 
20.08 
20.057 
20.016 
19.968 
19.921 
19.872 
19.871 
19.848 
19.828 
19.827 
19.825 
19.821 
19.821 
19.821 
h 
19.289 
19.254 
19.177 
19.066 
19.028 
19.026 
19.019 
19.005 
18.971 
18.918 
18.858 
18.811 
18.79 
18.761 
18.719 
18.677 
18.608 
18.527 
18.501 
18.492 
18.473 
18.438 
18.373 
18.273 
18.301 
20.012 
18.148 
18.145 
18.138 
18.128 
18.127 
18.119 
18.117 
18.115 
18.112 
h 
17.573 
17.462 
17.289 
17.204 
17.2 
17.19 
17.172 
17.139 
17.08 
16.991 
16.873 
16.774 
16.662 
16.566 
16.541 
16.507 
16.485 
16.473 
16.454 
16.419 
16.366 
16.438 
16.422 
16.322 
16.32 
16.317 
16.31 
16.304 
16.293 
16.276 
16.263 
16.251 
16.248 
h 
