30.146 
29.791 
28.788 
26.868 
25.256 
25.202 
25.137 
25.022 
24.853 
24.85 
25.105 
24.728 
24.724 
24.719 
24.714 
24.712 
24.708 
24.701 
24.695 
24.79 
h 
23.095 
22.841 
22.609 
22.573 
22.5 
22.351 
22.099 
21.751 
21.419 
20.974 
20.761 
20.567 
20.439 
20.369 
20.27 
20.129 
19.963 
19.873 
19.814 
19.732 
19.672 
19.628 
19.556 
19.439 
19.354 
19.281 
19.202 
19.153 
19.122 
19.083 
19.03 
18.941 
18.854 
18.809 
18.796 
18.776 
18.739 
18.681 
18.668 
18.643 
18.615 
18.6 
18.577 
18.556 
18.531 
18.532 
18.515 
18.506 
18.495 
18.477 
18.449 
18.426 
18.414 
h 
18.304 
18.29 
18.262 
18.24 
18.144 
18.008 
17.839 
17.698 
17.641 
17.578 
17.573 
17.552 
17.532 
17.497 
17.44 
17.379 
17.422 
17.333 
17.327 
17.314 
17.289 
17.255 
17.199 
17.154 
17.083 
17.007 
17.273 
17.03 
16.955 
16.941 
16.926 
16.923 
16.919 
16.913 
16.915 
16.905 
h 
16.562 
16.538 
16.511 
16.502 
16.488 
16.462 
16.42 
16.342 
16.234 
16.196 
16.168 
16.114 
16.054 
16.024 
16.175 
15.994 
15.992 
15.993 
15.994 
15.991 
15.989 
15.986 
15.982 
15.975 
h 
15.486 
15.463 
15.429 
15.409 
15.387 
15.346 
15.263 
15.113 
14.88 
14.697 
14.656 
14.627 
14.576 
14.53 
14.456 
14.372 
14.545 
14.358 
14.343 
14.337 
14.334 
14.328 
14.32 
14.308 
14.294 
14.254 
h 
