24.707 
24.653 
24.509 
24.265 
24.108 
24.084 
24.042 
23.981 
23.933 
24.058 
23.909 
23.905 
23.899 
23.891 
23.884 
23.887 
h 
23.099 
23.025 
22.915 
22.859 
22.805 
22.698 
22.502 
22.201 
21.905 
21.521 
21.473 
23.528 
21.145 
21.112 
21.053 
20.946 
20.753 
20.473 
20.419 
20.453 
20.296 
20.288 
20.275 
20.254 
20.221 
20.165 
20.098 
20.065 
19.984 
19.95 
19.908 
19.878 
19.863 
19.839 
19.814 
19.804 
19.812 
h 
19.585 
19.572 
19.557 
19.525 
19.463 
19.362 
19.237 
19.165 
19.142 
19.118 
19.092 
19.06 
19.044 
19.081 
19.02 
19.019 
h 
18.23 
18.203 
18.18 
18.156 
18.113 
18.049 
17.947 
17.781 
17.515 
17.215 
16.978 
18.499 
16.819 
16.796 
16.752 
16.675 
16.562 
16.594 
16.507 
16.448 
16.424 
16.387 
16.35 
16.336 
16.314 
16.275 
16.207 
16.171 
16.069 
16.015 
16.01 
15.999 
15.989 
15.967 
15.933 
15.914 
15.897 
15.891 
h 
15.104 
14.996 
14.862 
14.825 
14.801 
14.761 
14.699 
14.6 
14.539 
14.461 
14.378 
14.341 
14.33 
14.314 
14.307 
14.292 
14.269 
14.225 
14.215 
14.19 
14.18 
14.162 
14.133 
14.127 
14.117 
14.097 
h 
13.948 
13.895 
13.81 
13.738 
13.723 
13.704 
13.687 
13.667 
13.658 
13.679 
13.627 
13.603 
h 
13.111 
13.082 
13.045 
13.016 
12.986 
12.93 
12.838 
12.769 
12.857 
12.682 
12.675 
12.65 
12.646 
12.643 
12.637 
12.629 
12.624 
12.623 
12.619 
12.618 
12.618 
12.618 
12.617 
h 
