26.705 
26.695 
26.668 
26.607 
26.49 
26.305 
26.096 
25.953 
25.849 
25.708 
25.637 
25.562 
25.434 
25.287 
25.145 
25.086 
24.999 
24.859 
24.727 
24.692 
24.658 
24.651 
24.635 
24.603 
24.539 
24.429 
24.28 
24.821 
24.26 
24.239 
24.236 
24.229 
24.217 
24.196 
24.166 
24.121 
24.13 
h 
24.326 
23.503 
23.253 
23.241 
23.226 
23.195 
23.131 
23.003 
22.758 
22.322 
21.68 
21.936 
28.245 
21.22 
21.125 
20.991 
20.976 
20.947 
20.896 
20.839 
20.823 
20.815 
20.807 
20.792 
h 
20.269 
20.244 
20.223 
20.182 
20.097 
19.931 
19.633 
19.249 
18.861 
18.645 
18.95 
18.36 
18.338 
18.295 
18.215 
18.073 
17.834 
18.033 
18.05 
17.475 
17.453 
17.417 
17.374 
17.355 
17.345 
17.334 
17.326 
17.31 
h 
16.568 
16.361 
16.16 
16.136 
16.208 
16.094 
16.068 
16.018 
15.929 
15.796 
15.711 
15.663 
15.58 
15.461 
15.367 
15.469 
15.347 
15.344 
15.341 
15.337 
15.329 
15.314 
h 
15.131 
15.05 
15.044 
15.04 
15.029 
15.008 
14.969 
14.904 
14.83 
14.757 
14.706 
14.679 
14.654 
14.614 
14.55 
14.489 
14.453 
14.44 
14.394 
14.389 
14.378 
14.372 
14.364 
14.347 
14.337 
14.336 
14.346 
h 
13.72 
13.708 
13.702 
13.691 
13.67 
13.643 
13.589 
13.507 
13.366 
13.169 
13.145 
13.683 
13.006 
12.994 
12.975 
12.957 
12.917 
12.862 
12.789 
12.806 
12.73 
12.722 
12.71 
12.695 
12.666 
12.62 
12.604 
12.608 
12.587 
12.582 
12.575 
12.567 
12.558 
12.548 
12.548 
12.541 
12.534 
h 
