27.513 27.322 26.771 25.636 24.227 24.154 24.148 24.144 h 23.212 23.095 22.905 22.798 22.767 22.708 22.599 22.423 h 21.037 20.624 20.577 20.548 20.49 20.384 20.218 20.049 h 19.683 19.635 19.615 19.587 19.533 19.437 19.275 19.1 h 
29.007 28.714 27.877 26.229 24.674 24.647 24.597 24.516 h 24.001 24.863 23.964 23.929 23.858 23.721 23.475 23.097 22.757 23.675 h 21.587 21.396 21.347 21.307 21.223 21.076 20.876 20.579 h 18.932 18.903 18.907 18.792 18.743 18.654 18.527 18.416 h 
25.165 25.115 24.98 24.74 24.561 24.555 24.546 24.537 h 23.422 23.382 23.309 23.247 23.182 23.069 22.899 22.577 h 21.871 21.419 23.611 21.105 20.957 20.759 20.52 20.439 20.42 20.399 20.385 h 20.147 20.129 20.125 20.122 20.117 20.106 20.085 20.049 h 
27.204 27.043 26.601 25.816 25.215 25.126 24.965 24.753 h 22.826 22.452 22.438 22.406 22.343 22.228 22.04 21.833 h 20.841 20.612 20.55 20.478 20.402 20.325 20.25 20.116 h 19.739 19.471 19.377 19.138 18.862 18.425 17.759 17.149 h 
28.616 28.361 27.654 26.363 25.404 25.318 25.171 24.996 h 24.681 24.544 24.614 24.435 24.348 24.188 23.948 23.705 h 23.312 23.262 23.248 23.152 23.044 22.848 22.561 22.324 h 21.786 21.551 21.449 21.303 21.047 20.592 19.968 19.624 h 
27.598 27.383 26.788 25.705 24.919 24.9 24.893 24.884 h 23.982 23.931 23.894 23.865 23.804 23.686 23.478 23.187 h 21.814 22.095 21.621 21.334 21.292 21.21 21.065 20.861 20.71 20.717 h 20.12 19.948 19.873 19.865 19.856 19.841 19.817 19.784 h 
24.638 24.637 24.633 24.626 24.616 24.609 24.595 24.571 h 24.079 23.908 23.883 23.84 23.795 23.778 23.815 23.723 h 23.182 23.063 22.854 22.687 22.638 22.545 22.404 22.264 h 21.981 21.869 21.794 21.678 21.593 21.674 21.485 21.453 h 
26.48 26.348 25.988 25.353 24.892 24.796 24.626 24.396 h 23.197 25.105 23.081 23.053 23.001 22.919 22.844 22.762 22.666 22.53 h 21.762 21.745 21.709 21.665 21.59 21.466 21.285 21.151 h 20.666 20.714 20.624 20.57 20.46 20.254 19.926 19.63 h 
24.993 24.976 24.931 24.854 24.799 24.789 24.775 24.758 h 23.434 23.186 22.974 22.944 22.881 22.766 22.559 22.436 h 22.311 21.862 21.776 21.701 21.556 21.305 20.972 21.267 h 21.526 20.604 20.482 20.474 20.459 20.433 20.388 20.313 h 
36.897 36.57 35.56 33.072 27.919 27.196 25.165 25.138 h 24.428 24.387 24.321 24.218 24.026 23.673 23.112 22.644 h 20.874 20.809 20.714 20.614 20.53 20.368 20.106 19.893 h 17.149 17.036 16.973 16.863 16.648 16.268 15.757 15.302 h 14.773 14.734 14.691 14.648 14.57 14.477 14.411 14.333 h 13.809 13.821 13.68 13.636 13.556 13.453 13.291 13.093 h 11.824 11.849 11.769 11.743 11.701 11.628 11.503 11.329 h 
31.506 31.251 30.479 28.688 25.472 25.014 24.318 24.286 h 23.472 23.416 23.371 23.278 23.099 22.788 22.368 22.18 h 20.75 20.713 20.669 20.624 20.562 20.457 20.332 20.288 h 20.222 20.22 20.218 20.213 20.202 20.18 20.147 20.113 h 
26.442 26.321 25.975 25.283 24.478 24.419 24.393 24.351 h 23.803 23.75 23.728 23.701 23.649 23.562 23.424 23.279 h 22.91 22.679 22.567 22.437 22.278 22.274 22.225 22.193 h 21.619 21.525 21.42 21.327 21.189 20.952 20.59 20.281 h 
35.781 35.43 34.352 31.771 26.927 26.342 25.118 25.053 h 24.517 24.317 24.206 23.943 23.592 22.989 22.149 21.648 h 20.544 20.702 20.392 20.344 20.254 20.081 19.778 19.363 h 17.852 17.803 17.781 17.731 17.629 17.436 17.112 16.728 h 
26.169 26.055 25.749 25.229 24.903 24.885 24.85 24.787 h 24.314 24.416 24.211 24.109 23.908 23.555 23.103 22.954 h 21.224 21.017 20.824 20.749 20.603 20.37 20.04 19.79 h 19.278 19.271 19.253 19.236 19.204 19.157 19.085 18.962 h 
25.716 25.649 25.467 25.16 24.981 24.976 24.97 24.967 h 23.914 23.855 23.753 23.654 23.617 23.57 23.487 23.322 h 22.363 22.318 22.06 21.897 21.655 21.242 20.683 20.318 h 19.749 20.017 19.725 19.692 19.624 19.498 19.294 19.086 19.02 18.987 h 
28.275 27.992 27.212 25.814 24.826 24.8 24.766 24.709 h 23.676 23.534 23.511 23.459 23.348 23.133 22.75 22.206 h 20.613 20.588 20.407 20.35 20.244 20.072 19.823 19.574 h 19.066 18.944 18.878 18.864 18.836 18.787 18.71 18.599 h 
29.673 29.322 28.322 26.36 24.587 24.58 24.575 24.568 h 24.513 24.493 24.452 24.358 24.167 23.808 23.279 22.97 h 20.416 20.193 20.166 20.107 19.991 19.784 19.49 19.256 h 19.225 19.165 19.15 19.142 19.126 19.094 19.046 19.0 h 18.335 18.24 18.148 18.113 18.055 17.945 17.757 17.537 h 16.91 16.74 16.577 16.428 16.224 15.884 15.551 15.256 h 
25.529 25.525 25.515 25.491 25.443 25.359 25.21 24.992 h 24.803 25.071 24.516 24.451 24.37 24.243 24.15 24.816 24.128 24.12 h 24.162 24.059 23.908 23.832 23.797 23.755 23.74 23.721 h 22.861 22.763 22.675 22.663 22.645 22.624 22.595 22.554 h 
28.676 28.452 27.81 26.532 25.158 25.112 25.084 25.033 h 24.504 24.571 24.411 24.299 24.076 23.68 23.141 22.942 h 21.459 21.158 21.053 20.837 20.446 19.834 19.372 19.954 h 18.868 18.845 18.835 18.828 18.825 18.832 18.824 18.816 h 
26.643 26.572 26.38 26.036 25.722 25.619 25.513 25.407 h 24.303 24.268 24.124 23.976 23.69 23.219 22.639 22.468 h 20.816 20.696 20.634 20.585 20.505 20.364 20.159 19.961 h 20.017 19.942 19.917 19.902 19.874 19.82 19.721 19.569 h 
