32.388 
31.943 
30.645 
27.95 
24.95 
24.91 
24.908 
24.905 
h 
23.701 
23.637 
23.523 
23.397 
23.176 
22.751 
22.023 
21.074 
h 
18.822 
18.286 
18.137 
17.89 
17.604 
17.156 
16.462 
15.853 
h 
18.989 
14.678 
14.611 
14.505 
14.338 
14.168 
14.034 
13.786 
h 
12.583 
12.63 
12.403 
12.314 
12.227 
12.06 
11.767 
11.313 
h 
10.196 
10.094 
10.27 
10.092 
10.072 
10.033 
9.96 
9.823 
h 
9.525 
9.461 
9.383 
9.287 
9.219 
9.169 
9.117 
8.896 
h 
8.34 
8.214 
8.168 
8.112 
8.056 
8.066 
7.958 
7.852 
h 
