24.912 24.912 24.911 24.909 24.907 24.906 24.904 24.901 h 23.141 22.953 22.763 22.709 22.594 22.373 21.985 21.398 h 19.519 19.748 19.382 19.069 18.769 18.225 17.41 16.581 16.44 16.339 h 16.114 15.916 15.698 15.678 15.662 15.65 15.637 15.614 h 15.543 15.481 15.392 15.294 15.196 15.021 14.745 14.462 h 13.355 13.288 13.169 12.994 12.756 12.415 11.951 11.459 h 11.161 11.118 11.094 11.08 11.057 11.014 10.968 10.91 h 10.301 10.22 10.165 10.134 10.085 10.0 9.918 9.784 h 9.203 9.144 9.068 8.974 8.899 8.79 8.62 8.346 h 
28.656 28.368 27.563 26.06 24.933 24.907 24.906 24.903 h 22.979 22.881 22.769 22.656 22.467 22.162 21.617 20.797 h 19.367 18.485 20.669 20.687 17.541 17.493 17.411 17.256 17.008 16.717 16.507 h 15.36 15.238 15.164 15.084 15.009 14.982 14.944 14.882 h 14.624 14.535 14.437 14.417 14.393 14.367 14.41 14.35 h 14.25 14.21 14.139 14.046 14.002 13.996 13.989 13.985 h 
29.111 28.834 28.043 26.477 24.927 24.922 24.919 24.916 h 24.459 24.436 24.38 24.261 24.026 23.614 23.073 22.822 h 21.381 21.126 21.002 20.742 20.251 19.454 18.548 18.371 h 18.696 18.119 18.093 18.083 18.079 18.072 18.061 18.043 h 16.764 16.65 16.617 16.556 16.46 16.292 16.079 16.099 h 15.644 15.472 15.455 15.438 15.403 15.353 15.308 15.244 h 
28.475 28.239 27.573 26.294 25.158 25.101 25.005 24.888 h 23.7 23.609 23.566 23.468 23.264 22.874 22.21 21.327 h 19.163 20.049 18.946 18.877 18.811 18.715 18.555 18.338 18.173 18.105 h 17.388 17.322 17.311 17.306 17.295 17.273 17.232 17.17 h 16.131 16.084 16.063 15.947 15.794 15.496 14.972 14.203 h 13.029 12.493 11.971 11.659 11.378 10.893 10.252 9.808 h 10.21 9.551 9.481 9.474 9.466 9.463 9.436 9.396 h 9.212 9.111 9.036 9.034 9.027 9.02 9.013 9.013 h 8.86 8.852 8.832 8.792 8.74 8.72 8.635 8.542 h 
26.925 26.78 26.386 25.684 25.165 25.147 25.114 25.054 h 23.779 23.932 23.645 23.483 23.159 22.59 21.831 21.471 h 20.737 20.12 19.265 20.574 19.598 17.885 17.72 17.467 h 16.161 16.089 16.039 15.974 15.913 15.863 15.824 15.797 h 15.514 15.501 15.482 15.449 15.379 15.237 14.968 14.469 h 12.301 11.934 14.621 11.537 11.39 11.114 10.663 9.998 9.406 9.319 9.276 h 8.967 8.898 8.848 8.842 8.839 8.834 8.825 8.813 h 8.496 8.404 8.343 8.319 8.292 8.265 8.307 8.248 h 7.886 7.86 7.816 7.768 7.731 7.699 7.66 7.596 h 
26.466 26.309 25.884 25.15 24.705 24.692 24.678 24.668 h 23.629 23.6 23.556 23.457 23.252 22.857 22.166 21.189 h 18.973 21.883 18.817 18.637 18.423 18.076 17.563 17.022 16.801 16.595 h 15.431 15.34 15.221 15.122 14.972 14.746 14.509 14.189 h 14.048 13.789 13.715 13.687 13.656 13.623 13.59 13.534 h 12.833 12.715 12.547 12.409 12.445 12.118 11.853 11.439 h 10.1 9.967 9.828 9.741 9.611 9.438 9.274 9.068 h 8.87 8.677 8.619 8.609 8.604 8.601 8.596 8.588 h 7.864 7.845 7.823 7.803 7.778 7.73 7.65 7.533 h 7.06 6.97 6.905 6.89 6.868 6.816 6.764 6.681 h 
27.162 27.017 26.619 25.907 25.375 25.317 25.208 25.031 h 23.503 25.726 23.403 23.295 23.088 22.697 22.05 21.277 21.126 20.784 h 20.051 19.898 19.698 19.322 18.908 18.34 17.504 17.024 h 16.4 16.329 16.212 16.18 16.136 16.107 16.137 16.055 h 15.827 15.817 15.802 15.788 15.759 15.676 15.565 15.413 h 14.98 14.875 14.783 14.749 14.682 14.556 14.325 13.93 h 
25.868 25.859 25.834 25.786 25.714 25.662 25.651 25.625 h 22.946 22.862 22.787 22.698 22.52 22.207 21.783 21.596 h 20.529 20.461 20.381 20.267 20.057 19.673 19.006 18.031 h 16.783 16.8 16.12 15.897 15.452 14.66 13.474 12.496 h 11.845 11.724 11.724 11.714 11.692 11.651 11.579 11.444 h 11.163 11.02 10.977 10.917 10.846 10.776 10.653 10.452 h 9.786 9.602 10.302 9.446 9.336 9.276 9.19 9.039 8.817 8.569 8.505 h 8.321 8.271 8.263 8.243 8.222 8.156 8.036 7.816 h 7.374 7.179 7.093 7.012 6.864 6.738 6.584 6.425 h 5.871 5.927 5.761 5.74 5.715 5.684 5.65 5.62 h 5.532 5.522 5.512 5.503 5.486 5.495 5.447 5.419 h 5.139 5.018 5.0 4.987 4.973 4.947 4.892 4.865 h 
32.533 32.181 31.133 28.81 25.406 25.066 24.997 24.986 h 23.869 23.787 23.698 23.559 23.281 22.79 22.112 21.742 h 21.082 20.672 20.32 19.944 19.523 18.727 17.601 16.772 h 16.313 16.303 16.294 16.285 16.278 16.254 16.217 16.167 h 15.322 15.206 15.095 15.041 14.968 14.854 14.668 14.44 h 13.77 13.439 13.266 12.975 12.749 12.385 11.865 11.267 h 10.227 10.22 10.173 10.147 10.103 10.044 9.932 9.731 h 9.409 9.124 9.07 8.992 8.972 8.946 8.905 8.821 h 8.296 8.279 8.218 8.194 8.17 8.136 8.086 8.055 h 
33.275 32.864 31.639 28.936 25.143 24.859 24.817 24.809 h 23.811 23.73 23.668 23.621 23.525 23.35 23.014 22.418 h 20.561 21.672 20.113 20.036 19.948 19.813 19.607 19.368 19.317 19.325 h 19.171 19.1 19.017 19.014 18.974 18.961 18.941 18.909 h 
33.659 33.289 32.179 29.666 25.698 25.076 24.915 24.833 h 24.118 24.019 23.917 23.782 23.606 23.337 23.051 22.906 h 22.53 22.509 22.418 22.321 22.126 21.771 21.193 20.569 h 19.308 21.623 18.934 18.831 18.703 18.541 18.256 17.812 17.419 17.237 h 15.932 15.895 15.825 15.744 15.477 15.107 14.427 13.435 h 12.443 12.336 12.287 12.259 12.213 12.139 12.038 11.889 h 11.795 11.763 11.678 11.573 11.449 11.23 11.025 10.723 h 10.358 10.302 10.254 10.239 10.207 10.143 10.034 9.838 h 
26.802 26.694 26.399 25.878 25.48 25.462 25.425 25.355 h 24.758 24.689 24.563 24.317 23.9 23.177 22.251 21.876 h 20.339 19.945 19.779 19.425 18.762 17.873 16.801 16.019 h 15.603 15.6 15.595 15.591 15.575 15.542 15.48 15.372 h 15.004 14.981 14.94 14.918 14.873 14.786 14.627 14.364 h 13.244 12.979 12.83 12.699 12.509 12.387 12.34 12.128 h 11.843 11.675 11.623 11.614 11.599 11.576 11.525 11.555 h 11.046 11.027 11.005 10.975 10.882 10.994 10.79 10.666 h 10.231 10.202 10.146 10.098 9.998 9.913 9.749 9.461 h 
25.898 25.842 25.691 25.434 25.269 25.256 25.231 25.183 h 23.071 22.609 22.569 22.495 22.342 22.051 21.577 21.061 h 18.188 18.012 17.826 17.619 17.243 16.642 16.055 15.543 h 14.159 13.909 13.655 13.196 12.319 10.85 10.205 8.151 h 7.452 7.443 7.435 7.432 7.426 7.414 7.396 7.368 h 7.312 7.306 7.296 7.279 7.245 7.185 7.108 7.011 h 6.675 6.645 6.63 6.602 6.568 6.521 6.424 6.26 h 
27.398 27.3 27.031 26.547 26.076 25.995 25.928 25.884 h 24.785 24.618 24.322 23.939 23.35 22.611 21.865 21.677 h 20.537 20.368 20.445 20.052 19.836 19.456 18.923 18.592 h 17.328 17.433 17.201 17.141 17.063 16.945 16.777 16.583 h 15.128 15.091 15.042 14.965 14.839 14.628 14.313 14.235 h 
29.502 29.213 28.396 26.814 25.371 25.328 25.249 25.116 h 23.524 24.425 23.412 23.305 23.087 22.668 21.93 20.87 21.172 20.397 h 19.8 19.708 19.556 19.38 19.048 18.506 17.868 18.133 h 17.463 17.437 17.403 17.353 17.38 17.337 17.321 17.32 h 16.903 16.891 16.875 16.867 16.858 16.842 16.813 16.762 h 
28.229 27.983 27.303 26.07 25.175 25.146 25.111 25.077 h 23.302 23.092 22.982 22.88 22.67 22.267 21.57 20.634 h 17.973 18.14 17.802 17.697 17.498 17.164 16.625 15.97 h 14.907 14.866 14.808 14.785 14.738 14.646 14.491 14.282 h 13.24 13.104 12.975 12.865 12.663 12.312 11.724 10.986 h 10.369 10.229 10.138 10.106 10.051 9.947 9.793 9.555 h 8.586 8.561 8.486 8.44 8.388 8.289 8.105 7.866 h 7.383 7.224 7.214 7.21 7.201 7.188 7.162 7.113 h 6.998 6.878 6.748 6.713 6.688 6.647 6.607 6.564 h 5.718 5.678 5.654 5.619 5.598 5.563 5.509 5.405 h 4.912 4.841 4.788 4.764 4.835 4.703 4.672 4.611 h 4.363 4.238 4.224 4.167 4.138 4.112 4.102 4.075 h 3.865 3.83 3.792 3.789 3.789 3.786 3.78 3.781 h 
27.007 26.867 26.482 25.793 25.302 25.267 25.211 25.149 h 22.209 22.033 21.953 21.808 21.524 21.021 20.295 19.541 h 15.807 15.433 15.278 15.007 14.557 13.889 12.893 12.065 h 11.739 11.584 11.548 11.483 11.36 11.156 10.792 10.249 h 9.433 9.412 9.303 9.227 9.075 8.783 8.262 7.497 h 6.157 5.681 5.501 5.379 5.206 4.922 4.602 4.489 h 4.161 4.014 4.011 4.005 3.996 3.984 3.963 3.923 h 3.445 3.445 3.428 3.423 3.413 3.402 3.384 3.352 h 3.154 3.124 3.082 3.063 3.032 2.98 2.896 2.975 h 
26.481 26.36 26.035 25.48 25.131 25.116 25.091 25.051 h 24.599 24.59 24.472 24.3 23.96 23.345 22.439 21.768 h 21.11 21.504 20.679 20.425 19.953 19.141 18.046 17.476 17.441 17.077 h 16.087 15.778 15.772 15.759 15.732 15.675 15.568 15.388 h 15.076 14.85 15.133 14.742 14.646 14.465 14.162 13.773 h 13.116 13.078 13.04 13.026 13.004 12.976 12.933 12.869 h 
25.505 25.476 25.4 25.271 25.179 25.169 25.152 25.128 h 23.217 23.02 22.876 22.808 22.694 22.509 22.226 21.726 h 20.562 20.664 21.05 19.733 19.504 19.104 18.559 18.174 18.102 18.086 18.082 h 17.416 17.403 17.384 17.354 17.3 17.203 17.059 16.869 h 16.13 16.057 15.906 15.636 15.263 15.353 14.427 13.763 h 13.315 13.301 13.277 13.233 13.162 13.068 13.023 12.817 h 12.496 12.458 12.389 12.276 12.134 11.977 11.893 11.72 h 11.111 10.988 10.87 11.017 10.753 10.669 10.514 10.263 h 
25.297 25.289 25.265 25.221 25.175 25.165 25.148 25.117 h 22.935 22.708 22.648 22.578 22.436 22.175 21.705 20.996 h 18.907 23.257 25.253 20.5 23.077 18.683 18.203 17.594 17.264 17.228 17.184 h 15.664 15.611 15.526 15.488 15.412 15.265 14.995 14.511 h 12.384 12.474 14.024 11.948 11.826 11.615 11.266 10.745 10.324 10.249 10.167 h 10.152 10.101 10.066 10.043 10.01 9.958 9.89 9.762 h 10.187 9.749 9.535 9.505 9.464 9.419 9.365 9.302 h 8.957 9.061 8.863 8.863 8.866 8.852 8.826 8.783 8.708 8.604 h 
