33.659 
33.289 
32.179 
29.666 
25.698 
25.076 
24.915 
24.833 
h 
24.118 
24.019 
23.917 
23.782 
23.606 
23.337 
23.051 
22.906 
h 
22.53 
22.509 
22.418 
22.321 
22.126 
21.771 
21.193 
20.569 
h 
19.308 
21.623 
18.934 
18.831 
18.703 
18.541 
18.256 
17.812 
17.419 
17.237 
h 
15.932 
15.895 
15.825 
15.744 
15.477 
15.107 
14.427 
13.435 
h 
12.443 
12.336 
12.287 
12.259 
12.213 
12.139 
12.038 
11.889 
h 
11.795 
11.763 
11.678 
11.573 
11.449 
11.23 
11.025 
10.723 
h 
10.358 
10.302 
10.254 
10.239 
10.207 
10.143 
10.034 
9.838 
h 
