28.487 
28.235 
27.524 
26.157 
24.922 
24.916 
24.907 
24.896 
h 
24.312 
24.273 
24.207 
24.063 
23.772 
23.239 
22.435 
21.799 
h 
19.219 
19.232 
18.838 
18.605 
18.23 
17.541 
16.44 
15.34 
h 
13.652 
13.432 
13.313 
13.264 
13.173 
12.998 
12.685 
12.216 
h 
10.845 
10.682 
10.506 
10.368 
10.28 
10.04 
9.704 
9.165 
h 
7.927 
7.854 
7.745 
7.615 
7.443 
7.249 
7.265 
7.645 
h 
6.796 
6.629 
6.541 
6.494 
6.475 
6.453 
6.417 
6.386 
h 
6.193 
6.145 
6.062 
5.958 
6.046 
5.805 
5.682 
5.484 
h 
4.634 
4.59 
4.516 
4.421 
4.38 
4.339 
4.274 
4.159 
h 
3.827 
3.819 
3.776 
3.784 
3.774 
3.769 
3.769 
3.747 
h 
3.534 
3.494 
3.484 
3.442 
3.425 
3.403 
3.358 
3.326 
h 
2.985 
2.911 
2.869 
2.841 
2.808 
2.728 
2.687 
2.654 
h 
2.318 
2.14 
1.943 
1.814 
1.806 
1.8 
1.8 
1.79 
h 
1.736 
1.723 
1.71 
1.685 
1.678 
1.649 
1.615 
1.587 
h 
1.538 
1.465 
1.372 
1.275 
1.203 
1.15 
1.133 
1.113 
h 
1.024 
0.996 
0.953 
0.937 
0.931 
0.927 
0.916 
0.909 
h 
0.828 
0.815 
0.804 
0.801 
0.796 
0.788 
0.78 
0.768 
h 
0.685 
0.693 
0.676 
0.668 
0.661 
0.658 
0.654 
0.648 
0.638 
0.626 
h 
0.586 
0.577 
0.575 
0.574 
0.571 
0.565 
0.557 
0.549 
h 
0.366 
