32.533 
32.181 
31.133 
28.81 
25.406 
25.066 
24.997 
24.986 
h 
23.869 
23.787 
23.698 
23.559 
23.281 
22.79 
22.112 
21.742 
h 
21.082 
20.672 
20.32 
19.944 
19.523 
18.727 
17.601 
16.772 
h 
16.313 
16.303 
16.294 
16.285 
16.278 
16.254 
16.217 
16.167 
h 
15.322 
15.206 
15.095 
15.041 
14.968 
14.854 
14.668 
14.44 
h 
13.77 
13.439 
13.266 
12.975 
12.749 
12.385 
11.865 
11.267 
h 
10.227 
10.22 
10.173 
10.147 
10.103 
10.044 
9.932 
9.731 
h 
9.409 
9.124 
9.07 
8.992 
8.972 
8.946 
8.905 
8.821 
h 
8.296 
8.279 
8.218 
8.194 
8.17 
8.136 
8.086 
8.055 
h 
