25.297 
25.289 
25.265 
25.221 
25.175 
25.165 
25.148 
25.117 
h 
22.935 
22.708 
22.648 
22.578 
22.436 
22.175 
21.705 
20.996 
h 
18.907 
23.257 
25.253 
20.5 
23.077 
18.683 
18.203 
17.594 
17.264 
17.228 
17.184 
h 
15.664 
15.611 
15.526 
15.488 
15.412 
15.265 
14.995 
14.511 
h 
12.384 
12.474 
14.024 
11.948 
11.826 
11.615 
11.266 
10.745 
10.324 
10.249 
10.167 
h 
10.152 
10.101 
10.066 
10.043 
10.01 
9.958 
9.89 
9.762 
h 
10.187 
9.749 
9.535 
9.505 
9.464 
9.419 
9.365 
9.302 
h 
8.957 
9.061 
8.863 
8.863 
8.866 
8.852 
8.826 
8.783 
8.708 
8.604 
h 
