25.633 
25.567 
25.388 
25.074 
24.859 
24.849 
24.834 
24.813 
h 
24.252 
24.204 
24.134 
24.006 
23.739 
23.215 
22.264 
20.836 
h 
17.67 
21.285 
17.398 
17.222 
16.901 
16.308 
15.34 
14.176 
13.608 
13.506 
h 
12.68 
12.649 
12.614 
12.586 
12.571 
12.559 
12.495 
12.407 
h 
11.745 
11.638 
11.457 
11.145 
10.735 
11.489 
10.282 
9.963 
h 
9.477 
9.444 
9.422 
9.418 
9.411 
9.413 
9.396 
9.377 
h 
8.988 
8.943 
8.889 
8.806 
8.732 
8.695 
8.673 
8.639 
h 
8.406 
8.351 
8.258 
8.196 
8.173 
8.152 
8.119 
8.059 
h 
