27.007 
26.867 
26.482 
25.793 
25.302 
25.267 
25.211 
25.149 
h 
22.209 
22.033 
21.953 
21.808 
21.524 
21.021 
20.295 
19.541 
h 
15.807 
15.433 
15.278 
15.007 
14.557 
13.889 
12.893 
12.065 
h 
11.739 
11.584 
11.548 
11.483 
11.36 
11.156 
10.792 
10.249 
h 
9.433 
9.412 
9.303 
9.227 
9.075 
8.783 
8.262 
7.497 
h 
6.157 
5.681 
5.501 
5.379 
5.206 
4.922 
4.602 
4.489 
h 
4.161 
4.014 
4.011 
4.005 
3.996 
3.984 
3.963 
3.923 
h 
3.445 
3.445 
3.428 
3.423 
3.413 
3.402 
3.384 
3.352 
h 
3.154 
3.124 
3.082 
3.063 
3.032 
2.98 
2.896 
2.975 
h 
