25.44 
25.435 
25.42 
25.39 
25.339 
25.274 
25.24 
25.2 
h 
22.285 
22.159 
22.016 
21.874 
21.582 
21.035 
20.1 
18.887 
h 
16.028 
15.611 
15.211 
14.637 
14.791 
13.728 
13.002 
12.461 
h 
11.531 
11.426 
11.367 
11.305 
11.193 
11.033 
10.807 
10.53 
h 
9.465 
9.291 
9.255 
9.005 
8.822 
8.532 
8.078 
7.503 
h 
6.541 
6.382 
6.352 
6.325 
6.277 
6.211 
6.166 
6.097 
h 
5.825 
5.66 
5.607 
5.6 
5.584 
5.538 
5.45 
5.3 
h 
5.061 
5.058 
5.0 
4.996 
4.99 
4.981 
4.974 
4.969 
h 
4.572 
4.551 
4.526 
4.495 
4.461 
4.432 
4.384 
4.325 
h 
