28.229 
27.983 
27.303 
26.07 
25.175 
25.146 
25.111 
25.077 
h 
23.302 
23.092 
22.982 
22.88 
22.67 
22.267 
21.57 
20.634 
h 
17.973 
18.14 
17.802 
17.697 
17.498 
17.164 
16.625 
15.97 
h 
14.907 
14.866 
14.808 
14.785 
14.738 
14.646 
14.491 
14.282 
h 
13.24 
13.104 
12.975 
12.865 
12.663 
12.312 
11.724 
10.986 
h 
10.369 
10.229 
10.138 
10.106 
10.051 
9.947 
9.793 
9.555 
h 
8.586 
8.561 
8.486 
8.44 
8.388 
8.289 
8.105 
7.866 
h 
7.383 
7.224 
7.214 
7.21 
7.201 
7.188 
7.162 
7.113 
h 
6.998 
6.878 
6.748 
6.713 
6.688 
6.647 
6.607 
6.564 
h 
5.718 
5.678 
5.654 
5.619 
5.598 
5.563 
5.509 
5.405 
h 
4.912 
4.841 
4.788 
4.764 
4.835 
4.703 
4.672 
4.611 
h 
4.363 
4.238 
4.224 
4.167 
4.138 
4.112 
4.102 
4.075 
h 
3.865 
3.83 
3.792 
3.789 
3.789 
3.786 
3.78 
3.781 
h 
