28.475 
28.239 
27.573 
26.294 
25.158 
25.101 
25.005 
24.888 
h 
23.7 
23.609 
23.566 
23.468 
23.264 
22.874 
22.21 
21.327 
h 
19.163 
20.049 
18.946 
18.877 
18.811 
18.715 
18.555 
18.338 
18.173 
18.105 
h 
17.388 
17.322 
17.311 
17.306 
17.295 
17.273 
17.232 
17.17 
h 
16.131 
16.084 
16.063 
15.947 
15.794 
15.496 
14.972 
14.203 
h 
13.029 
12.493 
11.971 
11.659 
11.378 
10.893 
10.252 
9.808 
h 
10.21 
9.551 
9.481 
9.474 
9.466 
9.463 
9.436 
9.396 
h 
9.212 
9.111 
9.036 
9.034 
9.027 
9.02 
9.013 
9.013 
h 
8.86 
8.852 
8.832 
8.792 
8.74 
8.72 
8.635 
8.542 
h 
