26.802 
26.694 
26.399 
25.878 
25.48 
25.462 
25.425 
25.355 
h 
24.758 
24.689 
24.563 
24.317 
23.9 
23.177 
22.251 
21.876 
h 
20.339 
19.945 
19.779 
19.425 
18.762 
17.873 
16.801 
16.019 
h 
15.603 
15.6 
15.595 
15.591 
15.575 
15.542 
15.48 
15.372 
h 
15.004 
14.981 
14.94 
14.918 
14.873 
14.786 
14.627 
14.364 
h 
13.244 
12.979 
12.83 
12.699 
12.509 
12.387 
12.34 
12.128 
h 
11.843 
11.675 
11.623 
11.614 
11.599 
11.576 
11.525 
11.555 
h 
11.046 
11.027 
11.005 
10.975 
10.882 
10.994 
10.79 
10.666 
h 
10.231 
10.202 
10.146 
10.098 
9.998 
9.913 
9.749 
9.461 
h 
