25.868 
25.859 
25.834 
25.786 
25.714 
25.662 
25.651 
25.625 
h 
22.946 
22.862 
22.787 
22.698 
22.52 
22.207 
21.783 
21.596 
h 
20.529 
20.461 
20.381 
20.267 
20.057 
19.673 
19.006 
18.031 
h 
16.783 
16.8 
16.12 
15.897 
15.452 
14.66 
13.474 
12.496 
h 
11.845 
11.724 
11.724 
11.714 
11.692 
11.651 
11.579 
11.444 
h 
11.163 
11.02 
10.977 
10.917 
10.846 
10.776 
10.653 
10.452 
h 
9.786 
9.602 
10.302 
9.446 
9.336 
9.276 
9.19 
9.039 
8.817 
8.569 
8.505 
h 
8.321 
8.271 
8.263 
8.243 
8.222 
8.156 
8.036 
7.816 
h 
7.374 
7.179 
7.093 
7.012 
6.864 
6.738 
6.584 
6.425 
h 
5.871 
5.927 
5.761 
5.74 
5.715 
5.684 
5.65 
5.62 
h 
5.532 
5.522 
5.512 
5.503 
5.486 
5.495 
5.447 
5.419 
h 
5.139 
5.018 
5.0 
4.987 
4.973 
4.947 
4.892 
4.865 
h 
