25.932 
25.84 
25.59 
25.158 
24.896 
24.891 
24.89 
24.89 
h 
24.816 
24.785 
24.694 
24.49 
24.078 
23.346 
22.359 
21.854 
h 
20.061 
19.793 
19.426 
18.87 
18.248 
17.237 
16.923 
18.914 
h 
14.828 
14.627 
14.386 
14.037 
13.747 
14.257 
13.178 
12.745 
h 
11.88 
11.583 
11.203 
11.03 
11.637 
10.764 
10.609 
10.361 
h 
10.0 
9.789 
9.768 
9.748 
9.726 
9.702 
9.664 
9.642 
h 
9.248 
8.869 
8.79 
8.766 
8.722 
8.646 
8.561 
8.516 
h 
8.186 
8.078 
7.893 
7.607 
7.33 
7.186 
7.098 
6.983 
h 
6.872 
6.832 
6.702 
6.602 
6.469 
6.25 
6.142 
6.274 
h 
5.878 
5.877 
5.873 
5.865 
5.849 
5.824 
5.807 
5.703 
h 
5.655 
5.602 
5.563 
5.659 
5.474 
5.397 
5.286 
5.13 
h 
