25.505 
25.476 
25.4 
25.271 
25.179 
25.169 
25.152 
25.128 
h 
23.217 
23.02 
22.876 
22.808 
22.694 
22.509 
22.226 
21.726 
h 
20.562 
20.664 
21.05 
19.733 
19.504 
19.104 
18.559 
18.174 
18.102 
18.086 
18.082 
h 
17.416 
17.403 
17.384 
17.354 
17.3 
17.203 
17.059 
16.869 
h 
16.13 
16.057 
15.906 
15.636 
15.263 
15.353 
14.427 
13.763 
h 
13.315 
13.301 
13.277 
13.233 
13.162 
13.068 
13.023 
12.817 
h 
12.496 
12.458 
12.389 
12.276 
12.134 
11.977 
11.893 
11.72 
h 
11.111 
10.988 
10.87 
11.017 
10.753 
10.669 
10.514 
10.263 
h 
