24.912 
24.912 
24.911 
24.909 
24.907 
24.906 
24.904 
24.901 
h 
23.141 
22.953 
22.763 
22.709 
22.594 
22.373 
21.985 
21.398 
h 
19.519 
19.748 
19.382 
19.069 
18.769 
18.225 
17.41 
16.581 
16.44 
16.339 
h 
16.114 
15.916 
15.698 
15.678 
15.662 
15.65 
15.637 
15.614 
h 
15.543 
15.481 
15.392 
15.294 
15.196 
15.021 
14.745 
14.462 
h 
13.355 
13.288 
13.169 
12.994 
12.756 
12.415 
11.951 
11.459 
h 
11.161 
11.118 
11.094 
11.08 
11.057 
11.014 
10.968 
10.91 
h 
10.301 
10.22 
10.165 
10.134 
10.085 
10.0 
9.918 
9.784 
h 
9.203 
9.144 
9.068 
8.974 
8.899 
8.79 
8.62 
8.346 
h 
