26.889 
26.762 
26.416 
25.806 
25.368 
25.345 
25.3 
25.217 
h 
22.975 
22.855 
22.699 
22.56 
22.278 
21.752 
20.916 
20.059 
h 
17.733 
17.416 
17.053 
16.617 
17.709 
15.576 
14.577 
13.844 
h 
12.918 
12.846 
12.724 
12.585 
12.415 
12.33 
11.984 
11.621 
h 
10.838 
10.736 
10.667 
10.603 
10.454 
10.196 
9.694 
8.811 
h 
6.786 
6.447 
6.889 
5.796 
5.649 
5.417 
5.03 
4.539 
4.224 
4.117 
4.123 
h 
3.636 
3.592 
3.546 
3.5 
3.483 
3.459 
3.412 
3.32 
h 
2.957 
2.93 
2.894 
2.873 
2.86 
2.838 
2.797 
2.76 
h 
2.409 
2.58 
2.392 
2.383 
2.364 
2.329 
2.269 
2.238 
2.079 
1.896 
h 
1.571 
1.576 
1.519 
1.528 
1.526 
1.519 
1.502 
1.48 
h 
1.261 
1.249 
1.218 
1.042 
0.945 
0.814 
0.756 
0.849 
h 
0.76 
0.712 
0.709 
0.706 
0.699 
0.688 
0.68 
0.675 
h 
0.67 
0.668 
0.667 
0.666 
0.663 
0.66 
0.654 
0.645 
h 
0.605 
0.693 
0.6 
0.599 
0.596 
0.592 
0.583 
0.566 
0.533 
0.51 
h 
0.611 
0.233 
