27.087 
26.979 
26.682 
26.143 
25.668 
25.639 
25.58 
25.478 
h 
22.249 
22.156 
21.998 
21.849 
21.551 
21.027 
20.321 
19.911 
h 
16.657 
15.943 
15.795 
15.537 
15.202 
14.61 
13.773 
13.061 
h 
12.024 
11.924 
11.851 
11.927 
11.751 
11.637 
11.445 
11.134 
h 
9.165 
8.976 
8.781 
8.621 
8.366 
7.949 
7.212 
6.083 
h 
4.11 
3.982 
3.935 
3.909 
3.896 
3.875 
3.841 
3.783 
h 
3.349 
3.277 
3.268 
3.25 
3.21 
3.139 
3.04 
2.92 
h 
2.683 
2.59 
2.55 
2.504 
2.425 
2.336 
2.288 
2.263 
h 
1.947 
1.941 
1.929 
1.91 
1.893 
1.885 
1.819 
1.742 
h 
1.312 
1.137 
0.957 
0.903 
0.844 
0.821 
0.848 
0.788 
h 
0.66 
0.652 
0.64 
0.619 
0.593 
0.585 
0.662 
0.549 
h 
0.4 
0.393 
0.381 
0.365 
0.356 
0.361 
0.378 
0.352 
h 
0.352 
0.351 
0.35 
0.348 
0.345 
0.341 
0.332 
0.32 
h 
0.217 
