26.568 
26.445 
26.114 
25.555 
25.235 
25.219 
25.194 
25.17 
h 
23.261 
22.938 
22.87 
22.73 
22.442 
21.91 
21.093 
20.402 
h 
18.652 
18.423 
18.117 
17.685 
17.049 
16.379 
15.629 
15.307 
h 
12.626 
12.385 
12.28 
12.047 
11.589 
10.804 
9.633 
8.156 
h 
6.856 
6.811 
6.778 
6.766 
6.754 
6.747 
6.727 
6.706 
h 
6.459 
6.46 
6.458 
6.449 
6.438 
6.423 
6.381 
6.318 
h 
6.245 
6.154 
6.013 
5.91 
5.706 
5.527 
5.654 
5.247 
h 
4.664 
4.546 
4.407 
4.376 
4.322 
4.256 
4.141 
3.993 
h 
3.355 
3.282 
3.202 
3.142 
3.095 
3.011 
2.863 
2.719 
h 
2.159 
1.966 
1.924 
1.875 
1.791 
1.667 
1.624 
1.528 
h 
1.216 
1.036 
0.808 
0.652 
0.568 
