32.72 
32.363 
31.302 
28.977 
25.64 
25.293 
25.223 
25.208 
h 
24.328 
24.275 
24.156 
23.914 
23.456 
22.662 
21.561 
20.911 
h 
17.395 
17.287 
17.331 
16.458 
16.057 
15.356 
14.345 
13.724 
h 
13.266 
13.157 
12.972 
12.744 
12.617 
12.466 
12.188 
11.979 
h 
11.675 
11.663 
11.64 
11.61 
11.558 
11.453 
11.258 
10.913 
h 
9.816 
9.527 
9.152 
8.968 
9.19 
8.55 
8.083 
7.364 
h 
5.899 
5.72 
5.605 
5.471 
5.324 
5.162 
4.991 
4.795 
h 
4.448 
4.352 
4.326 
4.309 
4.281 
4.26 
4.25 
4.24 
h 
3.771 
3.763 
3.757 
3.745 
3.725 
3.691 
3.634 
3.516 
h 
3.088 
2.846 
2.707 
2.657 
2.589 
2.498 
2.448 
2.375 
h 
2.168 
2.162 
2.113 
2.098 
2.077 
2.05 
2.017 
1.977 
h 
1.903 
1.993 
1.895 
1.898 
1.901 
1.901 
1.9 
1.898 
1.893 
1.873 
h 
1.783 
1.789 
1.762 
1.758 
1.758 
1.759 
1.805 
1.759 
1.757 
1.755 
1.753 
1.749 
1.745 
1.744 
1.741 
h 
1.573 
1.544 
1.543 
1.54 
1.534 
1.523 
1.503 
1.466 
h 
1.125 
1.046 
0.95 
0.857 
0.806 
0.9 
0.798 
0.768 
h 
0.682 
0.665 
0.645 
0.639 
0.638 
0.637 
0.635 
0.631 
h 
0.589 
0.581 
0.574 
0.566 
0.562 
0.559 
0.558 
0.554 
h 
0.349 
0.343 
0.332 
0.309 
