31.199 
30.849 
29.828 
27.689 
25.109 
25.032 
25.026 
25.025 
h 
22.968 
22.91 
22.791 
22.618 
22.421 
22.043 
21.386 
20.476 
h 
16.341 
15.696 
16.324 
15.311 
15.011 
14.485 
13.724 
13.161 
h 
12.527 
12.392 
12.308 
12.361 
12.222 
12.182 
12.173 
12.163 
h 
11.304 
11.27 
11.233 
11.168 
11.099 
11.004 
10.849 
10.577 
h 
9.372 
9.038 
8.918 
8.698 
8.507 
8.149 
7.477 
6.373 
h 
4.59 
4.035 
3.725 
3.36 
3.28 
2.945 
2.684 
2.401 
h 
1.716 
1.645 
1.565 
1.433 
1.293 
1.149 
1.73 
1.014 
h 
0.599 
0.483 
