32.116 
31.754 
30.681 
28.351 
25.194 
24.999 
24.977 
24.976 
h 
23.7 
23.637 
23.517 
23.361 
23.078 
22.539 
21.637 
20.548 
h 
18.839 
18.501 
18.312 
17.967 
17.462 
16.893 
16.124 
15.428 
h 
12.521 
12.43 
12.293 
12.099 
11.725 
11.085 
10.18 
9.374 
h 
8.871 
8.83 
8.827 
8.822 
8.813 
8.803 
8.788 
8.772 
h 
8.794 
8.819 
8.588 
8.585 
8.551 
8.492 
8.372 
8.141 
h 
7.372 
7.355 
7.304 
7.232 
7.173 
7.128 
7.067 
6.971 
h 
6.255 
6.185 
6.149 
6.091 
6.076 
5.944 
5.856 
5.671 
h 
4.967 
4.721 
4.682 
4.629 
4.572 
4.472 
4.344 
4.252 
h 
4.065 
3.951 
3.899 
3.866 
3.861 
3.791 
3.72 
3.587 
h 
3.354 
3.156 
3.134 
3.085 
3.056 
3.011 
2.938 
2.842 
h 
2.511 
2.481 
2.432 
2.353 
2.287 
2.21 
2.245 
2.187 
h 
1.99 
1.978 
1.96 
1.938 
1.891 
1.853 
1.915 
1.801 
h 
1.687 
1.627 
1.553 
1.475 
1.323 
1.093 
1.417 
1.039 
h 
0.892 
0.884 
0.875 
0.866 
0.856 
0.848 
0.848 
0.846 
h 
0.757 
0.747 
0.734 
0.723 
0.715 
0.721 
0.699 
0.687 
h 
0.52 
0.495 
0.455 
0.423 
0.413 
0.41 
0.404 
0.402 
h 
0.248 
