30.789 
30.428 
29.388 
27.275 
25.066 
25.051 
25.046 
25.036 
h 
23.548 
23.497 
23.423 
23.292 
23.024 
22.513 
21.657 
20.602 
h 
17.065 
16.815 
16.466 
15.98 
15.643 
15.042 
14.345 
13.804 
h 
13.549 
13.262 
13.084 
12.815 
12.535 
12.241 
11.755 
11.062 
h 
10.194 
9.929 
9.758 
9.665 
9.535 
9.357 
9.186 
8.935 
h 
7.209 
7.189 
6.935 
6.736 
6.555 
6.322 
5.911 
5.235 
h 
3.966 
4.1 
3.839 
3.811 
3.773 
3.728 
3.661 
3.554 
3.511 
3.454 
h 
2.825 
2.81 
2.801 
2.787 
2.774 
2.742 
2.683 
2.579 
h 
1.798 
1.701 
1.597 
1.557 
1.439 
1.387 
1.341 
1.282 
h 
1.134 
0.981 
0.882 
0.754 
0.619 
0.572 
0.427 
0.345 
h 
0.137 
