27.866 
27.675 
27.142 
26.149 
25.315 
25.285 
25.233 
25.142 
h 
25.024 
25.248 
24.867 
24.638 
24.177 
23.348 
22.153 
21.363 
h 
18.033 
17.79 
17.437 
17.026 
16.237 
14.932 
13.384 
12.45 
h 
11.607 
11.584 
11.57 
11.543 
11.496 
11.403 
11.235 
10.936 
h 
8.554 
8.275 
8.354 
7.993 
7.841 
7.604 
7.188 
6.492 
h 
5.289 
4.998 
4.866 
4.77 
4.703 
4.623 
4.536 
4.44 
h 
3.663 
3.816 
3.643 
3.629 
3.605 
3.56 
3.487 
3.416 
3.251 
2.988 
h 
2.409 
2.381 
2.339 
2.315 
2.284 
2.227 
2.131 
2.01 
h 
1.835 
2.255 
1.886 
1.768 
1.695 
1.605 
1.499 
1.458 
1.554 
1.12 
h 
0.968 
0.858 
0.741 
0.702 
0.665 
0.648 
0.619 
0.57 
h 
0.365 
0.35 
