29.919 
29.628 
28.809 
27.25 
25.833 
25.756 
25.621 
25.403 
h 
23.577 
23.28 
23.226 
23.102 
22.846 
22.364 
21.588 
20.773 
h 
17.989 
18.149 
17.629 
17.395 
16.962 
16.181 
14.985 
13.894 
h 
13.999 
13.217 
13.068 
12.972 
12.822 
12.538 
12.073 
11.465 
h 
10.187 
10.0 
9.893 
9.743 
9.603 
9.404 
9.043 
8.378 
h 
6.919 
6.248 
6.013 
5.857 
5.727 
5.542 
5.361 
5.065 
h 
4.337 
4.644 
4.215 
4.19 
4.141 
4.049 
3.882 
3.605 
3.288 
2.792 
h 
2.391 
2.385 
2.372 
2.365 
2.375 
2.372 
2.379 
2.328 
h 
2.151 
2.156 
2.162 
2.14 
2.117 
2.159 
1.999 
2.085 
h 
1.921 
1.894 
1.841 
1.773 
1.708 
1.719 
1.709 
1.696 
h 
1.551 
1.529 
1.528 
1.519 
1.504 
1.483 
1.492 
1.514 
h 
1.476 
1.399 
1.329 
1.307 
1.296 
1.291 
1.324 
1.286 
h 
1.192 
1.189 
1.186 
1.184 
1.181 
1.178 
1.182 
1.147 
h 
0.835 
0.806 
0.763 
0.735 
0.733 
0.73 
0.725 
0.719 
h 
0.611 
0.591 
0.568 
0.557 
0.546 
0.525 
0.49 
0.437 
h 
0.349 
0.285 
0.179 
