27.807 
27.591 
26.996 
25.913 
25.138 
25.113 
25.096 
25.073 
h 
22.684 
22.462 
22.274 
22.179 
21.981 
21.599 
20.945 
20.091 
h 
17.933 
17.249 
16.525 
16.361 
15.643 
14.839 
13.735 
13.191 
h 
12.395 
12.046 
11.906 
11.771 
11.565 
11.38 
11.101 
10.668 
h 
9.008 
9.124 
8.888 
8.796 
8.608 
8.245 
7.608 
6.645 
5.795 
9.0 
h 
5.853 
5.357 
5.28 
5.263 
5.229 
5.165 
5.054 
4.911 
h 
4.796 
4.473 
4.459 
4.43 
4.375 
4.279 
4.167 
4.024 
h 
3.651 
3.526 
3.411 
3.277 
3.188 
3.134 
3.0 
2.866 
h 
2.423 
2.379 
2.351 
2.343 
2.333 
2.313 
2.274 
2.205 
h 
2.014 
1.891 
1.849 
1.841 
1.849 
1.818 
1.808 
1.783 
h 
1.579 
1.51 
1.458 
1.431 
1.42 
1.395 
1.353 
1.287 
h 
1.058 
0.902 
0.796 
0.787 
0.749 
0.733 
0.715 
0.688 
h 
0.476 
0.403 
0.332 
0.312 
0.289 
