29.008 
28.747 
28.005 
26.554 
25.156 
25.132 
25.095 
25.053 
h 
23.146 
22.966 
22.91 
22.8 
22.584 
22.186 
21.433 
20.135 
h 
16.804 
21.589 
21.127 
16.796 
16.601 
16.284 
15.95 
15.948 
15.684 
15.628 
h 
15.414 
15.404 
15.378 
15.32 
15.219 
15.038 
14.723 
14.283 
h 
13.512 
13.434 
13.356 
13.263 
13.056 
12.752 
12.204 
11.345 
h 
10.507 
10.001 
10.061 
9.783 
9.595 
9.478 
9.354 
9.201 
h 
8.683 
8.591 
8.463 
8.258 
8.034 
8.666 
7.693 
7.453 
h 
6.747 
6.753 
6.754 
6.757 
6.766 
6.787 
6.782 
6.741 
h 
6.228 
6.077 
5.929 
5.916 
5.879 
5.852 
5.799 
5.702 
h 
5.365 
5.326 
5.265 
5.162 
5.05 
4.928 
5.169 
4.799 
h 
4.797 
4.777 
4.768 
4.758 
4.743 
4.732 
4.779 
5.02 
4.737 
4.737 
4.737 
4.74 
4.733 
4.669 
4.648 
4.616 
h 
4.299 
4.255 
4.216 
4.208 
4.189 
4.168 
4.134 
4.071 
h 
3.78 
3.646 
3.447 
3.281 
3.335 
3.167 
3.134 
3.099 
h 
2.663 
2.634 
2.591 
2.553 
2.526 
2.496 
2.452 
2.372 
h 
1.946 
1.987 
1.835 
1.791 
1.767 
1.76 
1.744 
1.716 
1.673 
1.626 
h 
1.483 
1.52 
1.469 
1.422 
1.413 
1.398 
1.366 
1.306 
1.318 
1.195 
h 
0.911 
0.82 
0.818 
0.805 
0.789 
0.777 
0.758 
0.729 
h 
0.56 
0.511 
0.488 
0.458 
0.43 
0.404 
0.421 
0.384 
h 
0.303 
0.254 
