27.351 
27.22 
26.861 
26.215 
25.702 
25.648 
25.549 
25.394 
h 
22.699 
22.313 
22.13 
22.017 
21.787 
21.368 
20.738 
20.257 
h 
17.644 
17.191 
16.936 
16.753 
16.381 
15.711 
14.858 
13.788 
h 
11.815 
11.447 
11.396 
11.314 
11.158 
10.901 
10.456 
9.83 
h 
7.736 
7.593 
7.499 
7.394 
7.21 
6.885 
6.399 
5.967 
h 
5.494 
4.878 
4.757 
4.609 
4.439 
4.373 
4.315 
4.268 
h 
4.229 
4.194 
4.141 
4.057 
3.911 
3.804 
3.875 
3.713 
h 
3.69 
3.666 
3.632 
3.572 
3.468 
3.316 
3.117 
3.017 
h 
2.156 
1.782 
1.707 
1.679 
1.626 
1.557 
1.454 
1.315 
h 
0.742 
0.658 
0.581 
0.529 
0.524 
0.483 
0.45 
