29.441 
29.179 
28.439 
26.998 
25.62 
25.553 
25.433 
25.252 
h 
22.579 
22.013 
21.664 
21.573 
21.392 
21.051 
20.489 
19.829 
h 
17.486 
16.828 
16.681 
16.457 
16.168 
15.709 
15.044 
14.348 
h 
13.457 
13.238 
13.186 
13.11 
13.034 
13.006 
13.079 
12.963 
h 
12.631 
12.604 
12.57 
12.544 
12.511 
12.461 
12.367 
12.211 
h 
9.922 
9.621 
9.494 
9.347 
9.13 
8.77 
8.144 
7.098 
h 
5.137 
4.876 
4.813 
4.742 
4.629 
4.443 
4.451 
4.136 
h 
3.852 
3.762 
3.747 
3.715 
3.66 
3.586 
3.526 
3.551 
h 
3.206 
3.173 
3.155 
3.126 
3.083 
3.06 
2.99 
2.994 
h 
2.822 
2.814 
2.703 
2.573 
2.447 
2.411 
2.565 
2.402 
h 
2.331 
2.249 
2.177 
2.15 
2.137 
2.136 
2.124 
2.11 
h 
2.017 
2.009 
1.998 
1.984 
1.969 
1.99 
1.948 
1.927 
h 
1.88 
1.809 
1.714 
1.62 
1.794 
1.61 
1.552 
1.521 
h 
1.257 
1.151 
0.988 
0.842 
0.817 
0.802 
0.804 
0.785 
h 
0.668 
0.666 
0.666 
0.664 
0.66 
0.653 
0.646 
0.648 
h 
0.573 
0.569 
0.564 
0.56 
0.557 
0.556 
0.555 
0.555 
h 
0.516 
0.519 
0.517 
0.513 
0.511 
0.509 
0.504 
0.493 
h 
0.451 
0.423 
0.373 
0.287 
