26.179 
26.123 
25.972 
25.706 
25.477 
25.447 
25.408 
25.366 
h 
24.803 
24.722 
24.56 
24.285 
23.763 
22.863 
21.731 
21.314 
h 
18.67 
18.041 
18.185 
17.74 
17.483 
17.045 
16.359 
15.705 
h 
14.63 
14.704 
14.482 
14.414 
14.337 
14.207 
14.011 
13.71 
h 
12.402 
12.236 
12.04 
11.714 
11.276 
11.527 
10.262 
9.382 
h 
8.151 
7.936 
7.919 
7.907 
7.883 
7.848 
7.801 
7.728 
h 
7.469 
7.249 
6.959 
7.329 
6.882 
6.827 
6.713 
6.515 
h 
6.17 
6.051 
5.879 
5.699 
5.483 
5.4 
5.35 
5.307 
h 
4.913 
4.87 
4.847 
4.827 
4.792 
4.739 
4.704 
4.652 
h 
4.544 
4.431 
4.374 
4.342 
4.248 
4.195 
4.123 
4.009 
h 
3.751 
3.668 
3.627 
3.603 
3.589 
3.579 
3.568 
3.552 
h 
3.436 
3.392 
3.377 
3.353 
3.341 
3.312 
3.259 
3.175 
h 
2.987 
2.943 
2.941 
2.935 
2.905 
2.872 
2.85 
2.818 
h 
2.586 
2.541 
2.508 
2.474 
2.518 
2.472 
2.456 
2.431 
h 
2.154 
2.114 
2.08 
2.038 
1.995 
2.012 
1.991 
1.981 
h 
1.916 
1.894 
1.855 
1.793 
2.086 
1.784 
1.768 
1.736 
1.675 
1.564 
1.406 
1.282 
1.284 
h 
1.259 
1.227 
1.213 
1.201 
1.189 
1.177 
1.152 
1.117 
h 
1.023 
1.084 
0.994 
0.978 
0.975 
0.971 
0.964 
0.959 
0.952 
0.94 
h 
0.934 
0.871 
0.847 
0.848 
0.846 
0.842 
0.835 
0.826 
h 
0.834 
0.806 
0.793 
0.759 
0.708 
0.69 
0.687 
0.685 
h 
0.664 
0.661 
0.65 
0.637 
0.63 
0.622 
0.627 
0.615 
h 
0.598 
0.596 
0.591 
0.591 
0.59 
0.587 
0.585 
0.587 
h 
0.502 
0.493 
0.478 
0.457 
0.443 
0.437 
0.428 
0.417 
h 
0.37 
0.366 
0.32 
