25.348 
25.335 
25.3 
25.239 
25.185 
25.15 
25.118 
25.085 
h 
24.313 
24.243 
24.134 
23.893 
23.424 
22.621 
21.553 
21.014 
h 
20.059 
19.407 
18.839 
18.417 
17.476 
16.266 
14.507 
13.301 
h 
12.072 
11.989 
11.976 
11.951 
11.896 
11.788 
11.596 
11.317 
h 
10.912 
10.823 
10.719 
10.523 
10.213 
9.743 
9.189 
8.085 
h 
7.05 
6.911 
6.722 
6.585 
6.369 
6.11 
5.915 
5.656 
h 
5.043 
5.144 
4.966 
4.953 
4.927 
4.888 
4.844 
4.788 
4.7 
4.595 
h 
4.482 
4.389 
4.34 
4.328 
4.31 
4.277 
4.221 
4.151 
h 
3.69 
3.559 
3.544 
3.469 
3.433 
3.379 
3.31 
3.2 
h 
2.957 
2.79 
2.726 
2.677 
2.656 
2.615 
2.604 
2.556 
h 
2.303 
2.276 
2.252 
2.246 
2.239 
2.228 
2.211 
2.182 
h 
2.04 
2.031 
1.985 
1.987 
1.986 
1.985 
1.983 
1.979 
h 
1.849 
1.849 
1.831 
1.805 
1.771 
1.771 
1.892 
1.677 
1.618 
1.516 
1.359 
1.235 
1.238 
1.165 
1.196 
h 
1.132 
1.134 
1.134 
1.14 
1.151 
1.145 
1.134 
1.114 
1.078 
1.041 
1.035 
1.0 
0.995 
h 
0.882 
0.846 
0.814 
0.795 
0.762 
0.712 
0.699 
0.666 
h 
0.609 
0.539 
0.455 
0.344 
0.286 
