32.647 
32.258 
31.107 
28.622 
25.367 
25.18 
25.162 
25.143 
h 
23.137 
23.097 
23.017 
22.868 
22.568 
22.032 
21.277 
20.775 
h 
18.778 
18.327 
18.1 
17.63 
17.028 
16.009 
14.69 
13.902 
h 
12.386 
12.182 
12.365 
11.893 
11.735 
11.539 
11.224 
10.785 
h 
9.543 
9.289 
9.108 
8.966 
8.767 
8.402 
7.849 
7.024 
h 
5.204 
4.763 
4.679 
4.726 
4.538 
4.478 
4.415 
4.289 
h 
3.723 
3.537 
3.462 
3.401 
3.322 
3.267 
3.202 
3.097 
h 
2.692 
2.482 
2.448 
2.519 
2.275 
2.235 
2.173 
2.069 
h 
1.626 
1.505 
1.379 
1.293 
1.208 
1.151 
1.096 
1.101 
h 
0.823 
0.801 
0.771 
0.735 
0.716 
0.69 
0.655 
0.627 
h 
0.437 
0.385 
