30.696 
30.342 
29.321 
27.259 
25.117 
25.092 
25.075 
25.051 
h 
23.102 
22.989 
22.853 
22.741 
22.506 
22.043 
21.197 
19.852 
h 
16.948 
18.96 
23.148 
15.821 
15.713 
15.608 
15.458 
15.202 
14.819 
14.463 
14.452 
h 
13.438 
12.864 
12.76 
12.683 
12.567 
12.345 
11.958 
11.397 
h 
10.492 
10.338 
10.201 
10.068 
9.902 
9.63 
9.151 
8.334 
h 
6.307 
5.837 
5.654 
5.49 
5.261 
4.99 
4.857 
4.613 
h 
4.08 
4.005 
3.995 
3.973 
3.93 
3.848 
3.748 
3.584 
h 
2.939 
2.849 
2.717 
2.621 
2.587 
2.569 
2.55 
2.517 
h 
2.454 
2.477 
2.407 
2.341 
2.313 
2.277 
2.217 
2.11 
h 
2.049 
1.936 
1.865 
1.851 
1.789 
1.794 
1.804 
1.804 
h 
1.663 
1.666 
1.688 
1.662 
1.651 
1.627 
1.585 
1.512 
1.412 
1.397 
1.106 
h 
0.814 
0.798 
0.791 
0.781 
0.766 
0.744 
0.716 
0.724 
h 
0.706 
0.63 
0.604 
0.566 
0.518 
0.497 
0.476 
0.46 
h 
0.426 
0.436 
0.418 
0.415 
0.41 
0.402 
0.394 
0.385 
0.376 
0.358 
h 
0.213 
