28.299 
28.088 
27.493 
26.339 
25.225 
25.187 
25.121 
25.027 
h 
23.95 
23.926 
23.832 
23.634 
23.236 
22.524 
21.518 
20.87 
h 
18.28 
18.117 
18.117 
17.275 
16.749 
15.82 
14.538 
13.823 
h 
13.272 
13.046 
12.89 
12.744 
12.58 
12.406 
12.181 
12.042 
h 
10.768 
10.571 
10.402 
10.198 
9.945 
9.552 
8.85 
8.308 
h 
6.359 
6.153 
6.102 
6.056 
5.981 
5.854 
5.67 
5.41 
h 
4.709 
4.695 
4.686 
4.675 
4.657 
4.632 
4.597 
4.592 
h 
4.228 
4.194 
4.137 
4.059 
3.99 
4.097 
3.918 
3.844 
h 
3.676 
3.523 
3.455 
3.363 
3.382 
3.32 
3.277 
3.239 
h 
3.061 
3.024 
2.973 
2.948 
2.946 
2.944 
2.944 
2.946 
h 
2.931 
2.919 
2.919 
2.917 
2.917 
2.91 
2.918 
2.906 
h 
2.658 
2.646 
2.653 
2.655 
2.651 
2.64 
2.623 
2.605 
h 
2.449 
2.448 
2.442 
2.422 
2.378 
2.329 
2.321 
2.3 
h 
2.191 
2.177 
2.168 
2.16 
2.147 
2.126 
2.09 
2.049 
h 
2.094 
1.983 
1.896 
1.888 
1.875 
1.855 
1.826 
1.81 
h 
1.797 
1.734 
1.729 
1.727 
1.722 
1.71 
1.689 
1.671 
h 
1.522 
1.493 
1.482 
1.462 
1.424 
1.364 
1.306 
1.29 
h 
1.233 
1.218 
1.206 
1.201 
1.194 
1.184 
1.18 
1.173 
h 
1.095 
1.114 
1.091 
1.09 
1.09 
1.088 
1.084 
1.078 
1.071 
1.064 
h 
0.975 
0.962 
0.957 
0.947 
0.934 
0.913 
0.934 
0.923 
h 
0.883 
0.876 
0.874 
0.871 
0.867 
0.859 
0.845 
0.823 
h 
0.816 
0.696 
0.646 
0.604 
0.582 
0.565 
0.551 
0.528 
h 
0.374 
0.344 
0.317 
