28.361 
28.109 
27.4 
26.059 
24.982 
24.969 
24.969 
24.968 
h 
23.948 
23.894 
23.791 
23.611 
23.24 
22.544 
21.423 
20.251 
h 
19.457 
19.086 
18.848 
18.386 
17.532 
16.189 
14.512 
13.221 
h 
12.574 
12.502 
12.484 
12.481 
12.48 
12.479 
12.479 
12.478 
h 
11.937 
11.884 
11.808 
11.772 
11.76 
11.737 
11.686 
11.589 
h 
10.753 
10.51 
10.719 
10.24 
10.11 
9.871 
9.448 
8.781 
h 
7.849 
8.295 
7.583 
7.5 
7.379 
7.157 
6.772 
6.084 
5.117 
4.953 
h 
4.456 
4.422 
4.402 
4.369 
4.343 
4.297 
4.244 
4.121 
h 
3.797 
3.596 
3.605 
3.562 
3.525 
3.482 
3.418 
3.318 
h 
3.072 
3.032 
2.999 
2.985 
2.965 
2.95 
2.93 
2.929 
h 
2.89 
2.873 
2.836 
2.736 
2.369 
1.96 
2.035 
1.911 
h 
1.836 
1.824 
1.81 
1.801 
1.794 
1.789 
1.778 
1.762 
h 
1.656 
1.631 
1.64 
1.598 
1.575 
1.571 
1.561 
1.546 
h 
1.174 
1.21 
1.157 
1.133 
1.117 
1.101 
1.074 
1.04 
1.008 
0.916 
h 
0.601 
0.579 
