29.57 
29.255 
28.367 
26.68 
25.287 
25.258 
25.25 
25.24 
h 
23.545 
23.468 
23.32 
23.111 
22.719 
21.989 
20.854 
19.925 
h 
19.422 
18.37 
18.33 
18.232 
18.02 
17.609 
16.894 
15.788 
h 
14.713 
16.801 
14.074 
13.702 
13.022 
11.921 
10.414 
9.212 
9.053 
8.972 
h 
7.836 
7.724 
7.737 
7.709 
7.677 
7.614 
7.484 
7.243 
h 
6.255 
6.158 
6.079 
6.039 
5.97 
5.862 
5.818 
5.818 
h 
4.862 
4.834 
4.812 
4.765 
4.67 
4.477 
4.405 
4.08 
h 
3.407 
3.38 
3.212 
3.183 
3.168 
3.146 
3.124 
3.096 
h 
2.824 
2.759 
2.744 
2.726 
2.697 
2.657 
2.635 
2.594 
h 
2.374 
2.294 
2.26 
2.185 
2.15 
2.127 
2.09 
2.033 
h 
1.876 
1.845 
1.744 
1.706 
1.657 
1.606 
1.601 
1.538 
h 
1.469 
1.45 
1.433 
1.404 
1.38 
1.349 
1.346 
1.304 
h 
1.362 
1.197 
1.179 
1.133 
1.034 
0.84 
0.632 
0.623 
h 
0.488 
0.444 
0.388 
