25.902 
25.787 
25.463 
24.835 
24.201 
24.178 
24.158 
24.153 
24.14 
24.117 
24.083 
24.049 
24.18 
h 
23.093 
22.961 
22.899 
22.873 
22.817 
22.704 
22.488 
22.112 
23.25 
21.902 
21.818 
21.696 
21.508 
21.335 
21.268 
21.133 
21.083 
21.045 
20.993 
20.904 
20.791 
20.744 
20.7 
20.653 
20.599 
20.546 
20.514 
20.463 
20.382 
20.305 
20.324 
20.232 
20.222 
20.204 
20.178 
20.155 
20.123 
20.109 
h 
19.776 
19.598 
19.538 
19.502 
19.454 
19.432 
19.453 
19.409 
19.396 
19.371 
19.334 
19.306 
19.287 
19.398 
19.279 
19.278 
19.275 
19.27 
19.263 
h 
19.129 
18.87 
18.687 
18.672 
18.644 
18.594 
18.507 
18.429 
18.946 
18.37 
18.36 
18.341 
18.305 
18.257 
18.184 
18.088 
18.067 
18.086 
18.01 
18.006 
17.999 
17.991 
17.982 
17.97 
17.949 
17.909 
17.846 
17.983 
17.892 
h 
17.565 
17.561 
17.555 
17.545 
17.527 
17.493 
17.441 
17.389 
17.367 
17.356 
17.339 
17.325 
17.317 
17.306 
17.297 
17.289 
h 
