29.071 
28.711 
27.707 
25.865 
24.596 
24.535 
24.515 
24.487 
24.443 
24.383 
24.339 
24.368 
24.32 
24.316 
24.309 
24.304 
24.298 
24.292 
24.305 
h 
23.216 
23.147 
23.057 
23.015 
22.945 
22.816 
22.595 
22.245 
21.902 
21.871 
21.935 
21.676 
21.666 
21.644 
21.604 
21.532 
21.433 
21.324 
21.23 
21.115 
20.961 
20.735 
20.786 
21.657 
20.468 
20.453 
20.425 
20.384 
20.313 
20.185 
19.986 
20.156 
19.945 
19.847 
19.838 
19.826 
19.801 
19.757 
19.718 
19.672 
19.643 
19.626 
19.596 
19.546 
19.508 
19.486 
19.471 
19.462 
19.45 
19.43 
19.411 
19.389 
19.363 
h 
19.227 
19.205 
19.174 
19.105 
18.971 
18.723 
18.31 
17.836 
17.733 
17.636 
17.58 
17.543 
17.495 
17.398 
17.215 
16.904 
16.711 
18.626 
16.499 
16.486 
16.46 
16.412 
16.334 
16.252 
16.21 
16.128 
16.07 
15.989 
15.953 
15.912 
15.904 
15.891 
15.872 
15.84 
15.799 
15.786 
15.761 
15.756 
15.748 
15.739 
15.725 
15.724 
15.712 
15.706 
h 
15.602 
15.589 
15.563 
15.518 
15.456 
15.393 
15.387 
15.368 
15.361 
15.355 
15.345 
15.331 
15.322 
15.303 
h 
15.271 
15.025 
14.871 
14.859 
14.841 
14.815 
14.782 
14.764 
14.72 
14.652 
14.509 
14.267 
13.937 
14.933 
14.108 
13.811 
13.808 
13.802 
13.792 
13.779 
13.771 
13.755 
13.751 
13.747 
h 
13.602 
13.592 
13.584 
13.573 
13.551 
13.512 
13.439 
13.317 
13.142 
13.107 
12.997 
12.971 
12.964 
12.95 
12.925 
12.878 
12.845 
12.802 
12.772 
12.852 
12.748 
12.747 
12.742 
12.731 
12.713 
12.688 
12.689 
12.913 
12.668 
12.665 
12.659 
12.65 
12.642 
12.639 
12.631 
12.648 
12.63 
h 
