24.406 
24.377 
24.3 
24.167 
24.07 
24.062 
24.045 
24.015 
23.964 
23.903 
23.886 
24.394 
23.886 
23.886 
23.886 
23.886 
23.886 
23.886 
23.886 
23.887 
23.886 
h 
23.441 
23.431 
23.398 
23.329 
23.237 
23.205 
23.185 
23.149 
23.096 
23.021 
23.026 
22.997 
22.937 
22.932 
22.921 
22.899 
22.854 
22.768 
22.624 
22.496 
23.49 
22.376 
22.346 
22.322 
22.289 
22.25 
22.235 
22.209 
22.185 
22.147 
22.098 
22.13 
22.052 
22.041 
22.023 
22.008 
21.979 
21.937 
h 
21.974 
21.856 
21.689 
21.49 
21.441 
21.436 
21.435 
21.431 
21.423 
21.409 
21.383 
21.351 
21.321 
h 
21.277 
21.049 
21.039 
21.031 
21.017 
20.991 
20.947 
20.884 
20.842 
20.828 
20.804 
20.758 
20.681 
20.728 
20.61 
20.594 
20.579 
20.552 
20.501 
20.415 
20.393 
20.491 
20.26 
20.248 
20.226 
20.186 
20.152 
20.147 
20.12 
20.113 
20.101 
20.09 
20.08 
20.064 
h 
