23.993 
23.991 
23.987 
23.979 
23.972 
23.968 
23.965 
23.958 
h 
22.917 
22.758 
22.668 
22.644 
22.59 
22.48 
22.269 
21.897 
21.371 
21.393 
22.38 
20.649 
20.576 
20.552 
20.519 
20.462 
20.393 
20.328 
20.335 
20.207 
20.108 
19.944 
19.714 
20.283 
19.606 
19.547 
19.529 
19.503 
19.467 
19.443 
19.452 
19.403 
19.371 
19.314 
19.225 
19.19 
19.622 
19.13 
19.126 
19.122 
19.117 
19.105 
19.083 
19.043 
18.983 
18.948 
h 
18.462 
18.148 
18.074 
18.023 
17.99 
17.953 
17.875 
17.772 
17.706 
17.66 
17.6 
17.552 
17.528 
17.514 
17.5 
17.495 
17.49 
17.483 
17.475 
17.467 
h 
17.384 
17.371 
17.342 
17.298 
17.363 
17.11 
16.917 
16.614 
16.378 
16.375 
16.307 
16.257 
16.215 
16.157 
16.095 
15.989 
15.855 
16.045 
15.799 
15.79 
15.772 
15.741 
15.721 
15.708 
15.693 
15.686 
15.674 
h 
15.637 
15.61 
15.593 
15.638 
15.545 
15.522 
15.491 
15.443 
15.41 
15.388 
15.367 
15.349 
15.341 
15.337 
15.335 
15.329 
h 
