27.774 
27.57 
26.999 
25.917 
25.01 
24.958 
24.886 
24.766 
24.602 
24.873 
24.72 
24.534 
24.533 
24.531 
24.528 
24.523 
24.523 
24.553 
24.521 
24.521 
h 
23.747 
23.739 
23.717 
23.675 
23.61 
23.503 
23.312 
22.993 
22.61 
22.823 
22.59 
22.027 
21.992 
21.929 
21.856 
21.803 
21.736 
21.61 
21.458 
21.382 
21.273 
21.234 
21.198 
21.143 
21.076 
21.105 
20.987 
20.948 
20.88 
20.782 
20.876 
20.709 
20.682 
20.661 
20.625 
20.603 
20.571 
20.537 
20.512 
20.471 
20.412 
20.465 
20.397 
20.304 
20.295 
20.283 
20.272 
20.254 
20.238 
20.243 
20.215 
20.21 
20.203 
20.195 
20.19 
20.186 
h 
19.964 
19.937 
19.887 
19.81 
19.728 
19.689 
19.68 
19.67 
19.655 
19.626 
19.58 
19.532 
19.487 
19.458 
19.441 
19.445 
19.428 
19.421 
19.41 
19.396 
19.39 
h 
19.391 
19.163 
18.919 
18.87 
18.868 
18.869 
18.867 
18.862 
18.854 
18.837 
18.807 
h 
18.608 
18.485 
18.478 
18.475 
18.472 
18.462 
18.449 
18.423 
h 
