25.416 
25.279 
24.911 
24.285 
23.907 
23.893 
23.87 
23.831 
23.785 
23.788 
23.826 
23.775 
23.775 
h 
22.968 
22.965 
22.951 
22.917 
22.855 
22.763 
22.636 
22.441 
22.289 
22.528 
22.092 
21.978 
21.835 
21.723 
21.695 
21.656 
21.584 
21.478 
21.331 
21.259 
21.216 
21.183 
21.138 
21.09 
21.001 
20.856 
20.72 
21.295 
20.612 
20.597 
20.57 
20.521 
20.474 
20.484 
20.445 
20.434 
20.418 
h 
20.223 
20.219 
20.182 
20.121 
19.999 
19.776 
19.399 
18.922 
18.77 
19.052 
18.601 
18.541 
18.511 
18.514 
18.492 
18.478 
18.453 
18.414 
18.362 
18.51 
18.313 
18.298 
18.278 
18.245 
18.188 
18.102 
18.169 
18.044 
18.031 
18.015 
17.988 
17.942 
17.89 
17.828 
17.794 
17.809 
17.715 
17.705 
17.688 
17.666 
17.651 
17.622 
17.574 
17.494 
17.454 
18.121 
17.395 
17.394 
17.39 
17.384 
17.371 
17.35 
17.33 
17.324 
17.322 
h 
17.317 
17.31 
17.29 
17.245 
17.154 
16.98 
16.668 
16.191 
15.802 
15.921 
15.743 
15.703 
15.696 
15.685 
15.677 
15.668 
15.646 
h 
15.161 
15.143 
15.123 
15.094 
15.034 
14.924 
14.733 
14.427 
14.208 
14.123 
14.061 
14.01 
13.953 
13.888 
13.843 
13.814 
13.785 
13.765 
13.771 
13.721 
13.701 
13.668 
13.626 
13.626 
13.595 
13.586 
13.575 
13.572 
13.559 
13.545 
13.531 
13.558 
13.546 
13.522 
13.515 
h 
13.303 
13.276 
13.235 
13.194 
13.14 
13.12 
13.078 
13.049 
13.003 
12.957 
12.91 
12.834 
12.835 
12.744 
12.68 
12.613 
12.586 
12.576 
12.557 
12.538 
12.503 
12.459 
12.434 
12.431 
12.414 
12.366 
12.346 
12.318 
12.272 
12.198 
12.144 
12.139 
12.115 
12.091 
12.085 
12.082 
12.069 
12.048 
12.035 
12.028 
12.03 
12.029 
12.029 
12.023 
12.016 
h 
