25.844 
25.767 
25.563 
25.216 
25.005 
24.996 
24.979 
24.954 
24.919 
24.869 
24.937 
24.918 
24.843 
24.843 
24.842 
24.84 
h 
22.907 
22.836 
22.682 
22.471 
22.354 
22.171 
21.815 
21.167 
20.114 
18.785 
22.022 
21.076 
18.071 
17.892 
17.866 
17.816 
17.725 
17.552 
17.261 
16.942 
19.082 
16.856 
16.84 
16.815 
16.784 
16.722 
16.61 
16.531 
16.492 
16.45 
16.43 
16.415 
16.386 
16.355 
16.334 
16.304 
16.283 
16.27 
16.248 
16.212 
16.182 
16.158 
16.135 
16.112 
16.079 
16.046 
16.035 
16.028 
16.013 
15.984 
15.934 
15.861 
16.363 
15.897 
15.756 
15.75 
15.738 
15.718 
15.702 
15.686 
15.682 
15.677 
15.669 
15.655 
15.639 
h 
15.103 
15.198 
15.065 
15.038 
14.985 
14.885 
14.723 
14.496 
14.377 
14.491 
14.259 
14.179 
14.15 
14.111 
14.084 
14.054 
14.001 
13.907 
13.757 
14.024 
13.64 
13.616 
13.6 
13.568 
13.512 
13.448 
13.393 
13.54 
13.336 
13.324 
13.299 
13.252 
13.178 
13.117 
13.669 
13.094 
13.094 
13.089 
13.078 
13.058 
13.027 
13.01 
13.135 
12.992 
h 
12.48 
12.47 
12.451 
12.426 
12.419 
12.41 
12.393 
12.352 
12.293 
12.219 
12.115 
12.104 
12.687 
12.045 
12.051 
12.048 
12.046 
12.042 
12.035 
12.022 
12.007 
11.982 
h 
11.692 
11.704 
11.61 
11.61 
11.606 
11.599 
11.587 
11.567 
11.533 
11.506 
11.486 
11.465 
11.438 
11.427 
11.413 
11.407 
11.391 
11.373 
11.367 
11.362 
11.379 
h 
11.302 
11.245 
11.237 
11.237 
11.237 
11.228 
11.233 
11.214 
h 
