26.515 
26.389 
26.043 
25.427 
24.996 
24.979 
24.959 
24.926 
24.876 
24.877 
24.995 
24.837 
24.837 
h 
23.772 
23.701 
23.58 
23.483 
23.355 
23.108 
22.682 
22.121 
21.686 
21.285 
20.74 
20.565 
22.133 
20.202 
20.17 
20.147 
20.117 
20.056 
19.949 
19.804 
19.583 
19.832 
20.147 
19.425 
19.417 
19.399 
19.363 
19.291 
19.156 
18.974 
19.927 
18.874 
18.86 
18.835 
18.799 
18.743 
18.803 
18.714 
18.695 
18.686 
h 
18.282 
18.256 
18.237 
18.205 
18.156 
18.075 
17.941 
17.784 
17.754 
17.712 
17.665 
17.652 
17.635 
17.6 
17.534 
17.417 
17.241 
17.723 
17.527 
17.099 
17.093 
17.083 
17.072 
17.068 
17.075 
17.06 
17.059 
17.057 
h 
16.873 
16.87 
16.864 
16.855 
16.842 
16.827 
16.814 
16.793 
h 
16.752 
16.672 
16.572 
16.526 
16.524 
16.521 
16.517 
16.509 
16.499 
16.479 
16.444 
h 
