23.968 
23.963 
23.948 
23.921 
23.888 
23.867 
23.855 
23.832 
h 
23.448 
23.445 
23.38 
23.296 
23.132 
22.833 
22.371 
21.926 
22.195 
21.937 
21.861 
21.845 
21.816 
21.768 
21.714 
21.644 
21.574 
21.458 
21.277 
21.38 
22.612 
21.106 
21.096 
21.085 
21.061 
21.013 
20.925 
20.786 
20.732 
20.672 
20.646 
20.619 
20.588 
20.561 
20.532 
20.507 
20.463 
20.409 
20.686 
20.38 
20.371 
20.361 
h 
19.649 
19.581 
19.561 
19.548 
19.52 
19.467 
19.374 
19.254 
19.138 
18.936 
18.886 
18.835 
18.656 
18.625 
18.575 
18.516 
18.464 
18.367 
18.216 
18.316 
18.135 
18.114 
18.099 
18.074 
18.044 
18.008 
17.96 
17.938 
17.918 
17.892 
17.85 
17.79 
17.83 
18.032 
17.746 
17.744 
17.738 
17.731 
17.723 
17.721 
17.718 
17.713 
17.705 
h 
16.831 
16.861 
16.805 
16.796 
16.779 
16.748 
16.721 
16.674 
h 
