31.193 
30.983 
30.342 
28.821 
25.798 
25.068 
24.058 
24.026 
24.023 
24.019 
24.013 
24.001 
23.985 
23.985 
24.138 
h 
23.28 
23.097 
23.023 
23.01 
22.98 
22.919 
22.8 
22.594 
22.295 
22.548 
22.075 
22.043 
21.984 
21.915 
21.857 
21.769 
21.699 
21.667 
21.644 
21.597 
21.513 
21.43 
21.507 
21.372 
21.361 
21.337 
21.291 
21.211 
21.203 
21.144 
21.089 
21.073 
21.055 
21.019 
20.954 
20.847 
20.804 
21.45 
20.736 
20.731 
20.727 
20.722 
20.713 
20.696 
20.663 
20.603 
20.565 
h 
20.65 
20.1 
20.036 
20.025 
20.003 
19.958 
19.876 
19.733 
19.532 
19.353 
19.579 
19.233 
19.18 
19.146 
19.099 
19.031 
18.991 
19.025 
18.957 
18.939 
18.904 
18.849 
18.778 
18.828 
18.818 
18.726 
18.723 
18.721 
18.715 
18.702 
18.678 
h 
18.301 
18.286 
18.246 
18.225 
18.195 
18.177 
18.141 
18.096 
18.058 
18.055 
18.045 
18.036 
18.021 
18.002 
18.001 
17.998 
h 
