25.24 
25.235 
25.222 
25.194 
25.138 
25.041 
24.897 
24.769 
24.659 
24.595 
24.49 
24.336 
24.61 
24.411 
24.254 
24.253 
24.251 
24.248 
24.247 
24.246 
24.244 
24.242 
24.24 
h 
23.751 
23.738 
23.702 
23.634 
23.563 
23.515 
23.422 
23.255 
23.003 
22.861 
23.064 
22.76 
22.741 
22.708 
22.654 
22.564 
22.419 
22.353 
22.893 
22.254 
22.245 
22.23 
22.21 
22.185 
22.138 
22.051 
21.905 
21.793 
24.026 
21.719 
21.713 
21.703 
21.685 
21.653 
21.615 
21.71 
21.606 
21.604 
h 
21.084 
21.049 
20.993 
20.946 
20.923 
20.888 
20.831 
20.748 
20.691 
20.614 
20.576 
20.544 
20.483 
20.367 
20.165 
20.015 
19.958 
19.869 
19.85 
19.814 
19.747 
19.636 
19.505 
19.436 
19.403 
19.401 
19.36 
19.337 
19.328 
19.323 
19.314 
h 
18.56 
18.543 
18.515 
18.484 
18.456 
18.435 
18.41 
18.325 
18.228 
18.183 
18.148 
18.101 
18.047 
18.055 
18.02 
18.01 
18.006 
18.002 
17.996 
17.987 
h 
