25.758 
25.749 
25.724 
25.675 
25.604 
25.528 
25.496 
25.453 
25.375 
25.253 
25.073 
24.998 
25.654 
24.904 
24.9 
24.893 
24.883 
24.866 
24.841 
24.81 
24.797 
24.789 
h 
24.063 
24.007 
23.91 
23.845 
23.837 
23.819 
23.784 
23.725 
23.636 
23.541 
23.571 
23.501 
23.495 
23.482 
23.459 
23.427 
23.364 
23.312 
h 
22.727 
22.674 
22.635 
22.595 
22.524 
22.406 
22.202 
21.969 
21.875 
21.836 
21.788 
21.833 
21.76 
21.752 
21.742 
21.734 
21.726 
21.721 
21.718 
21.716 
21.715 
21.713 
21.712 
h 
21.455 
21.438 
21.421 
21.4 
21.383 
21.37 
21.352 
21.329 
h 
