23.968,NA
23.963,NA
23.948,NA
23.921,NA
23.888,NA
23.867,NA
23.855,NA
23.832,24.292
23.448,NA
23.445,NA
23.38,NA
23.296,NA
23.132,NA
22.833,NA
22.371,NA
21.926,NA
22.195,NA
21.937,NA
21.861,NA
21.845,NA
21.816,NA
21.768,NA
21.714,NA
21.644,NA
21.574,NA
21.458,NA
21.277,NA
21.38,NA
22.612,NA
21.106,NA
21.096,NA
21.085,NA
21.061,NA
21.013,NA
20.925,NA
20.786,NA
20.732,NA
20.672,NA
20.646,NA
20.619,NA
20.588,NA
20.561,NA
20.532,NA
20.507,NA
20.463,NA
20.409,NA
20.686,NA
20.38,NA
20.371,NA
20.361,20.821
19.649,NA
19.581,NA
19.561,NA
19.548,NA
19.52,NA
19.467,NA
19.374,NA
19.254,NA
19.138,NA
18.936,NA
18.886,NA
18.835,NA
18.656,NA
18.625,NA
18.575,NA
18.516,NA
18.464,NA
18.367,NA
18.216,NA
18.316,NA
18.135,NA
18.114,NA
18.099,NA
18.074,NA
18.044,NA
18.008,NA
17.96,NA
17.938,NA
17.918,NA
17.892,NA
17.85,NA
17.79,NA
17.83,NA
18.032,NA
17.746,NA
17.744,NA
17.738,NA
17.731,NA
17.723,NA
17.721,NA
17.718,NA
17.713,NA
17.705,18.165
16.831,NA
16.861,NA
16.805,NA
16.796,NA
16.779,NA
16.748,NA
16.721,NA
16.674,17.134
