24.832 
24.701 
24.352 
23.77 
23.444 
23.441 
23.436 
23.428 
23.42 
23.416 
23.409 
23.405 
23.412 
h 
22.379 
22.314 
22.197 
22.085 
22.026 
21.958 
21.835 
21.611 
21.294 
22.197 
21.027 
20.933 
20.839 
20.682 
20.494 
20.449 
20.461 
20.291 
20.272 
20.232 
20.157 
20.027 
19.91 
20.991 
19.824 
19.813 
19.792 
19.756 
19.728 
19.712 
19.703 
19.698 
19.689 
h 
19.555 
19.549 
19.527 
19.494 
19.434 
19.326 
19.151 
18.952 
18.912 
18.898 
18.887 
18.882 
18.874 
18.86 
18.84 
18.821 
h 
18.086 
18.028 
17.956 
17.864 
17.836 
17.906 
17.704 
17.604 
17.507 
17.469 
17.405 
17.332 
17.356 
17.521 
17.288 
17.287 
17.287 
17.284 
17.277 
h 
16.932 
16.905 
16.86 
16.814 
16.807 
16.796 
16.785 
16.771 
h 
