31.946 
31.539 
30.356 
27.915 
25.217 
25.144 
25.099 
25.042 
24.98 
24.939 
24.868 
24.775 
25.004 
25.016 
24.745 
24.745 
24.744 
24.744 
h 
24.423 
24.386 
24.309 
24.214 
24.199 
24.193 
24.181 
24.164 
24.139 
24.119 
24.096 
24.068 
24.048 
24.043 
24.022 
24.016 
h 
23.182 
23.104 
23.013 
22.978 
22.941 
22.871 
22.764 
22.62 
22.473 
22.426 
22.367 
22.342 
22.319 
22.283 
22.222 
22.146 
22.033 
21.869 
21.862 
22.169 
21.651 
21.635 
21.611 
21.582 
21.56 
21.517 
21.478 
21.448 
21.436 
h 
20.74 
20.71 
20.678 
20.654 
20.609 
20.547 
20.455 
20.346 
20.299 
20.241 
20.2 
20.139 
20.056 
19.996 
19.907 
19.758 
19.629 
19.644 
19.517 
19.482 
19.456 
19.434 
19.406 
19.38 
19.355 
19.382 
19.32 
19.31 
19.292 
19.262 
19.237 
19.3 
19.201 
19.19 
19.181 
h 
