28.119 
27.877 
27.213 
26.031 
25.213 
25.173 
25.111 
25.025 
24.964 
24.852 
24.782 
24.741 
24.718 
24.674 
24.604 
24.583 
24.762 
24.539 
24.537 
24.533 
24.527 
24.529 
24.524 
24.524 
h 
23.346 
23.284 
23.139 
22.909 
22.768 
22.674 
22.489 
22.151 
21.623 
21.178 
21.126 
21.014 
20.999 
20.969 
20.914 
20.838 
20.723 
20.511 
20.162 
20.274 
20.065 
19.84 
19.817 
19.779 
19.716 
19.636 
19.54 
19.508 
19.467 
19.447 
19.407 
19.337 
19.226 
19.241 
19.968 
19.115 
19.111 
19.104 
19.092 
19.071 
19.052 
19.037 
19.03 
19.02 
h 
18.766 
18.728 
18.693 
18.683 
18.67 
18.646 
18.606 
18.575 
18.559 
18.515 
18.485 
18.437 
18.379 
18.427 
18.496 
18.352 
18.351 
18.35 
18.348 
18.346 
18.345 
h 
17.941 
17.926 
17.897 
17.856 
17.828 
17.814 
17.79 
17.771 
h 
17.234 
17.184 
17.125 
17.058 
16.935 
16.7 
16.289 
15.752 
15.539 
15.42 
15.39 
15.36 
15.323 
15.266 
15.279 
15.21 
15.195 
15.185 
15.169 
15.146 
15.112 
15.083 
15.043 
15.004 
14.952 
14.865 
14.753 
15.721 
14.734 
14.728 
14.719 
14.704 
14.69 
14.675 
14.654 
14.624 
14.598 
h 
14.422 
14.411 
14.403 
14.392 
14.367 
14.321 
14.239 
14.134 
14.12 
14.052 
13.997 
13.948 
13.92 
13.897 
13.889 
13.869 
13.856 
13.851 
13.844 
13.835 
13.83 
13.822 
h 
13.603 
13.521 
13.408 
13.372 
13.372 
13.364 
13.357 
13.343 
13.319 
13.278 
13.226 
13.208 
13.21 
13.152 
13.128 
13.117 
13.104 
13.082 
13.064 
13.081 
13.057 
13.056 
13.055 
13.052 
13.049 
13.047 
h 
12.625 
12.563 
12.482 
12.455 
12.447 
12.43 
12.397 
12.336 
12.23 
12.151 
12.056 
11.99 
11.914 
11.84 
11.804 
11.778 
11.742 
11.725 
11.702 
11.676 
11.68 
11.654 
11.637 
11.612 
11.592 
11.596 
11.574 
11.556 
11.551 
11.542 
11.525 
11.499 
11.486 
11.612 
11.484 
h 
