33.124 
32.617 
31.151 
28.19 
25.239 
25.164 
25.05 
24.858 
24.7 
24.647 
24.62 
24.597 
24.583 
24.562 
24.538 
24.523 
24.528 
24.506 
24.503 
24.498 
h 
24.246 
24.235 
24.227 
24.216 
24.191 
24.142 
24.055 
23.925 
23.807 
23.744 
23.693 
23.628 
23.604 
23.574 
23.53 
23.478 
23.428 
23.405 
23.397 
23.388 
23.376 
23.357 
23.325 
23.311 
23.297 
23.281 
23.273 
23.259 
h 
22.895 
22.682 
22.435 
22.365 
22.514 
22.345 
22.339 
22.329 
22.311 
22.288 
22.277 
h 
22.089 
22.021 
22.004 
21.988 
21.973 
21.95 
21.912 
21.869 
h 
