32.892 
32.412 
31.037 
28.302 
25.623 
25.465 
25.192 
24.81 
24.323 
24.352 
24.281 
24.076 
24.07 
24.061 
24.053 
24.052 
24.05 
24.049 
24.048 
24.048 
h 
23.711 
23.662 
23.562 
23.434 
23.404 
23.399 
23.389 
23.371 
23.338 
23.292 
23.234 
23.144 
23.087 
23.073 
23.049 
23.039 
23.022 
23.0 
22.974 
22.935 
h 
22.726 
22.688 
22.611 
22.538 
22.39 
22.144 
21.824 
21.651 
21.56 
21.43 
21.305 
21.203 
21.085 
21.009 
21.468 
20.992 
20.991 
20.991 
20.99 
20.988 
20.986 
20.982 
20.976 
20.967 
h 
20.812 
20.846 
20.79 
20.756 
20.75 
20.74 
20.723 
20.706 
h 
