24.29 
24.281 
24.255 
24.203 
24.122 
24.024 
23.854 
23.633 
23.46 
23.326 
23.723 
23.299 
23.297 
23.293 
23.287 
23.274 
23.267 
23.261 
23.252 
23.251 
h 
22.604 
22.558 
22.452 
22.3 
22.242 
22.21 
22.144 
22.015 
21.781 
21.425 
21.241 
22.681 
21.081 
21.068 
21.047 
21.007 
20.933 
20.821 
20.684 
20.908 
21.032 
20.615 
20.61 
20.604 
20.594 
20.581 
20.575 
20.571 
20.566 
20.559 
h 
20.314 
20.365 
20.291 
20.284 
20.27 
20.244 
20.21 
20.179 
h 
19.946 
19.931 
19.905 
19.897 
19.819 
19.717 
19.56 
19.434 
19.416 
19.414 
19.406 
19.392 
19.365 
19.357 
19.333 
19.321 
h 
