30.797 
30.413 
29.311 
27.093 
24.807 
24.743 
24.677 
24.654 
24.603 
24.508 
24.365 
24.287 
26.937 
24.276 
24.275 
24.275 
24.274 
24.274 
24.273 
24.279 
24.273 
24.273 
h 
23.834 
23.827 
23.803 
23.75 
23.645 
23.462 
23.164 
22.881 
22.775 
22.682 
22.601 
22.541 
22.449 
22.292 
22.033 
21.653 
21.21 
23.1 
21.101 
21.072 
21.043 
21.023 
20.992 
20.943 
20.863 
20.894 
20.819 
20.814 
20.803 
20.785 
20.761 
20.74 
20.719 
h 
20.225 
19.952 
19.766 
19.691 
19.639 
19.622 
19.603 
19.572 
19.523 
19.438 
19.325 
19.291 
19.336 
19.233 
19.228 
19.218 
19.198 
19.171 
19.12 
19.134 
19.079 
19.064 
h 
18.98 
18.935 
18.871 
18.838 
18.938 
18.765 
18.701 
18.664 
18.651 
18.623 
18.575 
18.505 
18.446 
18.468 
18.429 
18.41 
18.402 
18.399 
18.395 
h 
