28.505 
28.225 
27.441 
25.963 
24.696 
24.637 
24.52 
24.304 
23.967 
23.75 
24.725 
23.666 
23.654 
23.641 
23.633 
23.627 
23.616 
23.597 
23.574 
23.536 
h 
23.115 
22.786 
22.776 
22.758 
22.728 
22.678 
22.597 
22.595 
23.5 
22.423 
22.397 
22.362 
22.305 
22.237 
22.259 
22.284 
22.184 
22.179 
22.169 
22.151 
22.117 
22.065 
22.137 
22.053 
22.026 
h 
21.446 
21.422 
21.384 
21.357 
21.346 
21.324 
21.28 
21.202 
21.087 
20.929 
21.019 
20.839 
20.808 
20.756 
20.693 
20.574 
20.393 
20.674 
20.327 
20.317 
20.303 
20.274 
20.22 
20.136 
19.987 
19.972 
21.409 
19.79 
19.784 
19.783 
19.781 
19.776 
19.767 
19.753 
19.748 
19.742 
h 
19.718 
19.701 
19.682 
19.642 
19.581 
19.464 
19.277 
19.076 
19.042 
19.034 
18.988 
18.979 
18.971 
18.967 
18.973 
18.966 
h 
