25.873 
25.848 
25.78 
25.652 
25.51 
25.479 
25.449 
25.388 
25.277 
25.098 
24.786 
24.422 
26.988 
24.376 
24.368 
24.362 
24.353 
24.343 
24.337 
24.325 
24.306 
24.309 
h 
22.977 
22.847 
22.659 
22.52 
22.465 
22.395 
22.254 
21.994 
21.565 
20.911 
20.748 
24.051 
20.127 
20.089 
20.039 
19.975 
19.896 
19.777 
19.66 
20.442 
19.62 
19.613 
19.605 
19.599 
19.588 
19.575 
19.572 
19.571 
19.564 
h 
19.119 
19.073 
18.994 
18.928 
18.9 
18.858 
18.821 
18.758 
18.651 
18.481 
18.325 
18.574 
18.279 
18.267 
18.245 
18.205 
18.159 
18.119 
18.148 
18.064 
18.05 
18.028 
18.002 
17.963 
17.95 
17.967 
17.918 
17.914 
h 
17.539 
17.433 
17.293 
17.248 
17.235 
17.216 
17.183 
17.136 
17.071 
17.036 
17.026 
16.938 
16.923 
16.908 
16.88 
16.834 
16.787 
16.758 
16.738 
16.713 
16.692 
16.672 
16.666 
16.66 
16.651 
16.635 
16.615 
16.62 
16.606 
h 
16.221 
16.206 
16.182 
16.142 
16.084 
16.02 
15.942 
15.802 
15.679 
15.656 
15.616 
15.564 
15.484 
15.398 
15.279 
15.379 
15.279 
15.248 
15.219 
15.208 
15.202 
15.193 
15.189 
15.182 
15.171 
15.153 
15.125 
h 
