25.135 
25.108 
25.033 
24.895 
24.751 
24.645 
24.552 
24.466 
24.413 
24.386 
24.341 
24.284 
24.24 
24.188 
24.15 
24.137 
24.124 
24.103 
24.081 
24.058 
24.038 
24.006 
h 
23.836 
24.411 
23.812 
23.785 
23.73 
23.625 
23.449 
23.246 
23.133 
23.088 
23.015 
22.933 
22.897 
22.998 
22.844 
22.837 
22.824 
22.804 
22.776 
22.745 
22.727 
h 
22.573 
22.502 
22.399 
22.353 
22.342 
22.322 
22.299 
22.269 
22.232 
22.199 
22.157 
22.097 
22.13 
22.06 
22.036 
22.028 
22.016 
22.002 
21.984 
21.973 
h 
21.919 
21.75 
21.575 
21.506 
21.406 
21.358 
21.355 
21.346 
21.344 
21.34 
21.331 
21.317 
21.3 
21.277 
h 
