38.94 
38.189 
35.911 
30.78 
24.085 
23.764 
23.737 
23.695 
23.626 
23.536 
23.63 
23.513 
23.51 
23.509 
23.505 
23.501 
23.503 
23.504 
23.5 
23.5 
h 
23.011 
23.002 
22.974 
22.925 
22.882 
22.857 
22.833 
22.806 
h 
22.297 
22.164 
22.098 
22.043 
21.973 
21.858 
21.712 
21.514 
21.36 
21.259 
21.298 
21.211 
21.193 
21.182 
21.173 
21.174 
21.17 
h 
21.016 
21.012 
21.005 
20.993 
20.971 
20.929 
20.858 
20.768 
20.719 
20.673 
20.696 
20.62 
20.602 
20.588 
20.564 
20.518 
20.441 
20.373 
20.442 
20.335 
20.326 
20.308 
20.283 
20.238 
20.173 
20.562 
20.143 
20.136 
20.124 
20.107 
20.091 
20.087 
20.08 
20.076 
20.074 
h 
