25.196 
25.185 
25.154 
25.101 
25.054 
25.05 
25.04 
25.02 
h 
24.347 
24.291 
24.266 
24.258 
24.243 
24.213 
24.156 
24.054 
23.937 
24.086 
23.892 
23.879 
23.854 
23.809 
23.746 
23.713 
23.78 
23.64 
23.616 
23.609 
23.603 
23.59 
h 
23.234 
23.152 
23.149 
23.117 
23.091 
23.054 
22.992 
22.916 
22.873 
22.827 
22.799 
22.784 
22.769 
22.764 
22.756 
22.744 
22.723 
22.701 
22.698 
22.682 
22.677 
22.668 
22.652 
h 
22.439 
22.237 
22.22 
22.215 
22.21 
22.201 
22.182 
22.147 
22.093 
22.043 
21.989 
21.932 
21.879 
21.825 
21.779 
21.94 
21.758 
21.754 
21.744 
21.728 
21.705 
21.69 
21.677 
21.681 
21.672 
h 
