26.989 
26.972 
26.923 
26.827 
26.674 
26.55 
26.513 
26.436 
26.315 
26.221 
26.12 
25.982 
25.885 
25.695 
25.397 
25.212 
25.39 
25.071 
25.04 
24.985 
24.911 
24.795 
24.949 
24.753 
24.746 
24.738 
24.724 
24.697 
24.658 
24.679 
h 
24.038 
24.021 
23.994 
23.934 
23.812 
23.583 
23.21 
22.808 
22.831 
22.617 
22.571 
22.503 
22.42 
22.314 
22.197 
22.114 
21.971 
21.79 
21.727 
21.74 
21.46 
21.384 
21.357 
21.346 
21.326 
21.288 
21.223 
21.125 
21.124 
21.083 
21.04 
21.033 
21.021 
20.999 
20.966 
20.932 
20.949 
20.913 
20.901 
20.899 
20.897 
20.893 
h 
20.768 
20.756 
20.751 
20.731 
20.697 
20.636 
20.54 
20.458 
20.43 
20.406 
20.391 
20.365 
20.327 
20.298 
20.453 
20.286 
20.284 
20.282 
20.278 
20.275 
20.269 
h 
20.221 
20.218 
20.209 
20.197 
20.171 
20.122 
20.03 
19.872 
19.711 
19.72 
19.655 
19.641 
19.622 
19.606 
19.588 
19.572 
19.552 
19.557 
19.53 
h 
19.332 
19.065 
18.785 
18.735 
18.714 
18.687 
18.652 
18.59 
18.489 
18.375 
18.566 
18.307 
18.282 
18.278 
18.272 
18.26 
18.24 
18.203 
18.156 
18.186 
h 
