25.235 
25.192 
25.078 
24.881 
24.759 
24.756 
24.754 
24.752 
24.749 
24.748 
24.747 
24.746 
h 
23.847 
23.782 
23.669 
23.587 
23.549 
23.471 
23.319 
23.059 
22.887 
22.841 
22.787 
22.724 
22.675 
22.605 
22.509 
22.413 
22.328 
22.242 
22.106 
22.091 
22.195 
21.918 
21.898 
21.865 
21.806 
21.704 
21.563 
21.451 
22.664 
21.39 
21.336 
21.331 
21.321 
21.301 
21.265 
21.203 
21.204 
21.161 
21.136 
21.13 
21.124 
21.111 
21.088 
21.048 
21.066 
21.151 
h 
20.395 
20.358 
20.344 
20.324 
20.289 
20.24 
20.152 
20.011 
19.853 
20.019 
19.806 
19.669 
19.653 
19.628 
19.589 
19.521 
19.408 
19.518 
19.475 
19.32 
19.316 
19.309 
19.296 
19.284 
19.26 
h 
18.88 
18.968 
18.799 
18.779 
18.756 
18.721 
18.694 
18.639 
18.595 
18.577 
18.567 
18.551 
18.541 
18.525 
18.514 
18.52 
h 
