25.226 
25.217 
25.192 
25.147 
25.095 
25.057 
25.032 
24.99 
h 
24.246 
24.338 
24.224 
24.208 
24.175 
24.118 
24.036 
23.994 
23.99 
23.985 
23.976 
23.96 
23.93 
23.901 
23.99 
23.881 
h 
23.408 
23.361 
23.316 
23.294 
23.26 
23.22 
23.149 
23.022 
22.841 
22.827 
22.744 
22.678 
22.666 
22.65 
22.62 
22.566 
22.5 
22.684 
22.454 
22.444 
22.425 
22.397 
22.409 
22.383 
h 
21.87 
21.824 
21.771 
21.756 
21.742 
21.72 
21.683 
21.633 
21.597 
21.557 
21.51 
21.497 
21.491 
21.469 
21.445 
21.421 
h 
