26.074 
26.004 
25.815 
25.494 
25.272 
25.262 
25.241 
25.201 
25.126 
25.012 
24.932 
25.24 
24.908 
24.906 
24.901 
24.895 
24.895 
24.891 
24.891 
24.889 
24.888 
h 
23.885 
23.841 
23.755 
23.654 
23.617 
23.558 
23.465 
23.356 
23.277 
23.166 
22.978 
22.658 
22.338 
22.493 
22.064 
22.009 
21.945 
21.889 
21.863 
21.812 
21.715 
21.564 
21.636 
21.493 
21.452 
21.443 
21.433 
21.414 
21.385 
21.359 
h 
21.177 
21.159 
21.135 
21.095 
21.023 
20.927 
20.81 
20.654 
20.569 
20.557 
20.509 
20.472 
20.444 
20.427 
20.407 
20.388 
20.395 
20.372 
20.368 
20.365 
20.359 
h 
20.516 
20.392 
20.328 
20.262 
20.165 
20.067 
20.026 
20.023 
20.018 
20.01 
20.005 
20.0 
20.001 
19.998 
19.997 
h 
