26.571 
26.454 
26.137 
25.576 
25.147 
25.128 
25.089 
25.025 
24.954 
24.909 
24.825 
24.712 
24.639 
24.611 
24.581 
24.572 
24.553 
24.524 
24.507 
24.491 
24.468 
24.447 
24.421 
24.389 
h 
23.641 
23.603 
23.569 
23.549 
23.525 
23.501 
23.48 
23.441 
h 
22.973 
23.133 
22.851 
22.734 
22.499 
22.093 
21.503 
20.978 
20.626 
20.473 
20.41 
20.334 
20.299 
20.243 
20.158 
20.048 
19.92 
19.862 
20.052 
19.803 
19.799 
19.791 
19.781 
19.768 
19.764 
h 
20.617 
20.073 
19.557 
19.536 
19.518 
19.509 
19.495 
19.471 
19.443 
19.46 
19.443 
h 
19.075 
19.034 
18.976 
18.902 
18.84 
18.792 
18.745 
18.679 
18.561 
18.39 
18.239 
18.184 
18.066 
18.021 
17.979 
17.944 
17.882 
17.804 
17.712 
17.81 
17.645 
17.528 
17.515 
17.495 
17.466 
17.413 
17.356 
17.367 
17.368 
17.306 
17.297 
17.289 
17.275 
17.252 
17.222 
17.188 
17.133 
18.322 
17.122 
17.12 
17.117 
17.109 
17.096 
17.078 
17.118 
17.067 
17.066 
h 
17.007 
17.003 
16.992 
16.968 
16.916 
16.817 
16.63 
16.301 
15.841 
15.791 
18.106 
15.528 
15.525 
15.519 
15.505 
15.483 
15.454 
15.445 
15.435 
15.419 
h 
