28.228 
27.995 
27.352 
26.173 
25.319 
25.287 
25.258 
25.228 
25.195 
25.15 
25.12 
25.108 
25.097 
h 
23.752 
23.639 
23.43 
23.268 
23.243 
23.19 
23.087 
22.899 
22.607 
22.326 
22.171 
22.371 
22.041 
22.023 
21.989 
21.931 
21.829 
21.736 
22.398 
21.624 
21.599 
21.557 
21.477 
21.332 
21.12 
21.839 
22.086 
20.994 
20.99 
20.983 
20.974 
20.959 
20.934 
20.9 
20.861 
20.856 
h 
21.002 
20.635 
20.48 
20.475 
20.464 
20.442 
20.398 
20.35 
20.318 
20.276 
20.255 
20.225 
20.2 
20.184 
20.151 
20.089 
19.98 
19.835 
20.966 
19.848 
19.815 
19.807 
19.794 
19.779 
19.762 
19.749 
19.781 
19.74 
h 
19.499 
19.465 
19.403 
19.343 
19.321 
19.306 
19.292 
19.269 
19.226 
19.161 
19.107 
19.094 
19.07 
19.057 
19.032 
18.994 
18.941 
19.012 
18.91 
18.9 
18.884 
18.857 
18.827 
18.778 
18.693 
18.777 
19.115 
18.612 
18.604 
18.596 
18.589 
18.578 
18.563 
18.542 
18.65 
18.528 
h 
18.469 
18.422 
18.334 
18.196 
18.084 
18.08 
18.078 
18.074 
18.066 
18.058 
18.04 
18.024 
h 
