27.959 
27.71 
27.037 
25.868 
24.939 
24.898 
24.826 
24.682 
24.405 
23.918 
23.266 
24.896 
24.308 
23.082 
23.063 
23.062 
23.06 
23.057 
23.05 
23.04 
23.032 
23.027 
h 
22.535 
22.53 
22.521 
22.504 
22.469 
22.41 
22.319 
22.206 
22.177 
22.115 
22.061 
21.998 
21.971 
21.942 
21.889 
21.815 
21.794 
21.733 
21.707 
21.659 
21.589 
21.565 
21.511 
21.475 
21.463 
21.454 
21.438 
21.406 
21.354 
21.304 
21.283 
21.273 
21.261 
21.25 
21.239 
21.22 
21.201 
21.173 
21.14 
h 
20.998 
20.72 
20.604 
20.601 
20.59 
20.57 
20.538 
20.476 
20.376 
20.322 
20.28 
20.248 
20.213 
20.186 
20.149 
20.113 
20.097 
20.085 
20.067 
20.052 
h 
19.537 
19.429 
19.397 
19.393 
19.389 
19.38 
19.364 
19.341 
19.364 
19.276 
19.247 
19.236 
19.218 
19.182 
19.12 
19.058 
19.052 
19.021 
19.012 
19.001 
18.993 
18.985 
18.97 
h 
