28.797 
28.512 
27.719 
26.255 
25.166 
25.108 
25.056 
24.969 
24.842 
24.846 
24.942 
24.765 
24.764 
24.761 
24.756 
24.75 
24.748 
h 
24.579 
24.561 
24.537 
24.488 
24.39 
24.213 
23.957 
23.792 
23.712 
23.671 
23.627 
23.554 
23.466 
23.498 
23.493 
23.397 
23.386 
23.363 
23.317 
23.234 
23.115 
23.3 
23.08 
23.071 
23.054 
23.021 
22.961 
22.871 
22.868 
22.814 
22.79 
22.785 
22.779 
22.766 
22.742 
22.705 
h 
22.277 
22.606 
22.251 
22.233 
22.196 
22.125 
22.002 
21.825 
21.697 
21.654 
21.596 
21.542 
21.528 
21.512 
21.483 
21.438 
21.45 
21.475 
21.357 
21.35 
21.336 
21.309 
21.258 
21.175 
21.128 
21.27 
21.088 
21.084 
21.077 
21.065 
21.048 
21.082 
h 
20.838 
20.789 
20.762 
20.76 
20.755 
20.745 
20.729 
20.706 
h 
