25.568 
25.531 
25.432 
25.255 
25.082 
24.988 
24.888 
24.763 
24.584 
24.491 
24.434 
24.405 
24.369 
24.34 
24.334 
24.331 
24.324 
24.311 
24.294 
24.284 
24.262 
24.222 
24.159 
h 
23.653 
23.705 
23.423 
23.372 
23.267 
23.067 
22.726 
22.291 
21.998 
21.819 
21.615 
21.364 
21.323 
21.968 
21.231 
21.226 
21.215 
21.194 
21.15 
21.068 
20.931 
20.898 
20.832 
20.781 
20.761 
20.732 
20.701 
20.678 
20.654 
20.622 
20.594 
20.578 
20.568 
20.549 
20.511 
h 
19.899 
19.895 
19.833 
19.799 
19.729 
19.6 
19.4 
19.233 
19.111 
19.378 
19.049 
19.031 
18.997 
18.94 
18.867 
18.765 
18.59 
18.378 
19.765 
18.315 
18.299 
18.273 
18.244 
18.192 
18.121 
18.191 
18.088 
18.069 
18.066 
18.061 
18.053 
18.039 
18.013 
h 
17.677 
17.525 
17.487 
17.416 
17.406 
17.395 
17.391 
17.391 
17.387 
17.385 
17.382 
h 
17.329 
17.321 
17.319 
17.31 
17.294 
17.263 
17.209 
17.135 
17.084 
17.01 
16.935 
16.81 
16.824 
16.713 
16.687 
16.641 
16.573 
16.467 
16.359 
17.621 
16.343 
16.338 
16.332 
16.322 
16.309 
16.295 
16.284 
16.273 
16.261 
h 
