24.977 
24.929 
24.799 
24.584 
24.449 
24.427 
24.387 
24.322 
24.237 
24.388 
24.279 
24.2 
24.199 
24.197 
24.194 
24.189 
h 
23.876 
23.821 
23.799 
23.754 
23.661 
23.482 
23.175 
22.858 
22.672 
22.606 
22.597 
22.576 
22.531 
22.448 
22.319 
22.399 
22.186 
22.144 
22.088 
21.992 
21.897 
21.859 
21.849 
21.834 
21.824 
21.819 
21.809 
21.793 
21.774 
21.754 
h 
21.368 
21.351 
21.335 
21.318 
21.285 
21.228 
21.136 
21.045 
21.03 
21.032 
21.007 
21.0 
20.988 
20.967 
20.951 
h 
20.351 
20.29 
20.223 
20.198 
20.161 
20.095 
19.994 
19.853 
19.757 
19.692 
19.656 
19.643 
19.633 
19.615 
19.585 
19.547 
19.51 
19.491 
19.459 
19.445 
19.424 
19.405 
19.376 
19.341 
19.307 
19.277 
19.333 
19.244 
19.239 
19.23 
19.222 
19.21 
19.191 
19.169 
19.284 
19.16 
h 
