0 1 0 0 0 
1 1 0 0 0 
0 0 0 0 0 
2 0 0 0 0 
4 0 0 0 0 
4 0 0 0 0 
6 0 0 0 0 
6 0 0 0 0 
6 0 1 0 0 
7 0 2 0 0 
8 0 2 1 0 
8 1 2 2 0 
9 2 2 2 0 
10 2 2 2 0 
12 2 3 2 0 
13 2 4 2 0 
14 2 4 2 0 
13 2 4 2 0 
12 1 6 3 0 
11 1 6 4 0 
13 2 6 3 0 
14 2 7 3 0 
15 2 7 4 0 
14 1 7 4 0 
16 1 7 8 0 
18 3 7 8 0 
19 3 8 9 0 
17 4 8 9 0 
17 5 7 9 0 
16 7 8 8 0 
14 10 8 8 0 
13 9 8 8 0 
14 9 11 9 0 
15 10 11 10 0 
18 8 10 11 0 
21 8 13 12 0 
25 10 16 14 0 
22 10 17 19 0 
20 12 17 19 0 
17 15 18 17 0 
16 17 20 16 0 
16 17 21 15 0 
15 20 20 16 0 
17 22 24 17 0 
19 23 25 18 0 
19 25 28 18 0 
19 25 33 19 0 
18 29 35 19 0 
17 31 34 21 0 
15 34 37 23 0 
20 34 37 25 0 
20 30 40 27 0 
21 30 41 31 0 
25 39 34 33 0 
26 38 36 34 0 
25 38 40 35 0 
23 42 41 37 0 
25 42 42 36 0 
29 39 41 35 0 
25 49 42 31 0 
23 44 47 29 0 
27 41 51 29 0 
25 43 52 31 0 
23 49 51 31 0 
23 51 55 31 0 
25 54 59 29 0 
27 53 60 31 0 
30 53 64 33 0 
33 55 65 32 0 
36 56 68 36 0 
34 57 72 37 0 
28 57 76 39 0 
30 58 83 38 0 
30 60 83 39 0 
26 53 80 39 0 
25 49 77 42 0 
25 46 77 44 3 
26 49 84 39 3 
26 48 88 37 3 
25 52 91 35 3 
26 54 89 29 3 
27 54 89 29 3 
29 56 97 29 3 
32 54 100 27 3 
29 56 96 32 3 
28 61 97 36 3 
31 63 97 32 3 
28 66 96 31 0 
27 73 93 30 0 
27 76 95 33 0 
27 81 94 38 0 
28 78 94 42 0 
29 79 100 42 0 
25 80 97 42 0 
24 84 101 46 0 
20 81 106 43 0 
18 85 111 39 0 
16 86 112 40 0 
17 88 108 44 0 
15 88 111 49 0 
17 83 119 47 0 
17 74 113 51 3 
15 78 119 54 3 
16 77 122 56 3 
14 74 125 58 3 
14 72 121 60 3 
13 72 126 62 3 
17 73 131 59 3 
15 72 135 63 3 
13 71 137 69 3 
11 69 134 66 3 
13 70 134 65 3 
15 70 137 61 3 
15 71 140 63 3 
15 81 142 64 3 
16 78 150 63 3 
15 83 167 64 3 
15 92 176 65 3 
13 88 189 66 3 
13 84 185 70 3 
14 88 194 71 3 
15 86 192 75 3 
17 87 199 73 3 
16 84 204 75 3 
18 86 214 76 3 
18 90 222 77 3 
18 88 220 73 3 
17 82 232 81 3 
16 85 240 78 3 
16 86 247 82 3 
16 84 262 79 3 
18 88 270 78 3 
17 87 270 84 3 
17 85 267 80 3 
20 88 275 80 3 
21 97 263 83 3 
25 99 262 85 3 
26 96 274 101 3 
27 101 283 106 3 
25 91 272 107 3 
28 95 266 112 3 
31 99 265 107 3 
29 102 275 110 3 
29 97 268 113 3 
26 90 274 121 3 
27 91 280 121 3 
29 90 281 120 3 
30 88 285 129 3 
34 85 286 136 3 
36 85 287 141 3 
32 86 272 147 3 
38 90 269 157 3 
42 87 288 163 3 
39 84 291 176 3 
35 81 300 168 3 
35 83 300 166 3 
35 81 305 170 3 
35 81 318 178 3 
34 78 316 176 3 
35 76 316 183 3 
33 73 326 194 3 
27 67 328 198 3 
27 62 341 195 3 
28 63 339 205 3 
32 65 345 210 3 
35 57 348 211 3 
39 58 347 217 3 
39 53 357 224 3 
36 55 364 229 3 
38 53 369 240 3 
41 52 372 243 3 
46 52 379 244 3 
42 47 389 251 3 
45 49 402 261 3 
41 54 409 264 3 
44 53 404 266 3 
47 56 399 266 3 
39 59 405 268 3 
38 64 397 275 3 
42 69 396 292 3 
42 70 403 295 3 
45 73 400 307 3 
45 66 414 312 3 
43 65 421 311 3 
44 67 413 306 3 
45 64 429 314 3 
47 65 434 321 3 
45 66 439 323 3 
42 67 433 327 3 
48 66 453 340 3 
52 67 451 355 3 
53 69 447 364 3 
54 70 434 383 0 
49 72 446 367 3 
45 71 457 370 3 
46 68 463 368 3 
44 70 455 372 3 
45 73 464 377 3 
47 74 485 374 3 
51 77 488 367 3 
51 84 499 375 3 
54 91 509 385 3 
56 99 520 406 3 
63 103 535 411 3 
64 104 533 417 3 
66 98 537 421 3 
68 96 564 428 3 
67 98 572 441 3 
67 99 578 432 3 
68 102 575 433 3 
65 104 585 422 3 
70 96 580 425 3 
66 93 590 417 3 
71 95 580 412 3 
74 109 587 442 3 
73 108 600 469 3 
73 105 608 482 3 
78 107 588 482 3 
76 110 609 473 3 
77 106 620 486 3 
85 109 623 492 3 
87 114 635 502 3 
86 123 621 488 3 
86 124 632 482 3 
89 117 635 485 3 
88 116 639 494 3 
87 122 638 495 3 
82 115 644 500 3 
82 112 655 502 3 
75 97 648 518 3 
79 94 642 527 3 
80 89 667 536 3 
81 90 674 542 3 
78 100 684 521 3 
80 94 670 516 3 
79 93 673 510 3 
75 89 669 522 3 
74 90 689 525 3 
76 100 707 530 3 
77 90 715 536 3 
75 83 717 553 3 
74 86 719 543 3 
72 87 704 550 3 
72 86 728 545 3 
76 87 731 549 3 
75 93 712 568 3 
74 95 716 548 3 
64 85 733 560 3 
68 82 748 557 3 
65 88 760 568 3 
63 94 783 569 3 
68 97 769 577 3 
71 108 768 581 3 
70 97 769 588 3 
67 93 779 582 3 
75 90 768 578 3 
83 93 783 577 3 
84 93 765 565 3 
89 87 774 575 3 
91 83 762 584 3 
97 79 775 580 3 
94 81 772 581 3 
99 80 776 576 3 
100 82 774 571 3 
101 80 768 571 3 
102 76 774 570 3 
101 78 770 586 3 
96 75 777 565 3 
100 70 790 577 3 
99 71 784 585 3 
96 74 783 589 3 
98 79 791 596 3 
101 83 785 603 3 
97 89 790 594 3 
98 89 799 570 3 
100 90 821 544 3 
99 91 830 560 3 
100 84 796 546 3 
103 82 826 551 3 
104 79 805 563 3 
101 78 825 561 3 
105 77 848 574 3 
104 81 845 568 3 
103 79 842 548 3 
110 77 829 547 3 
108 77 842 554 3 
111 75 849 537 3 
107 83 859 529 3 
107 83 857 535 3 
107 81 842 546 3 
106 81 843 525 3 
112 79 855 543 3 
115 71 843 555 3 
114 75 833 560 3 
111 69 817 567 3 
110 64 826 567 3 
111 67 845 565 3 
112 63 813 587 3 
114 62 796 574 3 
114 60 812 555 3 
109 67 837 555 3 
113 60 836 545 3 
119 63 827 556 3 
113 66 829 572 3 
117 64 810 586 3 
118 65 811 591 3 
118 68 792 591 3 
117 67 784 594 3 
123 72 794 614 3 
119 68 803 609 3 
120 67 799 609 3 
124 71 809 615 3 
130 73 824 623 3 
125 72 816 617 3 
130 69 824 613 3 
133 74 817 595 3 
140 79 813 582 3 
140 79 810 581 3 
139 75 801 584 3 
131 75 789 560 3 
135 71 758 550 3 
135 68 770 540 3 
137 70 779 554 3 
124 71 785 557 3 
119 78 797 576 3 
113 86 783 571 3 
118 87 782 578 3 
119 82 794 578 3 
131 76 790 598 3 
130 75 786 580 3 
127 76 778 588 3 
122 74 782 581 3 
128 79 784 593 3 
124 77 775 576 3 
123 85 789 594 3 
124 77 796 600 3 
125 73 783 604 3 
128 66 789 613 3 
123 67 772 600 3 
128 70 758 599 3 
127 78 772 588 3 
136 78 764 582 3 
126 79 776 575 3 
128 78 766 583 3 
136 81 765 575 3 
133 89 752 580 3 
135 93 741 578 3 
136 85 750 593 3 
130 86 738 585 3 
130 84 727 596 3 
128 84 712 599 3 
131 82 721 585 3 
124 82 740 574 3 
122 85 752 572 3 
125 84 755 570 3 
126 92 754 601 3 
129 94 761 611 3 
129 87 746 598 3 
128 89 760 600 3 
139 90 751 586 3 
145 92 750 576 3 
147 92 756 565 3 
147 92 773 568 3 
155 90 783 564 3 
146 88 775 584 3 
158 85 782 570 3 
164 84 769 571 3 
157 87 773 576 3 
150 92 781 575 3 
142 94 790 595 3 
140 99 776 594 3 
137 103 785 595 3 
138 105 790 573 3 
129 103 786 576 3 
133 101 812 582 3 
135 106 821 563 3 
135 99 818 565 3 
142 100 840 565 3 
146 99 835 573 3 
136 101 838 558 3 
135 102 843 567 3 
146 102 848 563 3 
140 96 858 561 3 
138 95 871 548 3 
147 94 873 546 3 
144 96 898 546 3 
135 92 892 540 3 
131 94 891 545 3 
130 88 908 555 3 
127 92 904 566 3 
132 96 892 557 3 
122 97 878 537 3 
124 93 881 556 3 
125 97 897 555 3 
123 97 891 561 3 
127 98 894 559 3 
121 100 910 549 3 
123 97 918 544 3 
123 93 935 536 3 
126 96 906 532 3 
124 99 941 542 3 
125 97 965 527 3 
128 97 956 533 3 
130 96 956 538 3 
136 93 925 527 3 
133 93 906 537 3 
133 88 909 533 3 
130 87 916 510 3 
126 87 922 511 3 
117 80 918 496 3 
112 88 914 506 3 
107 91 934 506 3 
103 91 927 494 3 
97 89 949 483 3 
100 84 938 480 3 
99 90 941 487 3 
103 89 950 499 3 
104 90 947 476 3 
106 84 951 487 3 
104 88 950 490 3 
108 89 964 498 3 
109 89 943 505 3 
109 89 940 498 3 
111 85 927 495 3 
110 85 933 486 3 
105 87 916 486 3 
104 84 942 493 3 
106 82 944 513 3 
108 81 955 504 3 
103 86 947 524 3 
104 87 971 526 3 
110 81 962 529 3 
110 78 944 539 3 
108 81 940 531 3 
108 88 937 551 3 
107 87 937 539 3 
102 82 932 516 3 
102 82 917 529 3 
101 85 900 535 3 
100 81 890 541 3 
100 80 876 541 3 
97 79 865 558 3 
98 81 862 557 3 
93 80 881 559 3 
92 78 868 553 3 
93 76 858 549 3 
91 73 874 553 3 
91 70 880 566 3 
93 71 895 551 3 
89 66 892 565 3 
87 69 894 545 3 
93 69 890 543 3 
100 74 880 520 3 
105 74 873 528 3 
108 75 888 515 3 
113 72 876 531 3 
115 73 898 537 3 
125 72 892 549 3 
124 74 910 541 3 
129 75 911 524 3 
128 73 928 520 3 
126 70 928 515 3 
127 67 927 516 3 
114 64 904 506 3 
112 68 907 493 3 
113 66 918 498 3 
114 62 915 486 3 
117 58 922 493 3 
120 51 910 501 3 
123 50 889 490 3 
122 52 910 483 3 
121 51 905 485 3 
120 47 915 488 3 
123 49 927 483 3 
122 44 935 490 3 
129 45 932 496 3 
131 46 941 497 3 
123 41 936 487 3 
135 39 944 483 3 
138 39 943 466 3 
143 35 954 452 3 
147 35 947 459 3 
148 33 958 462 3 
150 31 949 474 3 
152 32 958 473 3 
147 31 957 468 3 
145 34 957 475 3 
141 35 960 476 3 
138 34 941 477 3 
138 33 942 477 3 
141 34 958 486 3 
138 33 974 485 3 
145 33 960 476 3 
141 33 962 467 3 
128 32 964 461 3 
128 38 946 471 3 
130 38 965 473 3 
128 39 980 474 3 
123 39 973 486 3 
121 43 947 484 3 
128 41 944 477 3 
124 42 941 498 3 
125 44 914 491 3 
127 47 924 476 3 
125 50 934 481 3 
120 46 931 463 3 
122 46 929 457 3 
118 44 947 466 3 
114 45 932 470 3 
109 44 911 470 3 
110 48 907 465 3 
104 50 907 468 3 
105 52 929 470 3 
112 50 940 457 3 
108 51 942 449 3 
104 52 942 448 3 
104 56 960 454 3 
103 57 973 461 3 
106 61 984 454 3 
106 60 957 470 3 
106 55 951 453 3 
111 53 952 455 3 
116 49 940 458 3 
121 48 937 452 3 
120 45 953 458 3 
120 48 935 460 3 
113 45 931 453 3 
117 48 920 452 3 
117 50 932 458 3 
114 51 933 469 3 
116 50 948 458 3 
123 50 942 452 3 
116 48 946 460 3 
113 48 930 435 3 
111 52 939 448 3 
109 52 941 441 3 
112 52 939 455 3 
105 54 912 451 3 
109 54 882 446 3 
111 52 886 458 3 
114 54 911 452 3 
113 50 909 448 3 
109 48 917 467 3 
102 47 923 472 3 
97 44 917 455 3 
94 44 941 456 3 
97 46 940 457 3 
105 46 946 457 3 
100 44 950 466 3 
104 47 951 456 3 
115 54 932 459 3 
108 55 939 457 3 
99 60 944 457 3 
100 60 970 453 3 
103 61 974 461 3 
108 62 982 463 3 
103 62 949 460 3 
106 59 925 459 3 
116 60 916 456 3 
119 58 912 464 3 
112 58 927 459 3 
117 61 919 457 3 
116 56 935 471 3 
119 52 958 458 3 
113 58 978 470 3 
108 56 967 469 3 
107 52 952 472 3 
105 55 977 468 3 
103 54 985 455 3 
102 59 989 463 3 
104 58 971 464 3 
113 60 987 451 3 
105 62 973 453 3 
106 68 972 442 3 
105 72 967 448 3 
107 74 957 453 3 
109 66 966 455 3 
117 60 962 434 3 
113 58 971 446 3 
117 59 982 462 3 
110 59 982 459 3 
117 65 981 438 3 
118 65 998 451 3 
120 70 999 449 3 
114 63 997 447 3 
118 59 1001 444 3 
124 55 1010 464 3 
119 50 1013 442 3 
114 50 1011 423 3 
122 54 995 438 3 
117 52 984 426 3 
118 48 987 419 3 
121 45 1001 405 3 
120 49 1014 409 3 
117 46 1001 407 3 
127 44 1001 419 3 
127 44 1005 407 3 
132 43 990 405 3 
128 40 980 418 3 
128 43 1000 425 3 
127 43 994 434 3 
125 40 1016 411 3 
129 44 1009 409 3 
123 44 1012 420 3 
121 43 991 425 3 
121 36 989 429 3 
129 37 1020 416 3 
134 38 1006 403 3 
132 34 997 415 3 
133 37 999 418 3 
137 42 994 442 3 
131 42 953 444 3 
130 39 955 452 3 
124 41 968 457 3 
127 42 968 456 3 
133 43 968 452 3 
129 41 956 445 3 
124 43 934 464 3 
125 46 945 468 3 
129 44 945 465 3 
132 43 954 468 3 
133 40 957 473 3 
126 41 943 464 3 
119 40 951 470 3 
114 42 942 474 3 
104 43 936 466 3 
101 48 915 458 3 
111 51 924 453 3 
107 51 920 452 3 
113 47 916 439 3 
115 47 921 437 3 
116 47 929 438 3 
112 46 937 427 3 
118 46 920 432 3 
111 39 941 429 3 
110 38 925 432 3 
103 39 927 432 3 
105 38 928 445 3 
104 39 930 456 3 
100 38 911 456 3 
106 39 911 450 3 
106 37 902 448 3 
98 40 899 444 3 
103 39 915 453 3 
102 36 919 451 3 
106 38 917 440 3 
109 42 923 449 3 
116 42 937 453 3 
119 47 950 451 3 
124 49 953 455 3 
127 51 976 455 3 
117 51 961 441 3 
116 53 962 429 3 
123 60 949 420 3 
128 64 963 425 3 
127 70 919 414 3 
129 69 929 414 3 
127 65 907 410 3 
126 66 917 412 3 
120 64 933 418 3 
121 59 947 417 3 
123 60 937 411 3 
127 55 920 403 3 
130 52 918 396 3 
125 55 907 403 3 
123 54 933 415 3 
120 53 944 416 3 
113 51 929 437 3 
114 53 928 440 3 
122 54 927 426 3 
115 55 902 427 3 
104 51 914 434 3 
99 56 915 428 3 
96 62 923 412 3 
94 62 913 424 3 
86 63 905 409 3 
87 67 922 423 3 
83 65 934 416 3 
85 64 906 432 3 
87 59 923 437 3 
90 58 922 427 3 
92 61 945 426 3 
94 58 931 437 3 
98 59 898 428 3 
97 59 883 417 3 
107 59 906 409 3 
105 59 915 408 3 
101 58 925 413 3 
93 60 913 417 3 
96 57 922 413 3 
105 56 942 398 3 
107 57 921 396 3 
105 59 909 406 3 
104 58 921 407 3 
111 54 922 409 3 
110 54 914 409 3 
113 54 902 417 3 
111 53 897 414 3 
113 56 897 413 3 
116 54 932 410 3 
116 53 939 392 3 
109 50 946 384 3 
119 48 936 386 3 
119 48 930 397 3 
126 44 942 394 3 
124 42 966 402 3 
124 39 985 396 3 
127 43 972 388 3 
131 40 984 391 3 
132 40 985 388 3 
136 44 988 393 3 
125 46 981 404 3 
129 44 991 401 3 
133 45 983 395 3 
125 43 990 404 3 
123 40 1015 401 3 
124 38 1001 394 3 
120 40 1005 379 3 
117 46 1018 386 3 
116 47 1014 388 3 
121 46 1011 393 3 
120 44 993 392 3 
119 40 963 387 3 
125 40 970 375 3 
124 36 987 377 3 
127 36 961 369 3 
132 31 962 378 3 
136 34 959 386 3 
138 33 943 389 3 
144 31 936 384 3 
146 34 924 382 3 
150 28 937 389 3 
149 30 926 386 3 
155 33 943 394 3 
151 33 962 388 3 
150 32 955 386 3 
153 32 943 390 3 
155 29 967 381 3 
157 35 937 379 3 
160 36 933 379 3 
164 38 921 388 3 
164 33 919 393 3 
174 29 928 405 3 
177 30 933 401 3 
186 25 931 390 3 
180 26 933 390 3 
187 27 914 407 3 
182 24 928 402 3 
178 24 905 389 3 
183 24 921 396 3 
182 26 950 395 3 
179 22 940 403 3 
182 23 953 406 3 
179 23 970 410 3 
176 25 943 412 3 
184 25 959 411 3 
190 26 945 403 3 
196 27 929 408 3 
203 28 920 406 3 
200 27 914 406 3 
200 29 916 416 3 
210 31 926 402 3 
206 29 892 406 3 
208 30 882 408 3 
213 33 899 395 3 
205 33 908 382 3 
208 35 897 373 3 
200 34 899 387 3 
194 35 902 394 3 
199 32 899 399 3 
199 32 913 386 3 
198 34 903 381 3 
200 34 918 387 3 
195 32 915 375 3 
187 31 914 370 3 
189 32 923 372 3 
196 30 941 375 3 
201 32 946 384 3 
198 35 964 372 3 
202 35 963 376 3 
202 35 953 383 3 
212 29 945 388 3 
211 29 930 404 3 
222 29 933 395 3 
226 29 922 396 3 
231 33 911 395 3 
231 34 890 402 3 
239 31 881 404 3 
243 26 876 395 3 
248 22 887 399 3 
246 25 883 393 3 
250 26 860 397 3 
247 28 841 397 3 
242 27 854 392 3 
244 30 869 389 3 
249 33 852 390 3 
241 35 845 385 3 
241 33 830 385 3 
241 32 827 380 3 
235 33 826 387 3 
237 32 825 395 3 
236 30 850 388 3 
247 27 846 388 3 
246 31 863 390 3 
249 33 873 397 3 
245 32 880 397 3 
239 34 878 391 3 
234 34 882 390 3 
236 35 863 377 3 
237 35 865 385 3 
227 39 857 387 3 
225 38 875 377 3 
229 39 860 376 3 
234 41 869 367 3 
249 47 874 366 3 
251 51 884 369 3 
257 50 887 367 3 
256 55 884 371 3 
260 50 904 369 3 
261 48 902 368 3 
256 48 896 357 3 
262 49 908 349 3 
251 49 895 350 3 
248 51 892 355 3 
249 51 880 347 3 
251 51 892 357 3 
266 52 884 344 3 
254 49 873 350 3 
251 47 886 352 3 
246 46 899 346 3 
243 48 880 353 3 
234 51 890 339 3 
230 50 898 327 3 
228 49 876 341 3 
230 51 879 344 3 
223 47 871 346 3 
222 48 865 329 3 
233 57 857 335 3 
237 60 861 334 3 
234 54 858 324 3 
236 52 846 317 3 
232 54 848 314 3 
244 49 847 317 3 
227 48 859 324 3 
237 42 872 327 3 
222 40 891 330 3 
208 39 885 335 3 
209 39 881 325 3 
214 37 885 329 3 
225 36 898 340 3 
216 38 904 353 3 
208 42 900 354 3 
209 47 898 344 3 
210 47 895 336 3 
205 45 899 343 3 
224 47 903 341 3 
224 48 876 348 3 
223 44 883 328 3 
220 45 900 329 3 
224 46 927 329 3 
216 45 944 325 3 
214 42 937 329 3 
220 37 949 328 3 
208 38 951 308 3 
208 39 950 312 3 
215 41 949 316 3 
212 40 955 308 3 
212 41 964 313 3 
206 37 972 329 3 
208 33 961 321 3 
203 33 959 312 3 
209 33 961 330 3 
199 30 941 328 3 
198 31 949 332 3 
196 29 950 332 3 
205 29 954 322 3 
203 30 940 328 3 
203 27 931 343 3 
200 29 935 333 3 
195 30 937 330 3 
197 28 948 337 3 
194 32 947 337 3 
186 34 947 348 3 
180 33 948 346 3 
181 35 930 352 3 
182 35 924 360 3 
183 31 931 351 3 
186 33 927 352 3 
178 32 923 337 3 
173 31 944 327 3 
176 35 942 340 3 
171 35 935 352 3 
160 37 944 348 3 
167 39 934 346 3 
177 40 889 342 3 
187 44 900 335 3 
181 34 877 336 3 
182 33 883 323 3 
168 34 872 322 3 
161 35 885 317 3 
158 37 882 336 3 
150 34 889 342 3 
148 34 898 351 3 
151 32 905 361 3 
151 31 883 372 3 
140 30 868 389 3 
147 30 880 387 3 
148 30 898 394 3 
156 30 891 389 3 
154 30 881 395 3 
160 33 885 388 3 
158 31 899 392 3 
157 35 900 378 3 
158 38 910 379 3 
154 38 919 370 3 
149 35 916 365 3 
150 36 911 377 3 
151 37 917 376 3 
150 38 910 368 3 
153 40 916 374 3 
158 38 926 370 3 
163 41 931 361 3 
160 40 937 365 3 
151 43 931 365 3 
144 43 921 368 3 
139 44 907 383 3 
140 45 920 390 3 
138 48 929 391 3 
144 46 928 379 3 
147 52 928 379 3 
152 54 928 400 3 
145 57 940 390 3 
153 55 925 394 3 
151 47 919 379 3 
148 42 919 369 3 
140 41 911 373 3 
150 45 909 380 3 
155 51 897 383 3 
146 50 923 380 3 
149 49 944 380 3 
146 48 938 381 3 
141 47 926 385 3 
143 49 911 377 3 
148 46 932 367 3 
137 48 912 370 3 
134 47 918 361 3 
134 45 908 352 3 
131 45 911 353 3 
128 51 925 352 3 
130 53 923 349 3 
135 55 944 357 3 
133 59 950 354 3 
130 56 961 348 3 
140 53 963 355 3 
150 53 976 369 3 
144 49 1013 369 3 
145 49 1008 368 3 
142 53 999 359 3 
144 49 1021 358 3 
156 46 1025 365 3 
158 47 1041 366 3 
150 48 1021 361 3 
141 52 1019 368 3 
141 50 1004 349 3 
140 57 1027 342 3 
139 57 1027 341 3 
140 55 1028 329 3 
140 50 1022 325 3 
144 52 1026 335 3 
150 46 1036 337 3 
154 50 1046 333 3 
159 45 1038 346 3 
156 42 1024 348 3 
151 43 1010 353 3 
143 38 1013 346 3 
148 39 1019 344 3 
140 40 1032 339 3 
134 38 1057 337 3 
140 37 1069 343 3 
135 37 1050 330 3 
137 40 1056 337 3 
141 39 1054 342 3 
139 40 1061 341 3 
142 38 1067 335 3 
140 38 1054 329 3 
131 39 1051 326 3 
128 38 1041 322 3 
132 40 1015 322 3 
129 36 1015 333 3 
126 37 1006 353 3 
125 36 1003 357 3 
120 39 995 354 3 
124 37 1009 361 3 
127 35 1017 369 3 
126 34 1025 369 3 
126 32 1022 369 3 
132 27 1035 370 3 
127 26 1037 382 3 
124 28 1038 370 3 
125 26 1051 365 3 
