0 0 0 1 0 
0 1 0 2 0 
0 2 0 2 0 
0 2 1 1 0 
0 2 1 2 0 
0 3 1 2 0 
0 2 1 3 0 
1 2 1 3 0 
1 2 1 4 0 
2 3 0 5 0 
2 3 0 5 0 
3 3 0 4 0 
3 3 1 4 0 
3 4 2 2 0 
3 4 1 3 0 
3 4 2 3 0 
5 4 2 3 0 
6 5 1 5 0 
6 5 2 4 0 
7 6 3 5 0 
7 8 3 5 0 
8 7 3 8 0 
10 7 3 7 0 
12 8 2 7 0 
11 9 2 6 0 
9 9 2 7 0 
10 9 2 8 0 
10 10 2 9 0 
11 12 2 7 0 
12 10 0 5 0 
12 9 0 6 0 
14 9 0 6 0 
16 9 0 7 0 
12 8 0 6 0 
14 7 0 6 0 
17 6 0 4 0 
18 6 1 4 0 
19 6 1 7 0 
21 6 1 8 0 
21 8 1 6 0 
23 9 1 5 0 
24 8 1 6 1 
22 11 2 7 0 
23 12 3 10 0 
23 14 4 11 0 
19 16 4 14 0 
21 18 4 16 0 
22 18 3 18 0 
25 19 3 18 0 
25 18 3 20 0 
24 18 4 20 0 
20 19 5 19 0 
21 20 6 22 0 
20 18 6 23 0 
17 19 9 23 0 
20 19 9 25 0 
21 19 9 25 0 
25 20 7 25 0 
21 20 7 28 0 
23 21 8 27 0 
24 23 9 28 0 
22 26 9 28 0 
25 24 10 26 0 
28 21 11 24 0 
29 22 12 25 0 
32 23 14 23 0 
32 25 12 24 0 
29 29 14 21 0 
28 27 17 21 0 
30 32 15 20 0 
29 32 19 20 0 
31 32 18 19 0 
34 35 18 18 0 
34 32 18 19 0 
34 36 23 22 0 
37 37 22 22 0 
35 40 21 24 0 
35 39 24 25 0 
34 36 26 28 0 
34 39 26 28 0 
35 36 24 30 0 
34 37 27 32 0 
36 34 26 32 0 
40 35 24 35 0 
39 38 27 32 0 
35 38 29 33 0 
28 34 31 34 0 
32 35 31 34 0 
33 35 33 33 0 
34 32 37 30 0 
35 32 40 34 0 
39 31 39 40 0 
40 35 48 39 0 
39 33 50 42 0 
45 35 52 41 0 
48 35 52 43 0 
45 35 55 47 0 
44 32 56 51 0 
43 33 57 54 0 
42 35 60 58 0 
44 38 65 61 0 
46 42 72 56 0 
42 42 77 56 0 
42 49 77 56 0 
40 48 80 58 0 
40 44 82 59 0 
44 45 90 63 0 
44 41 89 64 0 
41 41 87 66 0 
42 42 95 64 0 
46 41 98 65 3 
45 44 99 69 0 
47 47 99 71 0 
50 43 100 75 0 
53 46 94 79 0 
57 50 95 88 0 
57 51 93 89 0 
59 52 103 92 0 
58 48 108 98 0 
62 47 108 96 0 
66 45 98 89 0 
63 49 91 91 0 
62 47 96 92 0 
67 47 98 99 0 
67 51 104 101 0 
66 47 109 111 0 
74 46 112 109 0 
71 43 117 113 0 
68 46 116 122 0 
62 49 109 126 0 
60 51 112 128 0 
63 49 122 130 0 
70 49 123 131 0 
71 47 125 141 0 
75 46 121 145 0 
81 50 117 145 0 
84 51 123 146 0 
78 48 131 151 0 
81 47 134 136 0 
73 45 135 138 0 
74 43 139 140 0 
81 44 148 142 0 
81 45 153 148 0 
80 46 161 161 0 
80 45 158 169 0 
80 48 168 169 0 
81 49 177 174 0 
83 48 179 174 0 
81 43 190 180 0 
79 41 196 192 0 
84 37 199 200 0 
76 35 214 211 0 
71 35 223 218 0 
74 34 220 223 0 
70 35 237 237 0 
68 34 246 229 0 
70 38 256 223 0 
71 35 256 223 0 
71 37 260 225 0 
75 39 265 236 0 
79 40 274 240 0 
79 44 273 250 0 
86 43 270 261 0 
87 45 268 259 0 
93 45 273 270 0 
93 47 282 266 0 
90 44 286 255 0 
95 44 302 247 0 
97 39 312 249 3 
96 44 336 257 3 
95 50 345 258 3 
101 54 332 272 0 
103 51 338 269 3 
106 51 342 258 3 
112 51 341 254 3 
115 48 337 265 3 
116 50 353 273 3 
114 51 360 280 3 
119 49 345 281 0 
126 48 353 294 0 
127 52 346 298 0 
126 54 332 296 0 
127 49 341 303 0 
122 50 355 303 0 
126 53 352 295 0 
128 55 368 298 3 
123 54 368 294 3 
112 53 361 305 0 
110 48 373 315 0 
120 48 376 317 0 
118 46 388 324 0 
122 53 387 330 0 
125 53 392 330 0 
124 59 391 327 0 
128 60 396 324 3 
126 54 412 324 3 
121 53 421 317 3 
121 53 425 339 3 
127 58 423 343 3 
125 59 427 345 3 
123 62 427 340 3 
121 64 432 352 3 
119 67 432 356 3 
120 73 442 370 0 
127 76 442 371 0 
130 82 447 375 0 
139 76 440 379 0 
137 76 442 367 3 
130 74 442 375 0 
131 76 435 380 0 
134 73 441 380 0 
132 76 451 383 0 
137 77 460 375 3 
131 79 470 385 3 
135 84 490 395 3 
128 82 496 404 3 
124 83 499 405 3 
123 82 509 396 3 
119 81 504 395 3 
115 75 504 397 3 
115 75 509 385 3 
118 70 505 401 3 
115 68 512 390 3 
119 66 512 401 3 
121 64 519 414 3 
117 66 525 417 3 
128 65 536 433 3 
126 69 538 449 3 
132 72 544 451 3 
128 73 530 452 0 
131 75 538 464 0 
120 73 534 467 0 
114 75 549 468 0 
114 72 564 456 3 
122 78 550 447 3 
124 81 557 444 3 
116 79 546 444 3 
119 83 534 439 3 
119 82 534 458 0 
116 85 552 455 3 
123 89 569 443 3 
131 81 579 462 3 
131 80 566 478 3 
133 77 574 471 3 
137 75 582 477 3 
137 80 598 470 3 
133 82 597 474 3 
137 87 623 481 3 
146 88 639 480 3 
143 89 636 485 3 
139 93 622 482 3 
135 101 631 484 3 
135 96 625 472 3 
134 99 627 464 3 
133 98 623 471 3 
129 91 633 454 3 
136 90 643 461 3 
131 91 636 482 3 
130 83 628 486 3 
135 79 652 473 3 
145 85 645 490 3 
143 81 633 493 3 
149 79 649 474 3 
142 82 652 484 3 
151 83 659 474 3 
147 95 672 485 3 
147 98 671 482 3 
147 100 664 491 3 
145 97 655 476 3 
143 94 645 475 3 
142 91 655 485 3 
146 93 663 502 3 
142 92 671 512 3 
137 93 690 510 3 
135 87 677 504 3 
146 79 672 489 3 
143 80 681 478 3 
138 78 695 477 3 
140 80 708 468 3 
144 81 682 457 3 
149 81 694 464 3 
152 85 719 464 3 
139 85 729 465 3 
144 86 764 456 3 
145 88 775 446 3 
151 93 768 429 3 
157 91 770 449 3 
159 89 764 441 3 
160 84 762 440 3 
158 83 762 431 3 
161 83 761 430 3 
163 88 772 440 3 
158 88 748 438 3 
170 82 740 440 3 
168 81 748 443 3 
165 78 744 446 3 
171 72 763 443 3 
177 76 780 447 3 
187 79 773 455 3 
187 77 773 460 3 
174 70 791 467 3 
173 72 773 467 3 
175 75 767 497 3 
171 71 781 497 3 
173 71 779 490 3 
169 68 771 479 3 
167 64 770 472 3 
167 67 763 457 3 
174 64 767 465 3 
177 63 765 465 3 
176 58 763 482 3 
178 59 783 489 3 
180 57 788 491 3 
185 56 786 481 3 
187 50 794 486 3 
182 46 805 481 3 
195 45 797 487 3 
204 51 792 494 3 
206 51 784 506 3 
207 52 797 514 3 
202 55 817 504 3 
202 59 794 507 3 
200 58 799 511 3 
196 53 807 511 3 
189 53 807 511 3 
194 51 807 518 3 
195 54 804 512 3 
186 50 797 509 3 
183 55 818 504 3 
181 55 840 522 3 
178 53 829 512 3 
176 53 852 503 3 
183 54 850 491 3 
179 55 871 499 3 
172 55 873 499 3 
167 55 874 500 3 
164 55 888 493 3 
176 56 893 492 3 
176 60 894 481 3 
180 60 910 474 3 
182 64 895 479 3 
182 62 896 479 3 
190 62 890 485 3 
186 60 873 498 3 
191 66 872 492 3 
188 64 863 487 3 
184 61 857 493 3 
181 62 843 490 3 
185 65 854 488 3 
173 59 858 509 3 
166 61 855 511 3 
164 61 858 503 3 
163 61 864 494 3 
170 65 874 490 3 
166 61 895 500 3 
175 56 896 501 3 
176 55 921 502 3 
182 53 911 495 3 
182 50 894 490 3 
178 51 901 477 3 
186 53 906 468 3 
177 50 931 473 3 
180 46 913 469 3 
170 45 913 480 3 
170 46 894 487 3 
165 46 886 471 3 
171 46 892 467 3 
176 48 888 476 3 
173 55 886 459 3 
174 61 902 451 3 
170 62 912 442 3 
168 64 894 449 3 
166 66 908 458 3 
169 68 918 453 3 
167 66 932 463 3 
159 64 931 456 3 
170 60 928 464 3 
166 65 927 469 3 
165 61 936 455 3 
154 54 928 445 3 
156 54 935 445 3 
154 52 930 444 3 
156 55 926 460 3 
155 54 926 460 3 
157 59 918 458 3 
155 54 924 466 3 
156 55 924 469 3 
158 58 941 450 3 
155 59 928 443 3 
160 58 910 435 3 
162 53 922 443 3 
161 45 919 445 3 
150 43 898 428 3 
151 41 898 429 3 
152 43 912 434 3 
156 43 912 442 3 
149 42 918 440 3 
157 43 911 435 3 
162 45 937 430 3 
151 45 926 424 3 
144 46 925 432 3 
154 45 929 441 3 
153 47 941 438 3 
158 48 961 439 3 
159 52 977 445 3 
147 53 994 447 3 
145 53 978 458 3 
149 47 953 454 3 
151 46 952 440 3 
147 47 949 440 3 
143 45 975 432 3 
135 45 982 434 3 
133 44 963 431 3 
138 43 935 421 3 
142 47 956 421 3 
139 52 1002 434 3 
144 50 1006 420 3 
146 53 1027 411 3 
137 51 1048 425 3 
137 55 1040 431 3 
134 58 1032 421 3 
129 57 1026 431 3 
134 50 1056 447 3 
129 51 1022 448 3 
133 48 1039 461 3 
128 45 1044 476 3 
134 47 1039 468 3 
131 47 1024 475 3 
124 47 1054 477 3 
121 43 1048 448 3 
120 39 1025 451 3 
117 36 1006 462 3 
112 29 1012 478 3 
111 27 1017 496 3 
106 25 994 499 3 
109 30 1007 507 3 
103 30 1018 508 3 
112 31 1019 516 3 
112 34 1007 508 3 
107 37 1021 500 3 
113 34 1000 486 3 
116 40 991 480 3 
121 37 971 476 3 
120 38 972 482 3 
114 36 965 471 3 
111 34 957 462 3 
115 35 954 453 3 
113 34 959 459 3 
113 29 960 460 3 
113 32 944 447 3 
109 31 946 446 3 
117 32 954 444 3 
129 31 959 450 3 
129 29 974 460 3 
124 26 965 466 3 
120 25 983 473 3 
119 25 989 460 3 
121 26 979 471 3 
125 29 976 486 3 
121 28 970 483 3 
110 31 971 494 3 
106 27 989 493 3 
105 30 995 471 3 
102 29 988 479 3 
96 28 982 477 3 
94 25 982 480 3 
92 24 968 475 3 
92 23 959 474 3 
99 22 975 475 3 
104 21 992 464 3 
109 19 1010 458 3 
104 18 994 453 3 
111 19 978 446 3 
119 23 963 444 3 
114 25 975 454 3 
112 26 994 446 3 
107 24 1018 458 3 
113 24 1014 455 3 
118 24 1021 464 3 
116 24 1012 458 3 
110 23 1030 459 3 
124 24 1019 452 3 
127 27 1011 461 3 
122 23 1004 455 3 
118 24 998 467 3 
115 23 987 467 3 
112 21 1000 483 3 
112 20 1001 475 3 
105 19 1010 485 3 
108 20 984 491 3 
113 17 987 487 3 
123 19 993 490 3 
127 18 963 486 3 
125 18 979 473 3 
120 19 962 487 3 
119 20 989 484 3 
125 25 987 497 3 
116 27 959 507 3 
111 24 959 506 3 
109 21 946 515 3 
107 26 954 520 3 
98 24 965 528 3 
102 26 949 551 3 
104 26 941 535 3 
106 23 934 521 3 
109 22 954 524 3 
115 22 928 519 3 
125 23 947 528 3 
113 22 946 529 3 
114 20 938 524 3 
114 21 938 516 3 
116 21 935 512 3 
116 26 949 516 3 
118 26 955 518 3 
113 27 966 517 3 
116 23 948 517 3 
113 24 944 511 3 
111 24 937 526 3 
111 23 958 517 3 
113 19 981 519 3 
112 19 971 516 3 
107 19 954 519 3 
108 18 949 525 3 
110 17 943 519 3 
111 17 944 514 3 
106 18 930 516 3 
103 16 931 506 3 
108 16 947 496 3 
111 16 962 487 3 
109 17 974 487 3 
103 17 978 493 3 
108 20 957 479 3 
114 22 971 463 3 
122 22 977 473 3 
120 23 977 470 3 
119 26 972 482 3 
108 26 969 490 3 
106 23 995 479 3 
109 23 961 492 3 
109 22 954 479 3 
108 24 959 483 3 
113 22 979 490 3 
118 21 991 472 3 
113 19 977 476 3 
113 20 958 467 3 
115 20 967 473 3 
112 20 979 481 3 
114 23 981 469 3 
110 21 963 452 3 
112 19 956 451 3 
112 18 947 442 3 
116 17 948 443 3 
104 20 949 452 3 
113 19 960 455 3 
113 19 951 459 3 
113 21 947 466 3 
118 22 934 447 3 
115 21 959 442 3 
121 23 956 435 3 
122 26 966 453 3 
122 26 970 452 3 
118 29 980 437 3 
117 25 981 432 3 
114 22 991 431 3 
116 24 1003 432 3 
122 25 1004 432 3 
126 24 1021 432 3 
131 23 1034 430 3 
143 25 1031 432 3 
135 26 1021 423 3 
134 23 1034 418 3 
140 25 1050 409 3 
147 28 1049 414 3 
154 31 1068 402 3 
156 32 1066 399 3 
168 30 1056 403 3 
174 30 1056 402 3 
178 34 1069 397 3 
173 31 1081 393 3 
182 37 1095 374 3 
183 37 1105 376 3 
184 34 1091 373 3 
187 34 1092 359 3 
187 33 1110 357 3 
186 33 1106 348 3 
182 37 1098 339 3 
185 42 1094 333 3 
182 42 1106 334 3 
186 44 1106 331 3 
186 43 1105 322 3 
175 43 1089 314 3 
182 47 1111 307 3 
184 45 1107 299 3 
179 44 1078 293 3 
181 41 1082 278 3 
182 43 1085 271 3 
187 34 1107 258 3 
179 36 1103 260 3 
178 38 1097 255 3 
169 33 1076 254 3 
169 35 1080 262 3 
170 35 1080 270 3 
167 30 1078 262 3 
161 29 1059 258 3 
151 27 1072 257 3 
149 29 1076 271 3 
156 28 1066 283 3 
152 30 1079 275 3 
154 30 1081 279 3 
167 33 1077 278 3 
158 34 1092 274 3 
149 39 1084 282 3 
148 36 1090 293 3 
147 34 1090 291 3 
151 34 1112 288 3 
157 30 1141 291 3 
164 31 1126 300 3 
161 30 1117 288 3 
153 25 1120 293 3 
149 29 1143 286 3 
154 32 1129 293 3 
154 31 1128 289 3 
150 32 1136 295 3 
153 26 1133 307 3 
147 28 1127 292 3 
141 32 1118 279 3 
139 27 1108 279 3 
150 26 1116 277 3 
148 25 1133 265 3 
139 28 1163 274 3 
141 29 1148 278 3 
138 28 1110 260 3 
140 28 1095 265 3 
135 27 1073 253 3 
133 28 1083 251 3 
137 23 1101 243 3 
135 25 1120 246 3 
138 24 1140 253 3 
135 23 1134 248 3 
150 25 1106 244 3 
155 29 1087 235 3 
158 29 1088 233 3 
158 29 1110 237 3 
157 27 1114 232 3 
158 25 1109 236 3 
154 25 1103 241 3 
152 27 1106 236 3 
159 26 1121 232 3 
158 25 1124 243 3 
153 25 1137 252 3 
148 23 1124 258 3 
138 23 1113 253 3 
139 21 1115 250 3 
138 20 1118 243 3 
148 21 1128 237 3 
148 20 1118 235 3 
150 17 1115 244 3 
149 15 1145 250 3 
151 18 1136 253 3 
158 17 1141 248 3 
163 18 1150 252 3 
154 17 1164 260 3 
153 12 1172 264 3 
160 12 1183 259 3 
165 12 1167 262 3 
158 11 1162 259 3 
160 11 1141 257 3 
155 12 1142 248 3 
158 12 1154 252 3 
160 12 1148 236 3 
164 11 1163 233 3 
166 11 1182 220 3 
166 9 1216 219 3 
172 9 1198 216 3 
166 10 1200 204 3 
159 9 1202 197 3 
153 9 1177 200 3 
156 9 1181 195 3 
154 10 1193 196 3 
149 9 1212 198 3 
147 9 1229 209 3 
145 8 1215 208 3 
145 8 1190 199 3 
146 10 1203 200 3 
142 9 1206 212 3 
147 9 1219 215 3 
150 8 1214 215 3 
148 8 1209 206 3 
146 9 1227 211 3 
138 9 1205 223 3 
142 10 1227 220 3 
142 13 1228 212 3 
149 13 1239 199 3 
149 13 1233 195 3 
155 13 1207 195 3 
159 18 1212 202 3 
162 21 1196 198 3 
165 21 1191 203 3 
166 15 1194 202 3 
165 15 1198 198 3 
159 19 1212 203 3 
158 20 1194 204 3 
155 17 1182 201 3 
150 15 1179 195 3 
152 15 1180 197 3 
148 15 1187 205 3 
136 13 1188 205 3 
134 16 1180 209 3 
136 19 1187 218 3 
137 19 1204 222 3 
138 18 1230 233 3 
136 18 1227 215 3 
137 18 1232 223 3 
136 18 1219 223 3 
133 18 1217 224 3 
136 18 1217 220 3 
131 16 1229 235 3 
126 15 1215 235 3 
122 17 1208 238 3 
124 17 1212 241 3 
123 16 1208 245 3 
124 21 1213 236 3 
122 20 1194 235 3 
121 23 1210 233 3 
117 22 1199 224 3 
116 21 1193 229 3 
110 23 1208 222 3 
108 27 1226 231 3 
114 28 1209 238 3 
103 27 1195 232 3 
98 28 1229 236 3 
99 27 1236 241 3 
99 23 1243 245 3 
104 25 1218 238 3 
99 27 1225 238 3 
96 31 1211 243 3 
94 28 1226 228 3 
88 29 1217 227 3 
85 30 1232 232 3 
91 28 1210 238 3 
86 27 1214 235 3 
87 27 1219 239 3 
86 31 1210 252 3 
86 29 1219 254 3 
86 33 1210 262 3 
81 32 1208 255 3 
75 29 1195 265 3 
73 28 1222 270 3 
76 29 1221 260 3 
76 30 1229 260 3 
82 29 1218 260 3 
82 24 1215 260 3 
78 27 1218 252 3 
74 27 1226 262 3 
73 29 1242 263 3 
68 27 1242 262 3 
71 29 1256 257 3 
68 28 1241 259 3 
69 30 1268 255 3 
71 29 1257 255 3 
69 27 1242 254 3 
68 29 1250 239 3 
73 27 1258 252 3 
71 28 1253 255 3 
68 29 1274 254 3 
71 27 1269 259 3 
73 31 1255 255 3 
66 31 1256 254 3 
76 29 1256 256 3 
74 26 1265 247 3 
79 25 1268 245 3 
81 26 1261 244 3 
78 25 1258 243 3 
79 26 1243 241 3 
84 30 1234 245 3 
85 33 1232 242 3 
77 31 1211 233 3 
74 32 1227 254 3 
73 30 1232 258 3 
72 30 1240 260 3 
71 31 1229 251 3 
64 29 1259 256 3 
66 29 1248 263 3 
62 29 1266 256 3 
67 33 1243 253 3 
73 31 1245 251 3 
75 30 1261 246 3 
76 27 1267 248 3 
74 27 1243 249 3 
77 29 1211 248 3 
70 30 1231 262 3 
68 33 1240 253 3 
61 35 1223 252 3 
61 28 1224 254 3 
63 25 1230 254 3 
63 26 1210 257 3 
66 24 1199 262 3 
64 25 1196 262 3 
71 24 1198 258 3 
78 21 1221 267 3 
73 21 1247 264 3 
74 20 1235 265 3 
71 21 1252 261 3 
68 20 1230 257 3 
65 16 1209 261 3 
66 18 1216 270 3 
65 18 1209 268 3 
65 18 1225 266 3 
69 19 1204 266 3 
71 20 1198 276 3 
75 21 1190 263 3 
78 22 1163 264 3 
86 22 1170 271 3 
81 21 1160 282 3 
79 20 1187 293 3 
78 20 1194 292 3 
80 18 1195 290 3 
82 16 1185 298 3 
84 17 1193 304 3 
80 19 1202 291 3 
79 17 1179 290 3 
80 17 1177 288 3 
81 16 1168 275 3 
79 16 1156 277 3 
77 16 1157 275 3 
79 17 1166 275 3 
83 20 1155 266 3 
79 21 1158 270 3 
82 19 1180 272 3 
89 17 1171 270 3 
93 21 1187 278 3 
101 24 1159 284 3 
97 25 1159 284 3 
97 24 1149 290 3 
100 23 1149 297 3 
106 24 1143 305 3 
103 28 1146 313 3 
103 33 1134 297 3 
103 33 1132 303 3 
105 29 1132 291 3 
104 28 1139 299 3 
96 26 1141 298 3 
101 26 1159 288 3 
106 27 1154 294 3 
103 26 1161 291 3 
107 29 1162 285 3 
102 30 1159 281 3 
96 28 1129 275 3 
96 28 1144 284 3 
96 28 1126 275 3 
100 29 1118 267 3 
99 34 1128 264 3 
100 30 1129 259 3 
96 28 1136 276 3 
101 29 1139 273 3 
99 28 1143 279 3 
92 24 1161 279 3 
93 20 1168 279 3 
94 17 1165 272 3 
96 18 1170 281 3 
99 18 1169 277 3 
105 17 1174 268 3 
107 16 1152 267 3 
109 15 1169 262 3 
115 14 1195 265 3 
112 15 1207 272 3 
110 15 1210 271 3 
111 14 1200 269 3 
112 12 1210 268 3 
109 12 1206 269 3 
112 12 1203 268 3 
108 13 1212 274 3 
111 12 1224 268 3 
110 11 1198 269 3 
99 11 1195 265 3 
99 12 1205 267 3 
107 13 1198 270 3 
111 17 1208 252 3 
114 18 1196 245 3 
112 18 1210 246 3 
116 16 1187 247 3 
119 18 1193 249 3 
118 18 1181 242 3 
115 16 1166 251 3 
117 16 1170 246 3 
118 13 1174 250 3 
117 14 1197 250 3 
119 15 1191 253 3 
124 18 1195 251 3 
126 23 1178 256 3 
129 22 1191 261 3 
122 25 1187 257 3 
120 23 1180 270 3 
115 26 1194 263 3 
113 27 1195 268 3 
105 31 1179 267 3 
103 28 1185 267 3 
103 31 1183 263 3 
103 29 1202 259 3 
97 27 1195 264 3 
96 27 1200 263 3 
103 28 1219 263 3 
95 31 1234 256 3 
101 34 1233 245 3 
107 35 1217 250 3 
107 37 1222 250 3 
111 38 1228 243 3 
104 43 1223 229 3 
113 41 1241 226 3 
112 41 1263 228 3 
120 39 1257 228 3 
123 39 1248 240 3 
127 35 1256 242 3 
134 30 1282 247 3 
132 31 1271 248 3 
130 30 1274 251 3 
136 29 1255 255 3 
144 30 1268 257 3 
148 26 1285 251 3 
144 26 1275 246 3 
132 28 1254 239 3 
132 28 1216 248 3 
123 27 1217 243 3 
120 29 1217 241 3 
119 29 1201 247 3 
128 32 1191 245 3 
131 32 1198 240 3 
132 34 1200 247 3 
135 34 1176 244 3 
132 36 1170 242 3 
123 40 1162 243 3 
123 43 1150 243 3 
111 43 1170 233 3 
117 40 1171 243 3 
114 38 1166 246 3 
121 39 1153 247 3 
118 40 1174 241 3 
120 41 1182 240 3 
120 43 1174 246 3 
122 45 1198 240 3 
117 40 1167 236 3 
117 43 1167 246 3 
109 41 1177 239 3 
101 42 1180 240 3 
88 45 1180 238 3 
89 43 1190 253 3 
87 46 1198 247 3 
82 45 1218 250 3 
78 41 1223 250 3 
74 36 1215 245 3 
74 37 1222 238 3 
84 40 1207 234 3 
86 42 1227 241 3 
83 47 1225 238 3 
80 46 1213 240 3 
73 42 1225 240 3 
72 38 1216 247 3 
72 45 1224 245 3 
80 42 1228 232 3 
84 40 1228 223 3 
81 43 1235 232 3 
87 39 1229 228 3 
81 38 1240 228 3 
87 43 1242 236 3 
87 42 1231 235 3 
92 41 1236 231 3 
91 42 1232 247 3 
96 44 1260 255 3 
101 47 1255 250 3 
99 44 1265 257 3 
100 46 1300 260 3 
100 42 1270 254 3 
105 43 1285 255 3 
114 48 1269 256 3 
113 49 1248 251 3 
107 48 1232 261 3 
111 50 1265 260 3 
106 49 1243 255 3 
108 50 1248 240 3 
111 48 1238 237 3 
111 47 1225 244 3 
107 51 1205 248 3 
110 51 1208 251 3 
109 49 1206 251 3 
104 47 1209 256 3 
96 46 1230 250 3 
89 44 1233 256 3 
85 45 1214 261 3 
88 44 1198 256 3 
85 45 1208 272 3 
83 46 1244 270 3 
85 44 1196 274 3 
95 48 1226 263 3 
102 49 1236 261 3 
100 49 1220 256 3 
103 46 1202 270 3 
107 45 1226 282 3 
110 43 1216 288 3 
117 43 1216 295 3 
109 47 1221 297 3 
