0 1 0 0 0 
0 1 0 0 0 
0 1 0 1 0 
0 1 1 0 0 
0 1 1 1 0 
1 0 1 1 0 
1 1 1 1 0 
2 1 1 2 0 
2 1 1 4 0 
1 1 1 5 0 
1 1 2 5 0 
3 1 2 4 0 
3 1 2 5 0 
3 0 2 3 0 
3 0 2 4 0 
3 0 1 3 0 
6 0 0 2 0 
7 0 0 2 0 
7 0 2 2 0 
7 0 2 2 0 
8 1 2 2 0 
10 1 2 2 0 
11 2 4 2 0 
11 2 4 4 0 
13 2 5 3 0 
15 3 6 3 0 
16 3 4 2 1 
15 2 5 3 0 
15 1 6 3 0 
16 1 6 3 0 
16 2 7 3 0 
17 3 8 3 0 
16 4 10 4 0 
12 5 10 4 0 
12 6 14 4 0 
12 7 15 3 0 
13 9 16 4 0 
14 12 16 3 0 
13 9 15 5 0 
14 9 17 7 0 
12 10 17 10 0 
11 11 18 13 0 
11 11 19 13 0 
12 12 20 14 0 
15 13 22 15 0 
14 12 27 15 0 
15 13 28 15 0 
17 13 27 17 0 
19 14 29 14 0 
18 14 32 16 0 
17 16 31 17 0 
16 15 30 18 0 
16 17 31 17 0 
15 16 31 21 0 
15 15 32 24 0 
13 13 35 23 0 
16 12 36 24 0 
19 11 36 28 0 
20 11 35 30 0 
22 12 34 33 0 
23 11 40 33 0 
19 11 38 37 0 
20 11 38 36 0 
22 11 43 32 0 
23 12 41 31 0 
25 12 42 36 0 
29 11 43 38 0 
30 15 49 40 0 
28 16 49 41 0 
30 18 52 44 0 
32 15 55 44 0 
33 17 56 46 0 
33 21 58 53 0 
37 23 54 51 0 
37 19 59 53 0 
39 21 56 56 0 
42 21 60 54 0 
41 18 64 58 0 
40 17 64 63 0 
40 19 63 66 0 
40 22 62 62 0 
48 22 66 67 0 
46 23 68 71 0 
46 21 71 77 0 
43 23 83 80 0 
42 21 80 84 0 
48 21 85 87 0 
49 22 94 91 0 
48 23 96 100 0 
50 20 90 93 0 
50 17 96 97 0 
53 20 93 99 0 
51 22 96 103 0 
55 22 94 107 0 
50 24 99 109 0 
53 24 98 118 0 
51 28 97 127 0 
49 27 101 122 0 
52 26 107 120 0 
55 25 117 129 0 
59 25 118 131 0 
60 26 118 135 0 
56 25 118 135 0 
57 25 116 135 0 
63 24 121 141 0 
64 21 121 154 0 
65 21 120 160 0 
69 20 123 157 0 
74 18 129 161 0 
76 20 135 163 0 
73 24 139 153 0 
75 23 142 151 0 
74 21 147 156 0 
79 20 160 160 0 
81 23 160 163 0 
79 25 161 168 0 
86 23 156 167 0 
85 16 154 167 0 
87 13 152 172 0 
89 12 157 175 0 
89 13 163 180 0 
88 16 164 172 0 
85 20 173 177 0 
87 21 179 175 0 
85 23 180 173 0 
92 24 168 180 0 
91 26 173 180 0 
95 22 176 175 0 
96 23 167 177 0 
93 22 173 165 0 
89 23 178 172 0 
90 24 188 173 0 
86 25 192 168 0 
92 23 195 181 0 
95 22 199 178 0 
100 25 197 181 0 
102 28 201 179 0 
98 31 206 180 0 
103 30 207 180 0 
103 30 219 182 0 
103 32 232 193 0 
104 33 233 191 0 
103 37 245 198 0 
103 40 243 193 0 
100 41 256 190 3 
102 44 262 206 3 
100 45 258 208 0 
104 43 244 212 0 
106 47 267 211 0 
103 49 263 201 3 
109 53 278 201 3 
111 54 288 195 3 
108 53 297 204 3 
111 50 295 201 3 
109 52 302 202 3 
113 45 309 206 3 
117 46 311 205 3 
109 44 316 197 3 
115 46 321 202 3 
123 48 323 205 3 
126 52 334 207 3 
122 54 346 215 3 
123 55 353 218 3 
129 58 356 209 3 
127 61 371 211 3 
138 61 374 215 3 
141 61 381 216 3 
152 58 393 212 3 
157 57 401 215 3 
159 54 412 219 3 
166 51 416 228 3 
160 48 426 231 3 
164 48 430 222 3 
159 45 440 222 3 
163 46 449 221 3 
169 45 440 216 3 
168 43 450 218 3 
170 40 435 215 3 
169 41 428 220 3 
152 40 431 230 3 
148 38 439 233 3 
154 42 446 231 3 
157 44 452 229 3 
161 43 450 227 3 
158 43 462 230 3 
149 45 466 243 3 
147 44 470 249 3 
138 46 460 240 3 
141 48 470 251 3 
146 44 489 261 3 
146 42 477 270 3 
149 39 481 274 3 
145 39 492 281 3 
139 38 502 280 3 
138 38 503 290 3 
133 38 512 285 3 
133 37 496 288 3 
126 34 506 304 3 
118 33 501 301 3 
124 29 508 311 3 
127 33 515 309 3 
130 34 524 294 3 
128 32 536 296 3 
127 32 555 298 3 
123 34 565 289 3 
126 37 558 293 3 
133 33 567 299 3 
138 30 592 296 3 
142 32 607 290 3 
143 36 606 304 3 
143 39 608 309 3 
144 41 616 315 3 
143 41 630 301 3 
137 46 616 308 3 
146 47 627 322 3 
139 44 633 317 3 
142 40 627 332 3 
139 39 630 339 3 
136 42 638 344 3 
129 46 655 350 3 
130 52 663 358 3 
130 50 683 354 3 
124 51 684 359 3 
131 50 689 347 3 
138 51 676 346 3 
139 46 666 353 3 
127 50 678 360 3 
128 54 686 381 3 
127 55 683 379 3 
132 48 702 374 3 
126 53 718 361 3 
121 58 725 358 3 
124 57 713 360 3 
119 61 729 357 3 
119 64 722 359 3 
112 65 725 363 3 
110 68 747 358 3 
108 69 739 377 3 
109 64 738 383 3 
98 69 734 379 3 
96 69 723 363 3 
98 64 750 358 3 
105 65 759 368 3 
108 63 772 371 3 
106 63 759 377 3 
107 64 737 372 3 
106 64 717 363 3 
99 68 715 373 3 
95 63 736 385 3 
100 66 716 380 3 
106 69 735 399 3 
98 72 752 383 3 
98 72 755 378 3 
101 73 747 389 3 
104 72 747 392 3 
104 70 757 382 3 
102 67 762 368 3 
105 66 762 358 3 
108 70 780 363 3 
112 67 785 372 3 
110 73 799 395 3 
113 75 796 402 3 
108 71 815 414 3 
109 73 821 412 3 
98 69 798 405 3 
93 65 779 414 3 
100 68 806 414 3 
101 66 801 398 3 
99 65 808 399 3 
103 69 803 397 3 
107 67 824 415 3 
110 64 830 415 3 
112 63 822 409 3 
108 67 810 418 3 
107 67 828 431 3 
104 67 846 428 3 
110 74 855 425 3 
115 70 861 426 3 
107 70 861 424 3 
112 71 871 421 3 
110 73 877 425 3 
118 72 867 419 3 
118 73 879 435 3 
116 73 880 434 3 
111 76 880 441 3 
115 74 876 440 3 
118 77 886 453 3 
122 77 886 456 3 
125 76 868 456 3 
110 73 867 462 3 
113 70 894 443 3 
116 78 887 424 3 
115 79 899 429 3 
113 77 893 434 3 
106 78 911 422 3 
112 74 925 436 3 
120 76 931 445 3 
112 75 922 441 3 
115 72 924 435 3 
116 71 913 431 3 
116 66 907 433 3 
114 66 891 440 3 
117 71 899 431 3 
118 65 895 432 3 
111 64 894 422 3 
109 61 896 434 3 
112 57 910 433 3 
116 59 929 426 3 
117 62 934 424 3 
117 64 913 423 3 
114 66 916 430 3 
104 62 895 437 3 
102 62 911 432 3 
113 59 912 439 3 
113 54 917 443 3 
111 55 929 442 3 
109 52 941 433 3 
118 51 919 443 3 
116 51 933 438 3 
122 54 954 430 3 
117 57 978 430 3 
118 59 963 419 3 
125 60 955 406 3 
124 54 950 419 3 
133 53 914 424 3 
132 58 911 425 3 
132 57 898 443 3 
133 59 908 443 3 
135 58 908 441 3 
139 52 912 448 3 
131 58 921 436 3 
132 62 910 421 3 
135 60 920 412 3 
137 62 906 415 3 
133 63 918 420 3 
135 68 934 413 3 
128 65 932 396 3 
126 66 927 386 3 
125 64 923 398 3 
128 65 934 398 3 
126 67 951 391 3 
132 71 949 391 3 
122 71 941 394 3 
114 74 938 394 3 
113 77 939 403 3 
114 77 958 407 3 
118 74 967 403 3 
117 71 967 412 3 
113 69 964 413 3 
115 66 971 426 3 
112 59 975 440 3 
113 58 981 441 3 
114 58 984 433 3 
115 54 986 437 3 
113 48 986 449 3 
112 49 1001 438 3 
111 52 1023 435 3 
115 52 998 448 3 
117 53 982 450 3 
118 51 999 438 3 
108 49 996 440 3 
107 48 992 445 3 
105 48 985 444 3 
98 53 989 431 3 
98 53 998 421 3 
109 56 1014 420 3 
107 57 1001 419 3 
105 58 1013 412 3 
104 59 1010 410 3 
94 58 1010 416 3 
97 62 1017 409 3 
99 59 1009 417 3 
98 56 1031 395 3 
96 56 1038 393 3 
94 58 1028 405 3 
92 54 1016 392 3 
91 54 1028 388 3 
88 55 1030 393 3 
92 59 1034 387 3 
92 60 1035 387 3 
93 62 1044 382 3 
90 61 1045 376 3 
87 62 1050 391 3 
93 63 1043 393 3 
87 66 1034 391 3 
86 71 1048 385 3 
81 73 1041 380 3 
85 72 1050 376 3 
90 71 1024 368 3 
91 64 1031 367 3 
94 56 1043 359 3 
97 55 1019 351 3 
94 55 1042 346 3 
93 50 1046 343 3 
95 52 1031 344 3 
92 47 1028 358 3 
94 46 1008 344 3 
88 45 1016 342 3 
86 45 1020 336 3 
85 51 1023 335 3 
85 49 1054 334 3 
86 50 1051 338 3 
85 49 1023 333 3 
81 48 1013 345 3 
83 50 1017 329 3 
79 50 1057 334 3 
77 48 1041 311 3 
75 46 1033 315 3 
74 49 1039 319 3 
71 45 1032 328 3 
72 45 1031 320 3 
80 43 1045 328 3 
75 40 1033 324 3 
76 44 1043 324 3 
81 48 1042 338 3 
79 47 1042 341 3 
86 49 1055 328 3 
87 49 1041 334 3 
83 51 1032 336 3 
81 52 1058 347 3 
82 50 1049 343 3 
86 49 1061 347 3 
84 51 1082 344 3 
86 45 1078 334 3 
88 49 1082 343 3 
85 46 1076 349 3 
91 46 1073 353 3 
95 43 1075 354 3 
94 43 1068 353 3 
85 44 1062 347 3 
83 39 1082 342 3 
87 38 1082 341 3 
88 41 1083 332 3 
88 42 1102 334 3 
88 42 1105 318 3 
93 43 1084 325 3 
87 41 1093 319 3 
90 39 1094 322 3 
88 38 1101 304 3 
92 39 1105 301 3 
92 36 1132 297 3 
97 34 1121 308 3 
106 37 1138 300 3 
102 33 1138 296 3 
97 31 1139 301 3 
96 32 1150 305 3 
92 31 1147 312 3 
96 34 1148 307 3 
99 34 1144 289 3 
100 28 1135 292 3 
98 33 1143 292 3 
99 35 1170 298 3 
96 30 1193 301 3 
107 31 1178 291 3 
110 31 1194 295 3 
102 31 1182 294 3 
104 28 1177 303 3 
110 32 1184 293 3 
102 30 1183 290 3 
104 30 1172 277 3 
102 28 1176 267 3 
111 26 1190 270 3 
114 27 1173 269 3 
124 27 1165 266 3 
118 28 1162 273 3 
119 31 1173 278 3 
113 31 1187 285 3 
108 23 1173 287 3 
113 23 1180 277 3 
117 24 1180 273 3 
118 25 1194 265 3 
114 22 1214 264 3 
110 19 1198 266 3 
107 20 1203 262 3 
110 22 1208 258 3 
105 24 1197 254 3 
104 25 1210 264 3 
103 27 1208 256 3 
108 29 1188 253 3 
105 28 1206 249 3 
100 25 1209 244 3 
101 29 1223 240 3 
104 31 1235 242 3 
106 27 1232 236 3 
112 28 1231 233 3 
105 27 1221 239 3 
102 26 1208 233 3 
104 26 1227 240 3 
103 25 1220 240 3 
97 25 1224 230 3 
96 27 1233 235 3 
102 25 1225 244 3 
100 24 1218 251 3 
94 24 1207 241 3 
95 27 1201 242 3 
94 27 1198 234 3 
93 29 1203 244 3 
92 29 1199 248 3 
86 26 1220 251 3 
89 26 1206 260 3 
82 29 1214 255 3 
86 29 1225 247 3 
80 28 1197 260 3 
83 28 1207 266 3 
88 26 1230 275 3 
88 28 1243 264 3 
95 25 1224 262 3 
94 27 1219 263 3 
95 26 1221 262 3 
95 26 1241 253 3 
101 27 1221 256 3 
99 27 1214 254 3 
100 27 1213 244 3 
93 27 1215 252 3 
97 26 1210 251 3 
94 27 1228 241 3 
97 29 1236 236 3 
95 27 1223 244 3 
99 30 1220 235 3 
101 29 1219 237 3 
103 28 1256 233 3 
98 31 1262 247 3 
101 29 1270 244 3 
100 29 1278 248 3 
101 24 1258 258 3 
98 24 1281 258 3 
97 24 1279 250 3 
92 24 1268 251 3 
97 24 1252 248 3 
96 25 1266 246 3 
101 27 1259 244 3 
100 30 1262 247 3 
102 31 1279 247 3 
103 30 1252 250 3 
89 31 1248 248 3 
90 33 1258 247 3 
95 35 1260 250 3 
92 37 1264 246 3 
92 34 1275 243 3 
96 31 1287 242 3 
95 33 1281 250 3 
86 32 1263 243 3 
90 34 1260 246 3 
87 35 1242 238 3 
85 32 1233 226 3 
79 29 1221 212 3 
81 33 1234 213 3 
84 30 1223 214 3 
81 31 1223 203 3 
86 29 1213 210 3 
85 28 1230 209 3 
89 26 1224 209 3 
83 24 1226 218 3 
84 23 1205 215 3 
83 22 1231 220 3 
78 22 1234 219 3 
81 18 1232 225 3 
77 20 1221 221 3 
86 19 1212 211 3 
84 18 1215 210 3 
86 19 1205 210 3 
86 21 1200 211 3 
84 18 1217 214 3 
88 22 1218 230 3 
88 20 1236 232 3 
87 21 1234 237 3 
92 21 1212 234 3 
87 21 1200 243 3 
89 22 1204 240 3 
94 20 1205 229 3 
96 20 1211 227 3 
106 18 1203 228 3 
101 21 1174 231 3 
100 19 1173 225 3 
105 22 1172 215 3 
100 25 1172 204 3 
104 26 1156 200 3 
100 27 1173 197 3 
98 26 1174 208 3 
103 24 1156 213 3 
106 23 1182 216 3 
108 25 1158 217 3 
108 25 1165 223 3 
115 25 1164 227 3 
109 23 1183 225 3 
104 21 1178 218 3 
105 19 1175 217 3 
114 19 1195 215 3 
116 22 1207 215 3 
113 20 1187 221 3 
113 20 1181 229 3 
118 18 1153 229 3 
121 18 1154 229 3 
119 21 1168 231 3 
116 20 1180 229 3 
115 19 1145 234 3 
114 20 1156 237 3 
118 19 1148 223 3 
114 19 1168 229 3 
120 20 1158 221 3 
119 21 1161 221 3 
109 16 1142 228 3 
112 14 1137 211 3 
114 15 1154 201 3 
112 17 1172 195 3 
109 17 1168 213 3 
112 18 1147 221 3 
112 17 1148 221 3 
111 16 1144 217 3 
113 16 1150 213 3 
112 18 1144 211 3 
101 17 1130 211 3 
95 19 1152 207 3 
93 20 1150 215 3 
99 21 1152 210 3 
100 22 1172 209 3 
93 20 1171 217 3 
98 20 1188 217 3 
95 21 1210 213 3 
99 20 1213 224 3 
103 19 1202 234 3 
103 20 1194 243 3 
112 18 1187 249 3 
110 17 1199 249 3 
117 20 1191 246 3 
110 20 1176 242 3 
112 18 1170 228 3 
123 22 1184 231 3 
120 24 1190 230 3 
115 25 1205 227 3 
120 23 1200 232 3 
110 23 1196 234 3 
111 22 1213 228 3 
107 22 1231 224 3 
108 20 1243 230 3 
107 18 1231 235 3 
106 17 1236 240 3 
104 17 1217 241 3 
100 15 1226 245 3 
103 14 1209 243 3 
105 17 1231 242 3 
103 15 1228 258 3 
104 16 1225 244 3 
99 15 1237 235 3 
103 15 1252 235 3 
96 17 1253 248 3 
104 17 1247 253 3 
101 19 1244 250 3 
105 18 1239 253 3 
111 19 1226 257 3 
110 19 1220 257 3 
104 19 1189 264 3 
115 20 1194 260 3 
113 17 1156 244 3 
110 17 1160 237 3 
106 17 1142 235 3 
112 20 1162 245 3 
115 19 1167 245 3 
110 23 1177 246 3 
109 25 1190 247 3 
113 27 1204 248 3 
116 22 1206 253 3 
117 18 1198 255 3 
126 18 1204 259 3 
136 19 1200 271 3 
132 16 1195 283 3 
133 20 1198 266 3 
131 17 1186 268 3 
120 18 1208 270 3 
113 21 1178 266 3 
115 19 1166 263 3 
106 19 1170 252 3 
107 19 1192 250 3 
110 19 1203 243 3 
109 19 1213 247 3 
109 18 1208 248 3 
112 18 1205 238 3 
113 18 1224 232 3 
110 17 1197 218 3 
109 18 1190 221 3 
116 20 1190 223 3 
115 20 1175 228 3 
109 19 1194 234 3 
111 15 1195 226 3 
115 14 1213 216 3 
113 15 1229 221 3 
113 16 1209 234 3 
113 16 1167 228 3 
110 15 1145 234 3 
103 14 1147 233 3 
109 15 1150 233 3 
114 16 1151 234 3 
113 18 1129 235 3 
111 18 1141 245 3 
116 16 1128 237 3 
113 15 1107 239 3 
109 15 1110 250 3 
103 15 1146 248 3 
97 14 1139 243 3 
94 15 1134 240 3 
94 15 1132 257 3 
94 14 1123 264 3 
92 14 1115 272 3 
89 16 1141 276 3 
93 18 1142 282 3 
95 18 1162 285 3 
85 16 1160 284 3 
88 16 1149 280 3 
89 18 1145 272 3 
94 20 1151 263 3 
101 20 1135 259 3 
102 21 1144 258 3 
95 23 1150 251 3 
103 20 1139 252 3 
97 21 1134 255 3 
90 22 1137 250 3 
90 25 1128 254 3 
88 25 1133 266 3 
85 29 1139 280 3 
82 26 1139 277 3 
77 27 1145 274 3 
74 28 1147 268 3 
67 28 1171 276 3 
70 28 1187 279 3 
69 30 1167 271 3 
75 35 1180 265 3 
70 38 1163 275 3 
70 37 1152 280 3 
76 36 1141 289 3 
86 32 1159 278 3 
86 31 1144 281 3 
89 31 1137 291 3 
92 34 1134 290 3 
83 36 1123 281 3 
82 36 1102 283 3 
84 34 1120 277 3 
79 32 1097 268 3 
77 32 1076 261 3 
82 30 1094 257 3 
81 27 1096 261 3 
79 30 1119 253 3 
81 31 1121 253 3 
83 31 1124 250 3 
84 36 1109 252 3 
93 36 1123 248 3 
96 38 1139 247 3 
101 37 1138 247 3 
94 37 1131 248 3 
101 37 1120 250 3 
96 35 1122 254 3 
93 35 1129 253 3 
96 37 1142 243 3 
93 41 1159 232 3 
96 41 1148 232 3 
102 42 1146 232 3 
102 46 1159 234 3 
102 47 1174 226 3 
108 49 1168 222 3 
112 53 1173 221 3 
115 49 1178 219 3 
119 48 1168 221 3 
115 49 1168 210 3 
110 49 1179 207 3 
113 52 1152 203 3 
116 54 1143 197 3 
115 54 1135 203 3 
116 53 1136 208 3 
115 54 1145 210 3 
122 56 1157 209 3 
121 54 1173 205 3 
115 56 1173 208 3 
113 50 1190 212 3 
112 43 1199 209 3 
109 44 1195 199 3 
108 41 1208 198 3 
111 47 1199 200 3 
113 44 1197 208 3 
110 47 1190 220 3 
112 44 1202 214 3 
112 49 1185 223 3 
122 49 1176 226 3 
125 51 1184 224 3 
118 50 1195 221 3 
119 46 1185 218 3 
111 46 1212 216 3 
105 44 1225 207 3 
104 41 1219 215 3 
102 43 1232 214 3 
100 42 1228 215 3 
96 42 1238 212 3 
95 42 1203 220 3 
98 39 1181 222 3 
103 37 1174 218 3 
107 33 1163 220 3 
102 34 1163 211 3 
105 34 1172 218 3 
103 37 1175 223 3 
107 34 1169 214 3 
107 34 1158 216 3 
112 35 1146 212 3 
110 35 1154 222 3 
113 37 1153 221 3 
120 35 1161 221 3 
114 31 1173 228 3 
106 29 1172 237 3 
104 30 1169 236 3 
105 31 1162 238 3 
110 33 1161 246 3 
118 33 1174 249 3 
120 32 1186 243 3 
116 34 1201 233 3 
115 33 1198 224 3 
115 34 1202 225 3 
115 29 1188 222 3 
114 28 1182 224 3 
114 30 1193 226 3 
113 30 1179 227 3 
114 33 1191 225 3 
116 32 1185 223 3 
119 25 1192 222 3 
116 30 1195 212 3 
123 29 1189 215 3 
121 29 1215 206 3 
124 27 1230 206 3 
123 29 1226 219 3 
127 30 1222 219 3 
122 29 1236 213 3 
120 29 1252 208 3 
113 31 1242 197 3 
109 30 1251 192 3 
108 34 1259 191 3 
106 36 1262 193 3 
106 34 1277 194 3 
116 40 1271 189 3 
123 33 1258 186 3 
113 33 1251 192 3 
121 28 1271 193 3 
109 34 1285 189 3 
102 38 1264 187 3 
96 38 1270 191 3 
93 40 1280 193 3 
98 37 1289 201 3 
107 38 1271 202 3 
95 35 1267 195 3 
95 30 1256 184 3 
92 30 1254 193 3 
93 29 1289 199 3 
101 31 1294 197 3 
97 28 1290 188 3 
89 27 1261 191 3 
91 27 1256 188 3 
92 28 1248 195 3 
84 30 1244 201 3 
88 32 1251 203 3 
87 32 1251 210 3 
91 32 1247 217 3 
97 29 1274 208 3 
99 29 1278 207 3 
90 26 1278 215 3 
87 25 1290 218 3 
85 29 1279 218 3 
82 27 1297 224 3 
83 25 1296 214 3 
84 24 1304 216 3 
81 22 1307 208 3 
78 20 1292 206 3 
81 20 1283 217 3 
79 21 1270 215 3 
74 21 1268 211 3 
69 18 1290 215 3 
70 18 1301 215 3 
71 18 1296 215 3 
77 17 1299 217 3 
80 19 1296 222 3 
78 20 1316 210 3 
73 17 1308 217 3 
72 19 1320 214 3 
77 18 1335 215 3 
90 15 1307 216 3 
88 14 1308 213 3 
84 15 1289 207 3 
89 13 1284 204 3 
93 13 1292 214 3 
91 14 1268 208 3 
89 14 1275 210 3 
90 13 1255 209 3 
93 13 1257 213 3 
93 12 1263 222 3 
87 13 1248 210 3 
83 15 1224 217 3 
80 16 1216 206 3 
82 18 1236 209 3 
80 17 1226 207 3 
78 20 1214 218 3 
77 20 1226 221 3 
85 21 1212 235 3 
89 19 1236 240 3 
87 21 1223 224 3 
84 27 1221 224 3 
85 28 1179 232 3 
85 31 1196 238 3 
85 28 1204 236 3 
90 28 1211 235 3 
85 27 1205 228 3 
90 27 1205 222 3 
85 23 1215 217 3 
83 22 1243 211 3 
85 23 1230 221 3 
80 23 1216 228 3 
82 25 1234 234 3 
85 23 1254 248 3 
79 22 1253 244 3 
80 24 1261 239 3 
82 24 1270 244 3 
88 23 1262 232 3 
89 26 1259 239 3 
90 24 1252 248 3 
94 23 1237 260 3 
94 22 1232 260 3 
101 21 1208 251 3 
102 23 1187 249 3 
100 21 1186 258 3 
102 21 1184 263 3 
94 25 1195 260 3 
103 26 1203 265 3 
108 29 1180 265 3 
115 31 1184 251 3 
120 35 1197 253 3 
117 31 1166 249 3 
120 32 1134 240 3 
123 33 1152 245 3 
120 33 1165 245 3 
118 34 1168 246 3 
123 28 1170 264 3 
125 27 1175 274 3 
132 21 1179 275 3 
141 20 1179 274 3 
140 21 1173 277 3 
138 22 1181 284 3 
141 21 1167 276 3 
137 24 1162 283 3 
136 29 1138 276 3 
135 28 1142 276 3 
133 26 1150 270 3 
140 33 1168 269 3 
142 32 1170 268 3 
143 34 1149 266 3 
140 29 1154 274 3 
148 30 1167 285 3 
145 28 1184 289 3 
147 30 1172 292 3 
151 30 1155 294 3 
149 32 1142 293 3 
147 33 1133 295 3 
151 32 1145 284 3 
136 32 1128 285 3 
139 30 1120 283 3 
132 32 1134 296 3 
132 31 1138 297 3 
140 32 1120 298 3 
142 33 1115 293 3 
144 35 1119 284 3 
143 36 1124 284 3 
144 36 1135 279 3 
141 31 1139 272 3 
149 32 1143 282 3 
141 35 1125 296 3 
140 33 1110 297 3 
142 32 1106 309 3 
134 31 1103 310 3 
132 29 1096 296 3 
131 33 1113 278 3 
140 31 1103 295 3 
142 31 1124 288 3 
147 30 1157 299 3 
149 29 1161 296 3 
146 29 1115 292 3 
143 27 1130 284 3 
142 28 1123 283 3 
144 28 1127 286 3 
153 26 1134 289 3 
149 26 1125 284 3 
146 26 1112 290 3 
145 24 1134 297 3 
140 27 1124 302 3 
148 29 1110 302 3 
140 27 1128 289 3 
138 27 1111 293 3 
130 28 1104 301 3 
126 29 1130 291 3 
120 31 1134 289 3 
119 29 1144 291 3 
117 30 1119 289 3 
119 28 1118 281 3 
117 29 1146 277 3 
114 32 1126 277 3 
111 31 1112 277 3 
107 33 1133 280 3 
102 32 1135 284 3 
102 26 1126 271 3 
