0 0 0 0 0 
0 0 1 0 0 
1 0 1 0 0 
2 0 1 0 0 
2 0 1 1 0 
2 1 1 1 0 
2 3 1 1 0 
2 3 2 1 0 
1 3 3 1 0 
0 4 3 1 0 
0 5 3 1 0 
0 3 3 2 0 
0 4 3 2 0 
0 4 6 3 0 
0 3 7 2 0 
0 2 10 2 0 
0 2 7 2 0 
0 2 8 2 0 
1 2 10 2 0 
1 3 13 1 0 
1 3 14 2 3 
1 3 16 3 3 
0 4 16 3 3 
0 3 16 3 3 
1 3 15 5 0 
1 3 16 5 0 
1 2 17 4 3 
1 3 14 3 3 
3 5 16 3 0 
2 6 18 3 0 
2 7 22 3 3 
2 9 20 4 0 
2 9 22 7 0 
2 8 27 8 3 
2 9 29 10 3 
2 11 30 11 3 
2 12 32 14 3 
2 12 33 17 0 
3 11 34 16 0 
4 13 37 17 3 
5 14 39 17 3 
4 15 41 19 3 
4 15 38 20 0 
4 15 40 21 0 
6 13 37 18 0 
6 16 40 23 0 
6 15 36 23 0 
7 12 33 26 0 
7 11 35 32 0 
10 10 41 32 0 
12 8 44 29 0 
14 8 46 25 0 
12 10 47 25 3 
8 9 49 27 0 
7 7 55 28 3 
7 6 56 27 3 
9 8 59 25 3 
10 8 52 26 3 
12 8 48 25 3 
9 11 54 26 3 
11 10 56 27 3 
12 13 61 28 3 
13 15 63 30 3 
11 14 63 32 3 
10 17 67 31 3 
10 17 76 34 3 
13 17 84 32 3 
16 18 93 34 3 
21 19 102 33 3 
22 21 107 32 3 
22 19 109 27 3 
22 21 111 30 3 
24 21 108 30 3 
26 22 106 33 3 
26 19 109 35 3 
23 19 114 35 3 
24 19 115 40 3 
25 20 124 38 3 
25 20 131 39 3 
24 20 125 40 3 
24 20 130 43 3 
24 21 130 50 3 
26 21 132 53 3 
23 23 136 51 3 
21 22 140 54 3 
25 21 151 52 3 
27 20 163 52 3 
24 18 158 51 3 
27 18 155 53 3 
27 19 162 54 3 
31 17 171 55 3 
32 16 185 64 3 
33 17 199 66 3 
40 18 206 63 3 
42 16 222 65 3 
41 16 213 67 3 
41 15 234 71 3 
39 17 240 75 3 
49 16 249 80 3 
50 18 249 79 3 
50 17 250 73 3 
43 17 252 76 3 
41 20 260 78 3 
43 17 270 76 3 
43 18 267 79 3 
46 18 270 80 3 
44 17 280 85 3 
41 16 300 85 3 
36 15 304 94 3 
37 16 296 91 3 
38 16 295 95 3 
42 17 295 91 3 
43 19 301 95 3 
47 19 300 90 3 
45 21 301 87 3 
50 17 305 96 3 
49 15 305 104 3 
52 15 310 107 3 
58 14 323 105 3 
50 14 327 107 3 
45 14 336 110 3 
48 16 340 113 3 
51 15 332 117 3 
45 17 339 122 3 
47 16 339 115 3 
44 16 340 122 3 
47 15 350 125 3 
45 16 350 127 3 
49 17 367 135 3 
45 16 380 142 3 
42 17 379 141 3 
45 19 388 142 3 
49 21 377 141 3 
46 27 375 148 3 
48 25 370 141 3 
49 23 376 144 3 
50 28 386 153 3 
50 29 379 150 3 
51 29 397 146 3 
54 24 398 153 3 
53 16 387 163 3 
54 16 390 165 3 
56 16 395 163 3 
56 17 404 166 3 
57 18 421 166 3 
55 16 426 168 3 
52 15 442 169 3 
60 14 437 174 3 
67 14 444 176 3 
68 12 438 172 3 
78 11 437 171 3 
73 13 464 172 3 
78 14 477 166 3 
77 15 496 177 3 
80 18 499 180 3 
78 21 482 182 3 
82 22 492 189 3 
85 22 499 188 3 
86 20 495 190 3 
93 22 500 204 3 
89 22 519 216 3 
86 20 530 225 3 
83 21 531 220 3 
82 20 525 216 3 
81 17 546 226 3 
77 18 542 231 3 
71 18 545 233 3 
70 21 548 231 3 
67 22 549 237 3 
68 24 566 224 3 
71 21 575 230 3 
68 20 576 229 3 
69 23 568 228 3 
68 20 559 234 3 
65 22 566 230 3 
68 22 577 235 3 
64 23 573 231 3 
64 27 587 228 3 
70 29 587 225 3 
66 27 578 227 3 
69 28 575 236 3 
70 25 569 239 3 
76 26 579 245 3 
73 29 586 248 3 
64 25 595 238 3 
66 26 616 241 3 
64 29 618 259 3 
70 32 635 264 3 
72 34 637 277 3 
70 39 668 275 3 
67 46 672 274 3 
66 48 672 283 3 
60 45 679 300 3 
54 44 684 295 3 
53 45 687 309 3 
58 46 695 308 3 
57 47 733 307 3 
54 42 718 313 3 
50 41 724 312 3 
51 45 740 309 3 
46 48 723 317 3 
41 54 737 319 3 
46 57 751 321 3 
41 61 756 320 3 
44 57 759 326 3 
47 60 775 320 3 
49 58 781 340 3 
49 54 793 363 3 
48 56 798 375 3 
51 59 796 383 3 
52 56 796 397 3 
50 59 799 398 3 
51 62 819 409 3 
51 60 832 407 3 
47 52 820 399 3 
45 50 833 400 3 
42 54 845 395 3 
40 53 848 391 3 
40 54 846 389 3 
40 55 838 397 3 
43 54 834 400 3 
46 55 840 405 3 
49 55 846 405 3 
55 49 849 401 3 
53 49 879 402 3 
50 44 857 397 3 
53 42 832 404 3 
53 43 853 395 3 
55 48 856 390 3 
54 49 862 410 3 
58 50 879 422 3 
59 48 889 432 3 
65 44 880 443 3 
67 48 893 444 3 
67 50 869 446 3 
63 51 869 442 3 
61 48 853 457 3 
65 48 855 452 3 
57 48 868 476 3 
54 45 864 489 3 
49 48 862 470 3 
42 47 854 473 3 
40 40 844 489 3 
43 43 841 472 3 
46 40 863 450 3 
45 38 846 443 3 
49 37 845 449 3 
52 39 858 444 3 
53 39 858 449 3 
52 40 860 449 3 
50 41 858 452 3 
55 44 892 452 3 
53 44 884 441 3 
54 44 903 452 3 
55 50 890 442 3 
55 53 887 445 3 
60 52 889 441 3 
63 52 910 428 3 
66 49 898 447 3 
69 47 892 465 3 
66 49 894 466 3 
67 55 893 450 3 
65 53 899 439 3 
67 51 884 455 3 
72 48 893 464 3 
70 46 912 458 3 
71 47 937 464 3 
72 46 930 460 3 
73 54 938 467 3 
69 54 937 458 3 
67 54 930 456 3 
66 57 914 456 3 
61 53 915 454 3 
65 52 916 464 3 
71 52 890 467 3 
72 55 898 470 3 
71 58 889 469 3 
72 58 884 462 3 
72 57 885 451 3 
75 59 860 457 3 
74 60 860 474 3 
76 59 863 487 3 
76 60 883 473 3 
77 53 863 470 3 
78 59 877 451 3 
82 54 879 459 3 
80 57 866 479 3 
78 58 876 474 3 
84 59 871 465 3 
78 60 881 481 3 
80 64 883 483 3 
89 67 892 485 3 
98 74 907 480 3 
88 73 893 482 3 
85 74 908 465 3 
80 71 906 466 3 
88 74 911 466 3 
92 71 898 461 3 
89 72 921 460 3 
84 71 940 448 3 
84 75 939 446 3 
72 78 958 457 3 
72 78 952 450 3 
70 78 941 451 3 
66 79 948 458 3 
64 86 947 470 3 
67 74 951 467 3 
72 74 950 472 3 
65 65 959 469 3 
60 59 954 480 3 
61 64 954 480 3 
67 65 966 482 3 
68 62 962 482 3 
71 63 962 480 3 
73 64 967 476 3 
70 62 975 476 3 
65 68 986 465 3 
66 73 971 457 3 
69 67 972 466 3 
70 66 958 469 3 
70 69 958 473 3 
64 70 979 481 3 
67 72 969 472 3 
69 74 971 479 3 
72 71 937 469 3 
73 77 941 454 3 
72 84 946 453 3 
72 82 960 446 3 
69 88 997 452 3 
72 81 999 458 3 
68 78 982 455 3 
71 78 963 445 3 
70 78 954 449 3 
65 79 977 441 3 
63 75 976 436 3 
61 71 984 451 3 
67 76 978 454 3 
65 89 977 455 3 
71 85 971 455 3 
71 79 985 453 3 
76 88 1005 446 3 
74 87 996 434 3 
78 86 996 434 3 
78 85 996 432 3 
82 84 985 423 3 
76 92 976 417 3 
80 91 993 419 3 
76 92 969 423 3 
77 90 967 420 3 
76 98 967 409 3 
78 97 955 402 3 
69 96 944 396 3 
74 99 933 389 3 
73 99 936 401 3 
73 95 928 408 3 
74 100 936 425 3 
80 104 934 425 3 
82 100 923 417 3 
90 97 932 418 3 
91 103 932 407 3 
90 101 922 402 3 
90 107 933 396 3 
88 106 934 400 3 
86 111 936 386 3 
86 105 936 380 3 
96 108 961 387 3 
91 106 965 397 3 
98 107 962 407 3 
100 110 965 404 3 
99 111 940 400 3 
99 113 944 391 3 
100 119 927 380 3 
97 119 933 380 3 
98 120 949 380 3 
99 119 942 371 3 
111 116 949 390 3 
113 112 944 378 3 
114 105 961 374 3 
114 112 969 360 3 
110 108 952 352 3 
115 113 973 352 3 
118 112 972 362 3 
118 119 956 349 3 
121 117 965 352 3 
122 114 958 345 3 
119 108 972 353 3 
118 111 973 337 3 
117 119 953 347 3 
122 113 940 338 3 
122 116 906 342 3 
127 124 917 353 3 
133 123 909 357 3 
131 123 901 351 3 
136 113 905 350 3 
132 110 914 333 3 
138 118 922 325 3 
142 115 907 323 3 
152 113 939 341 3 
146 111 938 340 3 
140 104 939 339 3 
144 107 952 339 3 
142 103 970 341 3 
150 105 956 348 3 
148 112 956 347 3 
152 109 966 346 3 
144 109 973 351 3 
147 113 970 343 3 
146 116 968 351 3 
149 124 973 361 3 
144 123 983 347 3 
136 121 996 353 3 
133 110 982 345 3 
135 108 1013 350 3 
132 107 1013 331 3 
134 106 999 330 3 
145 102 1006 326 3 
153 105 1010 322 3 
150 99 991 313 3 
148 102 974 311 3 
142 101 995 317 3 
142 98 984 308 3 
143 98 1015 285 3 
140 101 1013 288 3 
140 96 1019 295 3 
146 91 1031 290 3 
150 86 1040 292 3 
149 92 1029 301 3 
150 89 1040 305 3 
149 87 1042 299 3 
146 84 1026 306 3 
141 84 1027 312 3 
146 88 1008 314 3 
136 90 1011 321 3 
133 90 1008 321 3 
136 88 1002 319 3 
134 90 1011 313 3 
133 77 1018 309 3 
137 79 1005 303 3 
131 83 1023 305 3 
122 77 1037 298 3 
125 77 1027 315 3 
133 77 1022 315 3 
142 79 1012 308 3 
140 77 1008 303 3 
142 72 1009 306 3 
134 73 1018 301 3 
135 71 1034 289 3 
139 72 1028 291 3 
147 70 1015 285 3 
150 76 1018 287 3 
151 77 1010 279 3 
151 76 1020 287 3 
153 79 1036 290 3 
151 72 1057 298 3 
153 82 1046 296 3 
156 79 1033 274 3 
150 82 1029 284 3 
151 89 1050 276 3 
155 89 1028 273 3 
162 88 1013 295 3 
163 91 1020 300 3 
156 90 1009 305 3 
159 78 1001 304 3 
155 82 995 299 3 
161 87 989 300 3 
160 93 1016 307 3 
157 96 1015 316 3 
155 95 985 310 3 
160 98 989 304 3 
146 103 999 313 3 
134 102 994 318 3 
130 103 992 319 3 
127 97 989 316 3 
125 101 982 319 3 
116 101 980 330 3 
123 94 980 338 3 
131 92 1011 335 3 
141 94 1020 321 3 
144 101 1008 324 3 
144 99 1005 322 3 
133 98 1026 337 3 
135 99 1045 332 3 
138 98 1032 332 3 
131 87 1041 346 3 
130 93 1050 339 3 
134 83 1043 335 3 
125 85 1051 345 3 
128 82 1059 346 3 
124 84 1047 333 3 
119 90 1068 338 3 
121 86 1052 351 3 
117 80 1024 344 3 
114 77 1039 349 3 
119 73 1038 344 3 
117 73 1043 350 3 
124 76 1066 339 3 
128 72 1073 335 3 
135 76 1057 323 3 
149 78 1061 335 3 
143 85 1030 334 3 
144 79 1048 337 3 
147 80 1040 337 3 
148 83 1066 334 3 
142 82 1046 323 3 
144 82 1056 312 3 
139 81 1046 308 3 
142 73 1068 301 3 
142 78 1062 299 3 
150 72 1057 294 3 
151 69 1069 303 3 
146 71 1084 311 3 
143 67 1116 302 3 
142 64 1094 310 3 
137 66 1089 311 3 
126 69 1090 313 3 
136 74 1071 306 3 
134 76 1074 301 3 
141 74 1058 308 3 
139 72 1057 319 3 
139 70 1049 313 3 
136 65 1050 312 3 
133 71 1070 319 3 
135 68 1082 328 3 
133 67 1067 327 3 
136 65 1070 333 3 
127 67 1071 326 3 
127 67 1064 328 3 
121 73 1063 323 3 
120 79 1069 341 3 
104 82 1065 356 3 
104 78 1059 347 3 
99 83 1045 339 3 
105 81 1034 343 3 
101 73 1055 333 3 
101 71 1068 344 3 
100 68 1077 340 3 
107 69 1068 334 3 
116 64 1073 348 3 
120 62 1057 351 3 
130 63 1049 363 3 
130 59 1011 362 3 
133 65 1010 369 3 
132 56 1014 381 3 
129 59 968 385 3 
139 59 988 381 3 
131 60 984 379 3 
135 62 994 388 3 
139 69 988 386 3 
136 77 978 384 3 
139 78 955 383 3 
135 78 970 386 3 
131 69 961 389 3 
136 66 951 387 3 
140 65 966 377 3 
145 61 972 382 3 
142 59 962 390 3 
139 57 967 385 3 
147 53 988 377 3 
138 55 986 370 3 
135 57 998 384 3 
135 53 1018 385 3 
134 59 1001 373 3 
128 59 990 359 3 
131 60 1004 353 3 
128 57 1009 359 3 
121 57 1018 349 3 
126 56 1029 353 3 
128 58 1015 339 3 
131 59 1002 339 3 
131 57 1013 352 3 
127 51 1004 343 3 
117 50 1007 355 3 
113 50 1000 362 3 
108 52 995 359 3 
103 53 1007 357 3 
104 48 1015 363 3 
111 48 1047 354 3 
107 53 1029 355 3 
106 54 1002 348 3 
114 54 1009 350 3 
114 57 1012 346 3 
108 54 1019 354 3 
111 57 1019 360 3 
110 50 1020 353 3 
119 49 1009 352 3 
125 48 1018 341 3 
129 44 1018 335 3 
130 46 1023 339 3 
126 50 1030 343 3 
130 49 1047 342 3 
134 49 1053 337 3 
135 48 1062 347 3 
138 46 1053 341 3 
131 48 1052 342 3 
119 46 1053 334 3 
121 50 1041 330 3 
131 50 1045 341 3 
129 48 1040 352 3 
136 57 1044 347 3 
137 57 1054 340 3 
139 54 1075 353 3 
141 54 1067 343 3 
145 51 1025 329 3 
146 50 1010 347 3 
148 48 1007 337 3 
135 50 1007 333 3 
129 48 1007 335 3 
134 45 1014 337 3 
138 41 1011 331 3 
147 40 1031 338 3 
152 44 1038 332 3 
147 52 1036 331 3 
152 53 1038 331 3 
158 59 1054 321 3 
151 51 1045 310 3 
152 48 1044 312 3 
148 47 1038 302 3 
154 52 1039 285 3 
152 60 1038 284 3 
148 58 1055 285 3 
147 58 1048 283 3 
149 59 1031 286 3 
154 55 1033 286 3 
161 50 1022 294 3 
167 49 1046 299 3 
174 49 1040 313 3 
168 42 1017 328 3 
182 46 997 325 3 
174 44 990 308 3 
171 48 990 307 3 
170 48 990 306 3 
178 51 981 300 3 
174 46 979 307 3 
180 42 957 310 3 
176 45 954 304 3 
171 45 957 308 3 
185 43 972 298 3 
181 42 962 311 3 
184 43 952 313 3 
189 44 956 298 3 
187 40 946 310 3 
182 34 925 316 3 
180 37 926 314 3 
176 40 934 330 3 
177 37 946 336 3 
179 35 954 335 3 
180 36 941 332 3 
170 32 937 337 3 
169 35 925 343 3 
158 35 926 343 3 
155 36 939 334 3 
158 32 942 326 3 
161 30 960 331 3 
162 29 950 339 3 
163 33 946 336 3 
162 29 944 351 3 
160 28 943 345 3 
156 26 939 350 3 
163 23 934 350 3 
157 24 936 337 3 
153 25 935 337 3 
164 27 951 343 3 
166 31 956 343 3 
160 31 966 352 3 
165 29 965 348 3 
162 32 953 349 3 
166 37 970 361 3 
157 41 974 371 3 
164 40 970 381 3 
174 47 985 375 3 
180 44 994 385 3 
168 44 1004 385 3 
161 44 989 394 3 
163 43 980 391 3 
160 42 980 390 3 
161 45 985 390 3 
154 51 980 394 3 
159 54 973 374 3 
164 53 969 395 3 
172 57 962 392 3 
167 57 949 404 3 
167 58 941 409 3 
165 60 926 407 3 
163 62 934 416 3 
158 57 932 420 3 
161 56 931 431 3 
159 54 936 416 3 
157 53 951 422 3 
148 56 937 425 3 
146 56 943 416 3 
137 54 917 418 3 
145 56 930 415 3 
148 56 936 411 3 
136 61 948 431 3 
143 57 938 426 3 
140 60 909 418 3 
149 59 932 428 3 
148 62 920 432 3 
148 61 900 421 3 
149 60 877 426 3 
144 56 888 431 3 
141 57 873 423 3 
140 64 874 424 3 
135 64 870 415 3 
133 63 889 406 3 
134 66 891 417 3 
136 69 893 410 3 
139 68 898 419 3 
140 73 895 406 3 
139 77 890 416 3 
138 78 896 419 3 
146 79 910 400 3 
143 79 893 401 3 
129 79 893 419 3 
128 79 913 419 3 
132 77 906 421 3 
122 81 881 424 3 
126 89 855 412 3 
126 84 875 407 3 
132 89 887 398 3 
130 89 876 383 3 
129 99 850 396 3 
133 89 879 396 3 
135 92 878 401 3 
136 92 900 399 3 
130 87 910 413 3 
136 91 904 414 3 
131 94 898 420 3 
134 91 894 434 3 
134 96 889 433 3 
130 94 878 423 3 
129 94 884 434 3 
139 90 880 436 3 
137 93 871 439 3 
136 95 876 457 3 
133 92 865 459 3 
131 89 870 452 3 
134 93 863 443 3 
140 102 863 451 3 
138 103 871 458 3 
149 105 863 449 3 
148 101 863 437 3 
141 103 864 439 3 
144 105 874 447 3 
140 99 874 453 3 
130 102 872 450 3 
125 98 903 448 3 
120 89 891 439 3 
120 87 883 452 3 
109 80 876 443 3 
118 83 878 464 3 
123 83 880 479 3 
123 87 883 468 3 
133 83 887 462 3 
134 79 902 458 3 
140 79 916 463 3 
142 69 919 454 3 
142 71 903 455 3 
138 76 874 452 3 
141 77 872 446 3 
147 76 863 436 3 
160 74 856 441 3 
164 77 866 438 3 
163 75 871 446 3 
163 77 864 461 3 
169 83 868 459 3 
163 85 876 469 3 
159 85 875 476 3 
155 84 883 477 3 
163 80 887 467 3 
164 78 870 469 3 
171 75 888 460 3 
170 71 875 483 3 
168 71 858 486 3 
164 69 865 501 3 
163 66 876 490 3 
162 60 876 485 3 
169 63 866 477 3 
163 63 876 469 3 
166 66 855 451 3 
173 66 840 460 3 
174 72 854 463 3 
162 69 837 452 3 
164 59 842 451 3 
156 66 873 447 3 
157 68 858 454 3 
150 71 852 456 3 
153 69 849 460 3 
144 74 842 460 3 
146 68 839 456 3 
151 68 823 468 3 
150 63 816 478 3 
149 65 812 477 3 
148 67 801 479 3 
145 68 796 477 3 
145 69 816 462 3 
148 60 799 465 3 
158 66 795 459 3 
162 71 788 464 3 
157 69 792 471 3 
152 75 791 457 3 
149 73 822 448 3 
148 77 839 448 3 
144 76 850 443 3 
146 73 848 432 3 
149 69 863 435 3 
153 69 863 439 3 
157 59 881 434 3 
152 54 897 418 3 
150 55 905 412 3 
149 54 906 412 3 
149 55 904 415 3 
150 58 919 427 3 
150 56 926 439 3 
146 56 920 437 3 
134 56 917 427 3 
131 58 925 425 3 
138 56 926 428 3 
135 56 915 424 3 
131 58 942 413 3 
137 59 941 422 3 
136 62 928 425 3 
133 65 954 440 3 
138 65 951 434 3 
144 72 933 432 3 
145 69 951 419 3 
149 76 975 428 3 
151 77 956 419 3 
154 79 970 413 3 
155 78 964 402 3 
148 76 963 416 3 
148 76 974 409 3 
145 81 978 403 3 
146 78 980 399 3 
144 78 967 414 3 
140 81 965 395 3 
135 83 973 398 3 
135 82 976 410 3 
134 88 956 399 3 
146 88 948 389 3 
147 86 956 392 3 
139 93 962 388 3 
148 87 953 382 3 
153 81 946 361 3 
152 85 945 357 3 
159 84 941 364 3 
154 80 945 364 3 
148 75 956 365 3 
146 77 951 378 3 
140 81 959 385 3 
148 78 956 393 3 
153 77 944 391 3 
145 83 944 381 3 
141 84 936 390 3 
145 84 938 373 3 
149 78 947 371 3 
148 78 949 364 3 
147 70 958 368 3 
146 76 962 359 3 
145 77 945 366 3 
148 78 951 372 3 
138 79 969 355 3 
142 72 954 358 3 
148 71 930 365 3 
150 74 945 378 3 
153 73 917 375 3 
147 66 915 368 3 
144 66 919 369 3 
148 69 941 372 3 
146 68 944 372 3 
148 70 928 374 3 
158 73 956 356 3 
152 72 959 358 3 
149 73 980 366 3 
148 74 989 360 3 
149 70 1001 360 3 
151 72 973 359 3 
149 84 964 357 3 
151 78 982 347 3 
146 71 966 339 3 
141 71 974 339 3 
139 77 952 338 3 
148 80 949 346 3 
149 83 940 344 3 
149 79 951 346 3 
144 81 947 354 3 
149 83 953 352 3 
145 84 979 358 3 
145 93 990 361 3 
151 101 996 366 3 
140 97 983 359 3 
143 97 960 349 3 
141 98 935 334 3 
136 92 912 341 3 
137 93 930 343 3 
145 90 914 345 3 
137 81 926 347 3 
134 78 947 345 3 
136 77 961 339 3 
141 80 978 341 3 
143 75 991 345 3 
154 74 980 347 3 
140 75 964 342 3 
141 75 983 328 3 
146 76 993 332 3 
140 83 981 330 3 
135 80 1005 330 3 
136 80 995 334 3 
134 78 1010 332 3 
131 72 1025 344 3 
130 71 1016 354 3 
125 72 1024 350 3 
125 75 1003 347 3 
131 74 995 343 3 
137 76 986 334 3 
126 76 984 327 3 
126 78 1001 318 3 
137 73 1001 318 3 
128 72 991 325 3 
128 74 978 319 3 
123 72 979 333 3 
119 68 966 339 3 
116 65 975 338 3 
120 64 983 338 3 
116 68 990 339 3 
121 68 1005 323 3 
132 71 992 343 3 
127 74 982 334 3 
130 74 990 330 3 
125 80 995 330 3 
125 80 999 328 3 
126 77 984 318 3 
124 80 995 336 3 
123 79 1002 342 3 
129 77 1013 333 3 
131 75 1015 323 3 
126 74 978 326 3 
125 68 962 327 3 
124 73 984 335 3 
130 68 985 338 3 
137 72 977 330 3 
139 73 985 339 3 
135 73 974 346 3 
144 73 971 339 3 
143 74 969 352 3 
149 72 969 354 3 
150 70 966 349 3 
152 68 979 353 3 
154 67 1009 357 3 
155 65 980 350 3 
150 70 1010 343 3 
151 67 1009 348 3 
149 67 1014 332 3 
149 67 1020 330 3 
152 64 1006 344 3 
141 65 1017 331 3 
138 63 1020 323 3 
139 61 1018 331 3 
138 60 1031 334 3 
132 61 1041 336 3 
138 59 1040 338 3 
144 63 1056 340 3 
145 60 1056 326 3 
134 56 1031 343 3 
132 56 1005 351 3 
136 57 1019 357 3 
132 56 1029 336 3 
130 47 1030 332 3 
136 43 1030 345 3 
141 39 1009 365 3 
136 40 999 360 3 
132 39 987 368 3 
138 36 1007 384 3 
132 37 1012 381 3 
128 36 1000 363 3 
121 38 997 376 3 
120 35 1017 369 3 
126 38 997 367 3 
124 40 1017 377 3 
123 44 1048 374 3 
121 44 1052 379 3 
120 44 1054 372 3 
122 43 1072 360 3 
116 46 1064 346 3 
118 48 1054 374 3 
123 47 1059 373 3 
117 43 1040 358 3 
121 47 1027 371 3 
121 47 1045 379 3 
119 47 1061 384 3 
122 42 1035 399 3 
123 40 1046 396 3 
121 39 1056 399 3 
126 39 1054 399 3 
125 40 1071 392 3 
125 39 1059 388 3 
121 41 1067 383 3 
128 45 1054 388 3 
126 42 1051 393 3 
123 42 1049 389 3 
