0 0 1 0 0 
0 1 1 0 0 
0 1 2 0 0 
0 2 1 0 0 
1 2 1 0 0 
2 2 2 0 0 
2 3 2 0 0 
3 4 2 0 0 
1 3 3 0 0 
1 3 3 1 0 
1 3 4 1 0 
1 3 3 3 0 
1 2 4 4 0 
3 2 4 3 0 
1 2 4 3 0 
1 4 5 3 0 
1 4 7 3 0 
2 4 7 3 0 
2 5 8 3 0 
2 4 12 2 0 
3 6 16 3 0 
4 7 15 2 0 
7 8 15 2 0 
8 11 13 2 0 
8 15 14 1 0 
9 15 12 1 0 
11 18 14 2 0 
13 22 14 1 0 
13 22 13 2 0 
11 19 11 2 0 
9 20 12 2 0 
7 23 15 3 0 
9 24 16 3 0 
10 24 18 3 0 
10 24 22 3 0 
8 25 22 4 0 
8 22 23 6 0 
7 21 28 5 0 
7 25 27 6 0 
8 24 29 6 0 
9 25 33 6 0 
8 29 33 6 0 
8 26 37 7 0 
8 27 40 6 0 
9 26 40 5 0 
7 23 44 4 0 
7 22 40 3 0 
9 21 42 3 3 
10 22 40 3 0 
13 22 40 4 0 
13 26 42 4 0 
14 28 42 4 0 
13 24 38 4 0 
14 25 37 4 0 
13 23 35 4 0 
17 27 36 5 0 
17 23 40 5 0 
18 26 39 3 0 
22 25 40 3 0 
21 26 41 3 0 
25 26 45 3 0 
26 26 38 3 0 
28 26 45 2 0 
31 29 43 2 0 
32 34 43 2 0 
32 33 42 1 0 
27 31 45 1 0 
27 31 50 1 0 
29 28 45 1 0 
30 30 48 2 0 
30 33 53 4 0 
31 36 56 4 0 
27 35 58 7 0 
28 40 58 9 0 
27 36 60 10 0 
32 38 60 10 0 
35 38 67 11 3 
33 43 76 10 3 
40 47 82 9 3 
38 49 84 9 3 
35 49 85 11 3 
34 48 86 13 3 
29 48 93 11 3 
27 53 95 13 3 
28 51 93 11 3 
30 59 97 12 3 
27 63 94 13 0 
27 60 94 12 3 
29 55 95 13 3 
28 55 94 13 3 
31 55 97 15 3 
29 53 94 18 3 
28 51 96 22 3 
28 47 98 26 3 
30 45 96 30 3 
33 51 105 31 3 
31 46 109 30 3 
33 46 107 35 3 
35 49 110 39 3 
36 50 111 37 3 
38 46 109 41 3 
40 47 103 41 3 
39 49 103 43 3 
40 51 96 37 3 
39 50 91 39 3 
40 47 88 39 3 
39 47 90 37 3 
37 48 93 39 3 
35 45 92 42 3 
34 47 94 41 3 
36 52 93 43 3 
32 56 105 47 3 
33 53 107 49 3 
33 55 115 52 3 
33 59 117 48 3 
32 53 117 49 3 
34 54 118 54 3 
36 55 112 56 3 
36 61 115 60 3 
37 65 126 66 3 
37 67 138 66 3 
39 73 139 67 3 
44 71 145 72 3 
46 66 143 70 3 
52 65 150 67 3 
50 69 160 67 3 
46 68 162 69 3 
52 68 168 75 3 
54 72 168 73 3 
55 73 171 76 3 
54 80 171 74 3 
59 82 178 79 3 
60 84 182 80 3 
62 83 180 80 3 
63 77 187 88 3 
63 72 186 88 3 
57 80 187 95 3 
59 89 193 97 3 
57 93 196 104 3 
56 86 202 101 3 
60 83 200 97 3 
64 92 202 96 3 
65 94 202 107 3 
65 97 208 115 3 
62 99 204 121 3 
66 105 210 126 3 
64 111 227 123 3 
72 106 239 126 3 
75 96 248 126 3 
77 93 255 122 3 
75 93 257 120 3 
77 93 251 132 3 
76 99 264 128 3 
76 98 266 124 3 
75 101 268 126 3 
79 97 271 127 3 
78 101 272 127 3 
79 109 284 135 3 
81 109 291 134 3 
77 108 298 131 3 
82 107 310 132 3 
81 108 314 139 3 
86 109 322 146 3 
86 101 319 139 3 
86 92 327 150 3 
84 93 320 147 3 
86 90 318 155 3 
87 91 311 158 3 
86 88 319 156 3 
89 86 328 164 3 
79 91 342 169 3 
86 91 346 167 3 
86 92 355 170 3 
83 96 360 181 3 
92 95 356 185 3 
94 89 374 195 3 
94 90 382 194 3 
93 87 388 190 3 
94 90 390 193 3 
90 87 392 198 3 
94 88 403 202 3 
102 87 398 200 3 
93 79 409 211 3 
93 81 422 213 3 
97 87 412 217 3 
98 82 416 223 3 
95 86 420 223 3 
92 93 421 221 3 
94 93 417 226 3 
96 100 417 226 3 
95 97 423 235 3 
95 96 428 241 3 
95 93 418 246 3 
92 91 418 257 3 
94 96 423 266 3 
97 96 434 258 3 
96 99 445 265 3 
93 92 436 262 3 
93 97 441 273 3 
90 92 442 272 3 
84 90 436 271 3 
84 81 443 274 3 
87 79 438 264 3 
87 70 430 263 3 
83 70 434 274 3 
92 70 438 283 3 
86 69 447 280 3 
91 74 453 287 3 
86 73 465 280 3 
82 76 481 282 3 
80 72 475 274 3 
86 69 471 260 3 
86 76 474 258 3 
85 78 486 259 3 
90 78 490 276 3 
92 75 497 282 3 
95 75 481 279 3 
92 74 484 270 3 
89 73 479 272 3 
95 80 493 275 3 
96 77 512 272 3 
97 75 507 271 3 
90 78 524 260 3 
92 80 536 248 3 
89 84 547 253 3 
91 82 533 248 3 
92 85 540 242 3 
99 83 559 254 3 
97 90 560 255 3 
99 85 573 257 3 
105 84 565 263 3 
112 79 560 276 3 
107 83 554 280 3 
100 86 563 288 3 
103 85 573 288 3 
110 83 577 284 3 
113 84 569 281 3 
117 79 563 275 3 
114 75 562 281 3 
120 68 577 279 3 
114 67 572 276 3 
119 64 587 279 3 
118 66 584 280 3 
118 62 595 283 3 
106 68 589 279 3 
109 65 600 297 3 
112 71 601 296 3 
113 70 588 298 3 
119 71 580 309 3 
122 72 570 311 3 
116 76 584 318 3 
115 85 577 316 3 
121 77 564 310 3 
124 79 582 310 3 
119 81 590 317 3 
126 79 579 327 3 
123 74 586 325 3 
116 73 588 309 3 
117 70 590 306 3 
114 66 587 305 3 
115 62 604 299 3 
111 64 601 293 3 
105 60 592 287 3 
103 59 613 295 3 
107 53 623 298 3 
108 52 610 290 3 
114 51 606 284 3 
111 56 604 285 3 
116 59 614 294 3 
119 56 619 288 3 
116 56 625 291 3 
118 61 637 309 3 
121 64 636 310 3 
126 68 625 318 3 
121 71 616 325 3 
132 77 628 326 3 
124 73 647 321 3 
122 73 659 324 3 
127 77 667 338 3 
125 73 675 347 3 
125 76 700 346 3 
128 73 701 352 3 
132 74 698 355 3 
137 75 706 350 3 
126 78 692 351 3 
118 76 708 349 3 
118 78 735 342 3 
113 78 736 345 3 
111 81 738 345 3 
114 84 756 356 3 
109 84 767 353 3 
112 84 756 357 3 
115 89 738 365 3 
107 91 739 364 3 
103 90 750 365 3 
101 91 758 351 3 
101 87 770 357 3 
100 81 778 362 3 
100 86 800 359 3 
101 84 792 361 3 
100 86 790 347 3 
97 84 788 346 3 
99 84 798 339 3 
95 83 805 333 3 
105 78 802 348 3 
108 74 800 357 3 
112 76 813 360 3 
110 78 814 352 3 
102 77 812 347 3 
101 76 806 342 3 
103 76 822 351 3 
99 73 840 358 3 
92 76 858 356 3 
97 69 855 363 3 
95 70 875 366 3 
89 68 872 351 3 
90 63 882 347 3 
84 64 868 341 3 
91 63 871 343 3 
95 64 886 347 3 
83 66 888 354 3 
84 63 887 349 3 
86 64 868 355 3 
91 62 898 359 3 
94 63 908 356 3 
94 63 891 357 3 
90 67 908 366 3 
87 65 937 374 3 
89 66 933 378 3 
86 67 923 373 3 
91 71 933 378 3 
94 69 948 383 3 
100 64 945 378 3 
97 62 952 378 3 
87 65 967 382 3 
92 63 982 384 3 
83 62 990 372 3 
88 66 994 379 3 
88 64 984 384 3 
82 64 961 388 3 
79 65 981 393 3 
83 69 976 393 3 
85 67 976 389 3 
81 65 986 399 3 
70 60 996 397 3 
67 67 994 414 3 
71 57 977 404 3 
70 58 973 399 3 
65 55 993 396 3 
66 56 1003 405 3 
64 57 991 402 3 
70 61 1020 394 3 
66 58 1021 410 3 
69 58 1036 415 3 
72 60 1046 412 3 
75 65 1068 415 3 
76 63 1083 427 3 
72 61 1115 427 3 
66 59 1111 422 3 
63 66 1132 421 3 
60 67 1114 417 3 
58 67 1097 422 3 
59 63 1103 418 3 
63 67 1109 425 3 
65 65 1119 430 3 
62 60 1115 425 3 
64 60 1120 426 3 
71 56 1108 427 3 
74 54 1102 438 3 
77 62 1087 445 3 
76 58 1090 443 3 
80 58 1084 439 3 
82 61 1076 432 3 
85 62 1085 423 3 
86 62 1066 433 3 
89 63 1050 435 3 
93 64 1060 428 3 
100 66 1041 440 3 
100 66 1059 435 3 
103 63 1054 436 3 
104 63 1057 435 3 
101 63 1055 447 3 
100 59 1050 433 3 
99 62 1045 431 3 
100 64 1054 426 3 
105 65 1058 415 3 
107 69 1086 398 3 
100 63 1072 395 3 
105 63 1086 380 3 
107 65 1088 392 3 
112 62 1082 383 3 
107 59 1092 377 3 
114 58 1103 387 3 
113 61 1098 385 3 
118 62 1093 376 3 
128 58 1109 372 3 
126 53 1109 361 3 
128 56 1114 355 3 
127 57 1122 364 3 
125 58 1118 361 3 
122 57 1094 371 3 
114 58 1083 377 3 
112 50 1079 369 3 
112 52 1070 376 3 
117 50 1082 371 3 
119 55 1073 367 3 
123 53 1067 364 3 
124 46 1060 359 3 
121 46 1041 364 3 
113 47 1063 355 3 
110 48 1052 374 3 
112 51 1052 363 3 
108 52 1067 367 3 
108 57 1069 362 3 
111 53 1062 356 3 
108 54 1063 362 3 
108 54 1055 353 3 
108 50 1063 342 3 
109 45 1065 331 3 
119 44 1065 336 3 
117 40 1062 333 3 
123 43 1052 331 3 
128 48 1068 330 3 
130 40 1057 317 3 
132 38 1069 322 3 
140 37 1068 311 3 
141 41 1070 327 3 
133 42 1087 324 3 
127 40 1074 320 3 
129 41 1067 318 3 
134 41 1079 320 3 
146 37 1094 313 3 
149 39 1116 322 3 
140 41 1112 342 3 
141 44 1075 335 3 
136 44 1074 334 3 
141 42 1044 333 3 
148 41 1063 338 3 
139 39 1064 347 3 
138 42 1050 335 3 
134 40 1051 328 3 
143 43 1062 339 3 
139 45 1066 338 3 
142 48 1073 324 3 
136 52 1107 325 3 
139 51 1129 338 3 
136 52 1125 328 3 
136 51 1116 327 3 
129 48 1145 329 3 
127 46 1144 315 3 
124 41 1156 328 3 
125 42 1147 325 3 
129 42 1163 337 3 
133 42 1160 324 3 
127 45 1169 325 3 
129 45 1161 324 3 
131 42 1170 314 3 
134 44 1184 318 3 
127 40 1168 318 3 
123 33 1164 320 3 
126 34 1154 311 3 
125 36 1169 315 3 
124 38 1134 314 3 
126 34 1150 300 3 
123 34 1169 312 3 
127 31 1168 301 3 
124 33 1178 307 3 
125 32 1159 305 3 
129 27 1165 294 3 
123 29 1154 298 3 
120 27 1174 301 3 
118 27 1175 304 3 
125 31 1191 302 3 
131 29 1184 299 3 
132 25 1173 295 3 
134 26 1187 290 3 
139 21 1186 290 3 
146 21 1173 293 3 
138 20 1165 290 3 
146 24 1172 281 3 
143 24 1167 272 3 
145 24 1160 279 3 
150 20 1159 278 3 
161 21 1157 273 3 
161 21 1170 263 3 
162 22 1162 270 3 
170 26 1170 268 3 
170 27 1143 268 3 
165 28 1147 270 3 
166 26 1137 275 3 
175 25 1157 274 3 
179 23 1170 283 3 
176 25 1154 275 3 
182 26 1153 263 3 
181 25 1143 261 3 
177 24 1138 256 3 
177 26 1148 257 3 
174 30 1154 255 3 
164 31 1169 256 3 
164 29 1186 253 3 
166 27 1162 261 3 
166 21 1148 266 3 
165 23 1146 264 3 
159 23 1145 269 3 
158 25 1180 274 3 
149 25 1176 268 3 
152 27 1189 266 3 
154 30 1186 257 3 
164 31 1188 268 3 
169 33 1181 268 3 
173 31 1181 252 3 
179 35 1162 244 3 
167 35 1141 247 3 
176 32 1156 237 3 
177 35 1164 237 3 
178 34 1177 233 3 
180 32 1156 227 3 
174 32 1178 223 3 
173 40 1161 231 3 
174 36 1163 227 3 
166 39 1153 220 3 
167 39 1145 224 3 
171 36 1131 216 3 
166 35 1151 210 3 
165 38 1139 225 3 
157 39 1156 223 3 
161 39 1136 235 3 
162 41 1139 245 3 
157 36 1118 237 3 
154 36 1110 221 3 
156 37 1120 233 3 
160 34 1129 233 3 
158 30 1141 236 3 
166 26 1124 232 3 
169 31 1130 219 3 
163 35 1146 217 3 
162 34 1156 210 3 
162 33 1139 205 3 
167 31 1121 207 3 
175 31 1123 206 3 
174 32 1135 204 3 
172 36 1124 194 3 
168 31 1127 193 3 
161 32 1109 180 3 
165 32 1112 178 3 
169 34 1123 179 3 
169 34 1128 182 3 
172 33 1100 180 3 
172 31 1124 176 3 
167 28 1117 163 3 
177 31 1139 156 3 
174 31 1144 159 3 
168 28 1132 166 3 
173 28 1114 163 3 
178 27 1118 166 3 
173 29 1132 166 3 
165 29 1151 161 3 
169 27 1151 168 3 
175 28 1143 166 3 
174 26 1107 161 3 
174 27 1119 164 3 
163 26 1137 164 3 
157 29 1162 161 3 
155 23 1184 157 3 
141 21 1167 157 3 
142 19 1165 171 3 
143 16 1166 169 3 
141 19 1152 173 3 
142 17 1149 178 3 
149 19 1165 179 3 
152 16 1141 186 3 
151 15 1151 181 3 
153 15 1152 182 3 
149 17 1163 171 3 
149 20 1157 178 3 
148 18 1169 180 3 
152 16 1178 184 3 
158 19 1174 192 3 
150 21 1191 197 3 
145 22 1186 197 3 
150 21 1188 190 3 
155 18 1181 182 3 
151 16 1190 192 3 
154 20 1185 182 3 
149 19 1173 179 3 
150 22 1205 173 3 
141 20 1194 180 3 
138 21 1207 179 3 
141 25 1228 178 3 
140 23 1211 170 3 
143 22 1233 180 3 
136 22 1222 183 3 
139 21 1212 180 3 
149 26 1217 180 3 
132 28 1166 185 3 
130 28 1156 192 3 
124 24 1166 184 3 
128 25 1163 194 3 
127 25 1168 199 3 
137 24 1183 207 3 
138 21 1182 206 3 
133 23 1186 201 3 
134 22 1186 215 3 
134 24 1182 214 3 
139 25 1182 219 3 
139 27 1188 213 3 
144 27 1163 204 3 
142 30 1173 196 3 
134 28 1180 189 3 
134 28 1175 199 3 
139 28 1156 193 3 
131 26 1161 188 3 
137 28 1163 190 3 
135 25 1177 196 3 
132 25 1170 196 3 
136 26 1194 195 3 
132 29 1206 193 3 
129 30 1199 189 3 
127 30 1200 186 3 
129 32 1194 185 3 
135 32 1209 182 3 
125 31 1205 184 3 
129 34 1220 182 3 
125 34 1220 186 3 
122 31 1217 182 3 
128 33 1210 179 3 
126 33 1209 174 3 
126 33 1232 167 3 
127 33 1216 161 3 
129 33 1213 170 3 
140 30 1232 176 3 
144 30 1208 180 3 
138 32 1206 195 3 
134 36 1189 191 3 
138 38 1208 192 3 
129 47 1198 187 3 
138 44 1200 182 3 
130 42 1203 186 3 
137 42 1214 183 3 
139 41 1214 185 3 
145 43 1216 185 3 
145 43 1238 180 3 
142 42 1256 175 3 
142 42 1273 162 3 
139 43 1249 169 3 
133 46 1237 165 3 
125 46 1219 178 3 
128 44 1213 188 3 
132 41 1185 182 3 
132 41 1177 184 3 
137 42 1177 185 3 
137 40 1159 187 3 
140 42 1136 181 3 
140 45 1121 170 3 
147 43 1130 171 3 
151 45 1128 170 3 
153 45 1102 158 3 
141 46 1098 159 3 
139 46 1107 155 3 
136 45 1137 157 3 
132 38 1132 162 3 
123 36 1172 167 3 
131 38 1177 164 3 
132 38 1173 156 3 
137 38 1169 153 3 
138 39 1154 153 3 
136 39 1152 144 3 
136 40 1173 148 3 
136 37 1170 144 3 
130 39 1151 140 3 
129 36 1150 147 3 
128 37 1147 146 3 
126 39 1143 142 3 
116 41 1139 145 3 
120 39 1144 140 3 
123 42 1136 136 3 
126 44 1141 133 3 
122 44 1149 129 3 
122 43 1159 127 3 
125 42 1175 127 3 
127 37 1166 136 3 
123 36 1164 134 3 
122 38 1166 135 3 
112 40 1180 135 3 
117 42 1174 132 3 
113 46 1201 129 3 
110 45 1216 133 3 
110 44 1247 131 3 
106 38 1248 138 3 
108 33 1240 136 3 
113 37 1258 136 3 
114 43 1273 139 3 
112 41 1285 145 3 
115 41 1275 139 3 
114 43 1289 140 3 
113 40 1288 138 3 
111 37 1312 146 3 
113 36 1301 139 3 
111 33 1317 141 3 
109 31 1317 138 3 
114 35 1307 143 3 
113 32 1296 148 3 
125 33 1287 152 3 
128 37 1308 147 3 
129 40 1308 136 3 
140 37 1309 136 3 
139 39 1313 135 3 
137 42 1314 120 3 
132 46 1277 120 3 
131 47 1275 120 3 
131 50 1250 123 3 
134 52 1252 123 3 
131 52 1271 123 3 
126 49 1276 127 3 
137 49 1264 127 3 
134 51 1246 124 3 
138 48 1274 129 3 
135 48 1260 136 3 
139 46 1253 139 3 
136 46 1247 136 3 
130 46 1263 130 3 
116 44 1257 118 3 
123 44 1239 117 3 
120 43 1236 122 3 
123 45 1238 128 3 
122 41 1232 134 3 
127 35 1245 135 3 
128 35 1241 134 3 
136 38 1234 141 3 
134 41 1230 147 3 
135 41 1254 146 3 
135 42 1233 145 3 
130 45 1216 143 3 
133 47 1230 148 3 
123 51 1247 140 3 
125 54 1254 151 3 
125 57 1279 152 3 
117 56 1262 156 3 
112 58 1243 159 3 
116 60 1254 163 3 
123 63 1259 154 3 
125 63 1266 149 3 
121 64 1255 145 3 
120 60 1233 154 3 
117 60 1258 159 3 
117 56 1255 154 3 
120 57 1219 156 3 
132 54 1207 158 3 
128 53 1201 157 3 
130 53 1188 154 3 
130 50 1203 162 3 
130 48 1209 158 3 
128 48 1203 158 3 
127 50 1196 165 3 
130 47 1191 159 3 
128 55 1182 156 3 
126 54 1164 149 3 
128 47 1195 150 3 
128 44 1184 145 3 
124 44 1151 146 3 
127 40 1165 148 3 
122 41 1148 152 3 
120 40 1147 149 3 
123 39 1125 152 3 
117 37 1128 147 3 
107 38 1137 147 3 
111 39 1132 148 3 
109 38 1139 149 3 
110 39 1132 148 3 
106 37 1145 151 3 
115 36 1140 154 3 
115 38 1133 148 3 
121 37 1137 147 3 
125 36 1163 137 3 
125 37 1177 136 3 
136 40 1174 131 3 
134 46 1188 137 3 
135 46 1181 138 3 
136 43 1158 145 3 
140 36 1148 139 3 
136 34 1168 140 3 
128 40 1168 145 3 
138 36 1176 145 3 
141 36 1170 158 3 
131 40 1195 146 3 
128 44 1197 154 3 
128 50 1179 147 3 
133 53 1179 138 3 
133 53 1168 132 3 
142 57 1179 131 3 
138 57 1178 131 3 
142 58 1173 131 3 
142 61 1195 135 3 
146 61 1212 144 3 
142 58 1205 148 3 
141 52 1212 148 3 
140 58 1217 143 3 
141 53 1212 141 3 
141 52 1216 135 3 
127 55 1216 136 3 
130 55 1203 144 3 
135 55 1183 147 3 
140 55 1174 140 3 
139 54 1171 147 3 
141 56 1179 141 3 
143 56 1171 142 3 
140 51 1164 148 3 
141 51 1146 152 3 
140 51 1167 147 3 
142 48 1159 155 3 
138 50 1153 164 3 
138 47 1191 158 3 
136 49 1196 157 3 
136 50 1186 156 3 
134 50 1175 160 3 
132 47 1162 156 3 
129 48 1174 157 3 
130 47 1175 166 3 
133 49 1173 171 3 
138 51 1153 165 3 
140 45 1141 167 3 
140 45 1153 170 3 
134 44 1153 175 3 
145 47 1156 179 3 
144 45 1178 179 3 
134 48 1192 179 3 
134 47 1182 172 3 
136 50 1186 171 3 
130 40 1168 172 3 
126 36 1183 170 3 
133 38 1154 174 3 
138 36 1157 173 3 
139 36 1160 165 3 
140 37 1152 167 3 
141 39 1158 169 3 
141 33 1164 162 3 
143 30 1178 161 3 
149 32 1171 163 3 
151 31 1160 165 3 
151 30 1174 163 3 
148 29 1151 171 3 
151 28 1174 174 3 
158 28 1180 181 3 
157 30 1170 175 3 
152 27 1184 179 3 
156 31 1185 184 3 
154 31 1179 184 3 
156 27 1184 181 3 
152 28 1191 178 3 
148 26 1192 177 3 
147 27 1188 169 3 
148 26 1187 173 3 
144 26 1173 181 3 
138 27 1163 188 3 
130 31 1154 193 3 
137 33 1159 181 3 
138 33 1174 184 3 
148 32 1192 187 3 
151 32 1207 183 3 
152 31 1207 187 3 
148 30 1192 193 3 
153 31 1193 189 3 
154 30 1178 197 3 
150 29 1159 195 3 
144 30 1174 207 3 
158 27 1183 203 3 
158 28 1197 196 3 
155 29 1227 204 3 
159 25 1214 199 3 
157 25 1194 208 3 
153 27 1181 206 3 
150 28 1178 206 3 
149 25 1200 213 3 
148 27 1199 198 3 
149 27 1216 197 3 
152 23 1230 205 3 
154 23 1216 194 3 
158 26 1227 184 3 
166 22 1223 187 3 
161 23 1246 178 3 
166 22 1255 171 3 
169 23 1234 175 3 
174 27 1249 188 3 
157 28 1245 177 3 
145 30 1230 171 3 
150 28 1210 166 3 
148 25 1201 157 3 
161 26 1204 154 3 
150 28 1215 155 3 
155 25 1215 158 3 
151 29 1203 152 3 
161 31 1198 164 3 
159 31 1214 161 3 
167 31 1227 164 3 
165 31 1218 168 3 
164 31 1197 163 3 
168 34 1193 166 3 
163 31 1185 170 3 
165 32 1201 167 3 
174 30 1209 169 3 
172 32 1220 167 3 
187 33 1207 162 3 
193 32 1207 160 3 
191 33 1220 150 3 
188 37 1241 160 3 
190 36 1236 163 3 
183 35 1250 163 3 
179 38 1255 166 3 
178 39 1258 160 3 
171 38 1235 165 3 
177 42 1248 164 3 
182 43 1236 166 3 
183 47 1222 166 3 
185 47 1209 164 3 
188 47 1182 171 3 
181 47 1202 179 3 
169 51 1208 170 3 
176 49 1189 168 3 
180 47 1226 167 3 
184 47 1214 162 3 
192 50 1203 165 3 
195 54 1219 165 3 
184 54 1209 159 3 
191 58 1187 163 3 
188 56 1198 163 3 
182 58 1191 160 3 
179 54 1207 153 3 
174 56 1203 156 3 
179 57 1166 155 3 
170 61 1165 155 3 
180 59 1161 156 3 
187 58 1161 158 3 
182 56 1145 161 3 
182 53 1169 165 3 
185 53 1155 173 3 
180 49 1125 174 3 
173 51 1124 186 3 
177 50 1110 180 3 
177 46 1138 183 3 
173 44 1134 183 3 
175 43 1144 178 3 
170 45 1164 168 3 
177 42 1137 170 3 
175 43 1149 172 3 
181 38 1158 172 3 
182 42 1163 177 3 
182 43 1165 170 3 
180 40 1158 151 3 
186 38 1168 160 3 
193 41 1168 159 3 
199 45 1161 158 3 
190 49 1143 150 3 
194 50 1135 149 3 
198 54 1125 151 3 
188 49 1121 154 3 
203 54 1136 153 3 
196 56 1133 159 3 
202 56 1117 150 3 
200 54 1118 144 3 
196 51 1126 144 3 
206 55 1123 143 3 
196 58 1094 147 3 
200 48 1101 131 3 
198 50 1072 128 3 
206 55 1086 125 3 
210 53 1081 129 3 
203 54 1072 132 3 
198 53 1067 134 3 
187 45 1052 132 3 
180 46 1072 131 3 
182 44 1098 133 3 
192 44 1091 128 3 
191 46 1079 129 3 
202 46 1064 125 3 
207 46 1079 134 3 
201 45 1119 143 3 
205 48 1129 146 3 
211 50 1127 146 3 
206 47 1129 145 3 
204 46 1141 148 3 
209 43 1105 154 3 
211 43 1104 159 3 
201 46 1120 161 3 
201 45 1116 163 3 
200 37 1103 168 3 
208 39 1104 163 3 
208 36 1100 168 3 
206 36 1112 169 3 
211 40 1111 168 3 
205 37 1120 170 3 
209 40 1110 167 3 
207 39 1092 163 3 
199 39 1104 166 3 
193 40 1090 167 3 
190 43 1100 160 3 
186 41 1109 149 3 
188 44 1115 158 3 
192 51 1115 164 3 
187 53 1127 165 3 
183 55 1123 164 3 
