1 0 0 0 0 
1 1 0 0 0 
2 2 0 1 0 
2 3 0 2 0 
3 2 0 1 0 
5 2 0 2 0 
4 2 0 2 0 
4 3 0 4 0 
5 1 0 4 0 
6 1 1 4 0 
4 3 0 5 0 
4 2 1 7 0 
4 3 1 9 0 
4 3 2 8 0 
5 4 2 9 0 
4 5 1 8 0 
5 5 0 8 0 
6 4 1 7 0 
5 4 1 10 0 
6 4 1 9 0 
7 2 1 9 0 
6 1 1 10 0 
7 2 2 10 0 
5 2 3 10 0 
6 2 3 12 0 
6 4 3 14 0 
9 4 3 13 0 
8 3 3 13 0 
8 3 6 15 0 
8 3 6 14 0 
8 3 4 15 0 
7 2 4 17 0 
7 2 3 14 0 
6 2 2 13 0 
7 3 2 14 0 
7 3 3 13 0 
8 3 5 13 0 
9 3 6 14 0 
9 3 8 12 0 
12 2 8 14 0 
11 3 8 14 0 
12 1 8 16 0 
10 1 8 15 0 
11 1 9 17 0 
8 1 10 18 0 
8 1 10 16 0 
7 1 11 18 0 
5 0 12 22 0 
5 0 13 23 0 
6 2 12 20 0 
8 3 15 23 0 
10 3 12 25 0 
11 4 13 27 0 
13 6 10 26 0 
15 9 11 25 0 
15 13 12 25 0 
16 13 11 25 0 
19 14 12 24 0 
18 14 11 27 0 
18 14 13 24 0 
18 14 14 23 0 
15 15 17 21 0 
13 13 21 21 0 
13 11 19 21 0 
11 13 17 24 0 
7 13 19 27 0 
8 14 23 30 0 
8 14 23 31 0 
5 15 27 31 0 
4 15 31 33 0 
3 14 35 33 0 
3 14 40 29 0 
5 14 41 31 0 
6 14 40 29 0 
7 13 47 33 0 
8 15 51 38 0 
8 14 53 37 0 
10 14 51 39 0 
10 14 52 45 0 
11 14 59 46 0 
13 14 69 48 0 
11 13 69 50 0 
10 14 68 51 0 
10 15 71 51 0 
10 16 76 48 0 
11 15 75 49 0 
12 16 74 50 0 
12 16 83 47 3 
9 16 85 49 3 
8 17 95 55 3 
8 16 98 61 3 
11 16 99 59 3 
10 16 103 59 3 
10 15 113 61 3 
11 16 111 55 3 
12 14 115 54 3 
14 13 117 52 3 
14 14 121 55 3 
15 14 119 59 3 
18 15 121 58 3 
19 18 121 58 3 
19 18 122 63 3 
23 19 128 63 3 
24 20 128 67 3 
25 20 132 67 3 
26 21 125 69 3 
28 19 132 71 3 
28 18 128 72 3 
29 18 135 79 3 
26 17 132 82 3 
30 18 136 86 3 
32 18 128 80 3 
31 20 137 84 3 
32 19 133 83 3 
37 19 132 83 3 
31 20 143 85 3 
32 17 154 90 3 
31 18 160 91 3 
28 18 158 90 3 
25 19 165 95 3 
26 18 174 85 3 
30 17 177 88 3 
32 19 183 93 3 
32 25 181 102 3 
33 25 186 107 3 
28 27 199 114 3 
25 34 192 110 3 
27 33 197 118 3 
27 34 208 115 3 
33 30 212 121 3 
34 32 222 120 3 
35 41 226 122 3 
32 42 236 134 3 
34 42 236 130 3 
37 43 245 131 3 
40 46 253 133 3 
41 44 249 135 3 
39 46 245 135 3 
34 43 254 137 3 
35 43 261 137 3 
37 43 266 131 3 
40 37 271 137 3 
37 35 276 141 3 
42 38 281 147 3 
49 41 276 148 3 
53 44 280 153 3 
49 43 286 157 3 
50 38 305 159 3 
56 44 314 158 3 
53 44 311 150 3 
52 47 316 149 3 
46 50 312 142 3 
46 52 317 140 3 
46 52 341 139 3 
51 53 343 140 3 
48 56 360 142 3 
50 56 351 149 3 
47 55 362 148 3 
48 55 363 152 3 
50 58 374 166 3 
48 57 384 177 3 
50 54 387 185 3 
51 52 385 196 3 
49 56 394 195 3 
47 54 386 190 3 
47 56 402 199 3 
50 62 421 205 3 
53 65 426 215 3 
54 60 434 217 3 
51 60 444 225 3 
49 63 446 225 3 
45 61 467 225 3 
44 55 488 231 3 
44 55 505 235 3 
45 56 521 241 3 
45 50 520 240 3 
47 45 522 244 3 
48 45 517 264 3 
50 46 522 259 3 
47 43 517 268 3 
48 43 503 278 3 
44 43 502 278 3 
45 44 527 298 3 
49 44 544 282 3 
49 46 550 280 3 
50 50 541 286 3 
48 49 559 294 3 
47 50 568 301 3 
48 53 559 293 3 
47 53 570 290 3 
45 61 595 294 3 
44 58 603 307 3 
42 62 597 316 3 
42 65 599 332 3 
42 63 610 327 3 
41 66 609 323 3 
45 70 627 328 3 
42 67 623 318 3 
42 62 644 328 3 
43 63 655 333 3 
43 65 680 339 3 
46 68 670 349 3 
45 65 693 352 3 
47 64 698 357 3 
46 62 703 367 3 
49 61 715 376 3 
53 63 705 383 3 
54 56 727 398 3 
57 52 737 401 3 
61 49 726 409 3 
62 47 716 407 3 
57 49 750 424 3 
53 55 741 430 3 
55 59 735 407 3 
57 63 765 414 3 
57 70 758 445 3 
64 70 745 444 3 
58 74 758 447 3 
60 75 768 452 3 
68 76 783 458 3 
63 77 767 457 3 
63 76 777 451 3 
62 77 774 463 3 
66 76 766 460 3 
72 74 750 466 3 
74 78 765 467 3 
73 77 759 457 3 
76 80 750 459 3 
79 80 755 476 3 
79 87 744 486 3 
77 88 763 477 3 
78 91 762 479 3 
78 89 774 481 3 
79 93 785 483 3 
82 82 796 491 3 
87 77 800 501 3 
87 78 783 489 3 
91 76 786 489 3 
95 78 790 476 3 
81 74 801 473 3 
76 73 816 486 3 
75 75 816 488 3 
73 70 833 493 3 
75 75 828 498 3 
67 75 824 517 3 
74 75 837 517 3 
73 74 829 499 3 
75 73 831 510 3 
77 71 844 511 3 
77 73 849 515 3 
81 71 839 519 3 
80 73 832 509 3 
86 69 829 505 3 
89 71 824 508 3 
91 71 813 519 3 
96 67 819 516 3 
103 65 811 509 3 
98 71 808 506 3 
98 74 830 510 3 
101 72 843 498 3 
109 70 856 488 3 
100 78 864 497 3 
102 73 874 491 3 
101 75 867 488 3 
99 79 870 483 3 
98 73 858 499 3 
97 77 856 502 3 
96 76 861 498 3 
101 76 865 491 3 
95 80 867 495 3 
88 82 873 494 3 
82 78 887 493 3 
86 80 911 493 3 
86 89 911 490 3 
88 86 933 493 3 
89 88 910 484 3 
91 89 903 475 3 
99 81 907 500 3 
96 76 897 514 3 
97 80 899 515 3 
92 84 905 530 3 
91 80 900 516 3 
89 82 897 520 3 
89 83 878 528 3 
93 88 878 531 3 
88 91 897 537 3 
90 84 908 548 3 
98 84 912 545 3 
91 83 901 545 3 
91 84 908 525 3 
92 83 900 523 3 
90 82 911 529 3 
92 82 908 527 3 
99 80 928 501 3 
102 79 927 497 3 
96 81 929 494 3 
91 87 931 492 3 
94 84 921 498 3 
96 84 928 495 3 
93 86 949 491 3 
86 93 956 476 3 
91 86 964 485 3 
94 86 953 492 3 
94 92 952 494 3 
102 91 965 509 3 
104 87 939 488 3 
106 84 942 502 3 
113 88 955 497 3 
117 86 960 502 3 
115 81 965 497 3 
120 80 967 484 3 
120 79 985 485 3 
118 80 963 482 3 
119 90 991 485 3 
124 80 973 483 3 
124 82 972 470 3 
129 79 977 452 3 
133 83 983 449 3 
126 76 986 451 3 
124 77 996 440 3 
119 85 996 436 3 
109 81 1006 437 3 
103 77 1005 420 3 
114 71 1011 418 3 
112 69 1026 405 3 
109 72 1019 398 3 
106 70 1022 394 3 
108 70 1023 404 3 
101 71 1027 401 3 
97 72 1020 404 3 
95 72 1029 402 3 
97 72 998 399 3 
100 64 985 398 3 
93 67 973 399 3 
94 60 977 393 3 
97 66 978 401 3 
102 67 975 403 3 
104 69 1002 404 3 
103 68 1001 412 3 
105 64 1002 408 3 
105 67 985 405 3 
105 67 1005 392 3 
114 69 1006 389 3 
115 74 978 397 3 
109 77 970 390 3 
113 79 978 403 3 
109 78 963 412 3 
101 74 962 416 3 
98 74 997 404 3 
94 72 997 404 3 
94 71 1007 409 3 
98 66 1004 394 3 
97 62 1012 404 3 
98 60 1016 404 3 
101 58 1013 393 3 
97 59 994 403 3 
94 61 1000 401 3 
91 58 1019 388 3 
96 57 1020 391 3 
98 61 1008 401 3 
96 65 1011 389 3 
88 62 1032 396 3 
83 60 1031 389 3 
77 64 1023 394 3 
82 62 999 379 3 
80 65 999 380 3 
81 68 1010 382 3 
83 66 1047 385 3 
81 71 1061 374 3 
79 66 1042 360 3 
82 67 1043 367 3 
83 69 1036 369 3 
78 67 1032 366 3 
80 66 1046 375 3 
79 67 1042 372 3 
76 68 1048 368 3 
77 64 1058 373 3 
81 61 1059 362 3 
85 57 1056 375 3 
80 59 1066 372 3 
82 60 1064 371 3 
86 56 1055 375 3 
86 54 1048 382 3 
83 51 1067 364 3 
77 50 1094 361 3 
75 52 1108 357 3 
74 54 1091 346 3 
76 57 1087 346 3 
77 60 1095 350 3 
75 58 1109 351 3 
76 58 1117 354 3 
81 57 1107 356 3 
88 56 1097 359 3 
88 61 1068 362 3 
86 68 1071 350 3 
95 66 1052 346 3 
94 64 1071 349 3 
85 67 1061 343 3 
81 68 1063 337 3 
82 68 1082 332 3 
85 69 1086 330 3 
82 66 1074 342 3 
82 65 1066 350 3 
80 60 1089 335 3 
76 59 1087 327 3 
76 61 1117 323 3 
78 58 1110 326 3 
87 53 1087 337 3 
86 52 1109 337 3 
84 56 1116 336 3 
82 60 1144 338 3 
78 58 1152 346 3 
74 57 1156 351 3 
79 57 1128 340 3 
78 57 1133 324 3 
81 59 1131 326 3 
86 63 1107 332 3 
91 60 1123 335 3 
102 58 1082 341 3 
100 61 1108 340 3 
97 60 1100 353 3 
96 58 1127 355 3 
93 54 1120 352 3 
89 56 1127 345 3 
85 56 1127 345 3 
79 56 1116 352 3 
83 56 1102 358 3 
79 58 1113 358 3 
77 60 1121 353 3 
77 64 1110 351 3 
80 58 1116 363 3 
76 61 1103 365 3 
68 63 1072 368 3 
71 66 1075 365 3 
71 67 1045 363 3 
68 69 1024 350 3 
65 64 1026 343 3 
66 63 1042 335 3 
68 64 1068 344 3 
74 65 1047 358 3 
76 61 1069 358 3 
79 64 1069 352 3 
73 56 1073 347 3 
76 58 1081 352 3 
67 57 1096 364 3 
69 51 1097 369 3 
72 53 1095 355 3 
76 55 1095 356 3 
80 48 1102 347 3 
83 48 1102 348 3 
78 46 1099 346 3 
73 47 1125 358 3 
79 45 1142 357 3 
81 44 1155 359 3 
76 45 1142 342 3 
77 43 1141 335 3 
78 44 1154 326 3 
74 39 1175 322 3 
73 36 1184 327 3 
72 33 1194 326 3 
69 33 1173 332 3 
66 35 1145 337 3 
71 35 1148 337 3 
70 38 1126 340 3 
73 41 1158 337 3 
80 38 1167 341 3 
85 38 1178 331 3 
86 39 1174 339 3 
82 39 1170 341 3 
80 39 1155 339 3 
86 37 1155 339 3 
81 35 1154 331 3 
86 36 1159 336 3 
90 31 1140 332 3 
93 29 1136 328 3 
90 32 1121 337 3 
85 32 1133 333 3 
82 32 1142 334 3 
85 34 1145 336 3 
88 35 1145 339 3 
87 34 1120 360 3 
87 33 1111 358 3 
89 34 1121 363 3 
92 33 1121 356 3 
91 35 1140 349 3 
87 38 1146 347 3 
83 37 1118 346 3 
90 37 1097 350 3 
92 35 1064 358 3 
87 32 1069 358 3 
89 31 1061 347 3 
91 33 1073 341 3 
86 32 1049 347 3 
84 36 1055 353 3 
88 35 1053 372 3 
87 34 1068 372 3 
86 39 1056 356 3 
84 39 1065 354 3 
79 37 1101 343 3 
86 36 1112 345 3 
81 37 1100 353 3 
75 36 1091 345 3 
72 39 1083 341 3 
70 37 1109 346 3 
73 39 1123 360 3 
71 39 1125 367 3 
71 40 1119 373 3 
73 47 1105 373 3 
69 49 1082 373 3 
73 46 1084 374 3 
79 51 1081 383 3 
80 48 1111 384 3 
78 43 1112 372 3 
79 39 1083 356 3 
76 45 1090 361 3 
69 42 1094 362 3 
69 39 1094 363 3 
68 41 1105 357 3 
66 36 1083 362 3 
60 41 1087 360 3 
61 41 1069 358 3 
62 48 1088 367 3 
64 50 1122 376 3 
61 53 1140 381 3 
62 51 1129 367 3 
63 53 1104 381 3 
66 50 1101 384 3 
66 52 1096 392 3 
63 49 1109 387 3 
67 52 1103 388 3 
67 54 1124 409 3 
67 57 1132 406 3 
68 55 1089 413 3 
65 52 1092 424 3 
60 51 1101 393 3 
66 53 1085 387 3 
66 54 1067 379 3 
60 52 1062 383 3 
60 58 1065 378 3 
59 56 1048 381 3 
62 58 1067 386 3 
62 58 1083 382 3 
64 58 1068 373 3 
63 61 1070 390 3 
64 62 1048 395 3 
63 53 1048 384 3 
66 47 1057 393 3 
68 47 1048 402 3 
67 46 1038 400 3 
66 44 1055 396 3 
69 49 1031 404 3 
65 49 1030 406 3 
68 45 1053 410 3 
73 47 1053 402 3 
81 51 1067 412 3 
80 47 1050 399 3 
85 45 1051 399 3 
82 44 1047 397 3 
85 40 1043 401 3 
85 38 1029 403 3 
91 39 1018 398 3 
89 39 1035 388 3 
82 35 1028 380 3 
75 39 1017 371 3 
71 40 1018 373 3 
73 40 1024 387 3 
73 38 1021 396 3 
75 36 1013 403 3 
80 33 995 391 3 
84 34 986 394 3 
82 32 977 389 3 
78 35 974 386 3 
70 39 993 386 3 
69 43 992 384 3 
73 43 988 374 3 
74 50 997 377 3 
80 49 994 362 3 
79 44 1013 360 3 
71 45 1005 382 3 
70 44 1012 376 3 
70 46 1021 374 3 
67 42 1032 370 3 
74 41 1027 369 3 
77 39 1033 374 3 
71 33 1028 354 3 
64 36 1034 351 3 
63 39 1041 348 3 
64 36 1052 347 3 
67 32 1047 353 3 
66 35 1055 350 3 
71 33 1061 349 3 
74 35 1067 347 3 
74 33 1068 352 3 
65 37 1058 345 3 
69 37 1083 344 3 
68 40 1096 338 3 
71 41 1083 347 3 
69 38 1052 350 3 
69 37 1045 362 3 
72 39 1054 384 3 
74 39 1055 383 3 
72 40 1070 367 3 
65 42 1085 369 3 
68 45 1071 363 3 
69 45 1085 367 3 
67 43 1112 374 3 
67 44 1129 364 3 
67 42 1118 359 3 
59 38 1123 352 3 
63 39 1104 357 3 
60 43 1094 366 3 
60 43 1106 367 3 
53 41 1105 369 3 
50 37 1106 359 3 
49 37 1097 363 3 
53 40 1101 358 3 
47 39 1096 349 3 
48 37 1069 349 3 
41 36 1072 343 3 
36 38 1059 344 3 
39 38 1049 338 3 
41 37 1047 345 3 
45 41 1062 338 3 
44 46 1051 339 3 
46 44 1061 334 3 
45 45 1070 355 3 
50 44 1071 358 3 
51 43 1070 357 3 
49 41 1097 348 3 
51 44 1092 345 3 
48 45 1075 339 3 
49 44 1075 334 3 
45 46 1080 326 3 
45 46 1089 326 3 
46 40 1084 313 3 
45 40 1084 308 3 
48 44 1083 308 3 
55 38 1089 313 3 
50 43 1075 329 3 
53 48 1057 319 3 
57 47 1065 316 3 
57 43 1076 324 3 
59 38 1072 326 3 
63 34 1064 330 3 
65 36 1081 330 3 
65 36 1066 318 3 
69 35 1068 326 3 
63 33 1074 318 3 
58 34 1078 328 3 
55 35 1086 329 3 
58 37 1068 337 3 
59 38 1084 323 3 
59 32 1101 326 3 
61 35 1112 345 3 
54 34 1115 341 3 
54 35 1130 338 3 
58 29 1119 345 3 
56 30 1116 355 3 
58 29 1127 343 3 
59 32 1123 350 3 
58 38 1108 352 3 
58 42 1076 371 3 
61 41 1101 361 3 
57 40 1107 368 3 
55 41 1116 378 3 
54 41 1117 363 3 
55 42 1133 369 3 
54 37 1132 360 3 
50 37 1159 355 3 
54 37 1161 349 3 
60 36 1177 365 3 
55 36 1173 374 3 
58 36 1176 362 3 
58 37 1181 361 3 
56 34 1177 353 3 
56 34 1165 349 3 
53 31 1163 356 3 
55 28 1153 357 3 
49 31 1167 348 3 
52 28 1174 348 3 
52 28 1192 343 3 
56 31 1192 357 3 
55 32 1169 351 3 
55 33 1170 354 3 
56 29 1180 363 3 
61 24 1147 370 3 
59 24 1142 351 3 
61 21 1142 358 3 
60 21 1155 354 3 
58 22 1156 353 3 
59 22 1137 350 3 
60 21 1140 352 3 
57 23 1128 356 3 
56 24 1102 375 3 
57 28 1092 372 3 
58 25 1090 356 3 
59 22 1071 359 3 
68 22 1086 349 3 
70 23 1082 364 3 
76 25 1067 371 3 
72 25 1061 372 3 
77 24 1076 373 3 
79 24 1097 374 3 
78 20 1093 376 3 
82 18 1080 382 3 
86 20 1086 394 3 
87 22 1081 400 3 
87 25 1084 399 3 
82 25 1080 395 3 
80 30 1070 386 3 
78 32 1051 393 3 
85 28 1028 399 3 
92 28 1056 410 3 
94 29 1065 400 3 
94 29 1075 406 3 
94 27 1060 407 3 
96 29 1057 406 3 
102 31 1065 400 3 
99 33 1063 392 3 
95 34 1066 381 3 
99 29 1052 378 3 
96 33 1048 383 3 
93 31 1056 390 3 
94 35 1051 395 3 
92 39 1066 393 3 
88 42 1084 396 3 
89 43 1078 395 3 
94 40 1096 400 3 
99 38 1106 399 3 
102 32 1098 410 3 
104 29 1098 406 3 
109 28 1083 400 3 
118 30 1080 401 3 
109 30 1072 400 3 
109 31 1059 396 3 
109 32 1054 401 3 
107 35 1073 385 3 
104 36 1076 389 3 
100 34 1095 392 3 
105 31 1074 388 3 
106 31 1057 379 3 
103 32 1056 385 3 
103 32 1069 386 3 
101 29 1066 381 3 
100 32 1074 371 3 
94 30 1056 373 3 
90 28 1038 352 3 
89 33 1036 366 3 
92 34 1023 363 3 
92 35 1015 356 3 
93 34 1029 351 3 
94 39 1050 351 3 
95 39 1066 354 3 
91 35 1070 349 3 
94 33 1048 363 3 
95 25 1050 371 3 
93 24 1052 376 3 
88 25 1067 376 3 
83 26 1077 379 3 
78 21 1077 381 3 
82 21 1075 377 3 
75 24 1079 363 3 
76 24 1077 378 3 
76 24 1080 370 3 
81 25 1065 366 3 
83 24 1060 364 3 
80 26 1069 361 3 
78 27 1089 361 3 
83 27 1076 362 3 
89 25 1083 356 3 
94 25 1097 368 3 
97 27 1099 369 3 
94 24 1092 370 3 
94 25 1088 378 3 
97 25 1094 364 3 
96 26 1092 349 3 
95 26 1097 353 3 
93 31 1091 343 3 
95 36 1089 350 3 
97 40 1103 336 3 
100 41 1073 342 3 
106 40 1092 341 3 
105 41 1074 333 3 
101 43 1069 328 3 
100 45 1078 339 3 
103 42 1086 343 3 
102 40 1095 349 3 
101 40 1082 341 3 
108 36 1078 339 3 
124 37 1080 345 3 
121 39 1070 331 3 
129 39 1090 329 3 
129 38 1092 332 3 
124 34 1118 337 3 
127 33 1115 341 3 
132 37 1118 338 3 
125 35 1126 329 3 
117 30 1119 331 3 
117 28 1106 331 3 
117 26 1114 322 3 
122 24 1135 324 3 
122 24 1139 321 3 
119 26 1134 315 3 
122 28 1143 298 3 
116 28 1132 313 3 
113 27 1130 314 3 
104 26 1147 315 3 
108 24 1151 325 3 
111 18 1146 319 3 
113 18 1109 322 3 
113 20 1105 318 3 
111 22 1088 307 3 
101 26 1082 313 3 
101 25 1097 333 3 
101 21 1102 330 3 
101 23 1124 330 3 
95 27 1104 329 3 
91 24 1082 340 3 
90 22 1070 351 3 
90 25 1078 351 3 
89 26 1087 356 3 
90 27 1096 351 3 
97 26 1088 359 3 
103 26 1086 362 3 
105 28 1083 362 3 
100 30 1074 364 3 
104 32 1088 358 3 
105 33 1070 354 3 
104 30 1040 346 3 
105 30 1069 330 3 
98 32 1068 338 3 
100 28 1075 334 3 
97 27 1081 340 3 
102 30 1088 339 3 
109 31 1103 340 3 
114 36 1103 332 3 
114 37 1126 328 3 
114 37 1122 322 3 
116 36 1124 330 3 
117 33 1135 315 3 
120 34 1119 329 3 
115 35 1108 326 3 
119 34 1119 321 3 
112 30 1147 317 3 
110 28 1155 325 3 
106 29 1176 315 3 
104 27 1181 323 3 
104 33 1176 326 3 
106 33 1182 321 3 
105 33 1184 321 3 
106 31 1187 321 3 
114 32 1185 327 3 
118 37 1178 323 3 
122 34 1176 315 3 
129 32 1170 319 3 
137 35 1164 322 3 
139 32 1137 315 3 
135 31 1159 321 3 
131 29 1151 325 3 
130 28 1151 326 3 
121 29 1188 317 3 
114 30 1187 315 3 
114 36 1166 334 3 
115 34 1161 325 3 
113 29 1171 320 3 
120 29 1161 309 3 
120 27 1145 301 3 
122 30 1129 304 3 
125 32 1137 304 3 
121 31 1148 303 3 
127 34 1141 297 3 
122 41 1154 306 3 
117 44 1153 310 3 
119 44 1145 310 3 
118 43 1156 298 3 
118 41 1154 301 3 
124 43 1164 298 3 
124 42 1171 287 3 
120 42 1190 289 3 
119 44 1202 283 3 
127 47 1195 263 3 
121 45 1206 275 3 
119 43 1210 280 3 
118 42 1207 270 3 
121 48 1212 273 3 
119 46 1190 272 3 
112 43 1169 270 3 
113 40 1151 286 3 
116 44 1178 267 3 
111 41 1174 260 3 
122 43 1166 252 3 
124 44 1133 250 3 
125 48 1138 254 3 
119 46 1146 261 3 
120 42 1124 268 3 
126 43 1134 267 3 
131 41 1136 273 3 
129 42 1142 266 3 
127 39 1149 271 3 
122 38 1182 281 3 
121 41 1190 278 3 
118 46 1191 274 3 
108 42 1201 273 3 
106 42 1181 274 3 
113 46 1173 281 3 
111 45 1185 283 3 
108 44 1184 281 3 
114 44 1201 281 3 
120 46 1207 282 3 
123 45 1186 274 3 
122 44 1176 276 3 
118 46 1164 272 3 
113 47 1180 275 3 
113 45 1196 276 3 
117 48 1176 281 3 
118 51 1177 285 3 
116 56 1175 283 3 
111 63 1181 284 3 
109 66 1155 277 3 
109 59 1154 275 3 
107 63 1142 274 3 
109 65 1165 278 3 
111 71 1172 274 3 
113 69 1190 272 3 
108 68 1174 283 3 
107 67 1192 270 3 
107 70 1166 274 3 
113 68 1181 280 3 
115 65 1173 269 3 
118 69 1144 257 3 
120 72 1126 263 3 
116 74 1121 255 3 
117 67 1139 256 3 
116 67 1142 253 3 
120 64 1125 256 3 
119 67 1145 245 3 
121 66 1158 239 3 
118 62 1143 237 3 
114 68 1145 238 3 
112 72 1142 239 3 
111 68 1151 235 3 
109 62 1168 227 3 
120 63 1149 218 3 
121 62 1138 211 3 
122 66 1157 213 3 
130 68 1170 218 3 
129 70 1180 220 3 
127 67 1161 217 3 
127 57 1139 209 3 
126 63 1135 213 3 
126 66 1161 213 3 
132 68 1164 207 3 
133 69 1158 208 3 
131 70 1163 203 3 
135 68 1160 198 3 
141 67 1163 197 3 
138 66 1140 190 3 
148 66 1154 177 3 
150 69 1154 174 3 
151 68 1151 178 3 
148 63 1158 167 3 
142 60 1167 163 3 
141 59 1169 164 3 
154 63 1182 158 3 
159 65 1175 165 3 
163 58 1166 169 3 
152 58 1157 173 3 
152 60 1172 175 3 
153 62 1156 164 3 
152 62 1164 164 3 
152 66 1158 166 3 
150 67 1148 170 3 
152 71 1131 176 3 
145 70 1148 176 3 
149 71 1158 190 3 
154 66 1148 184 3 
150 69 1161 181 3 
145 68 1190 173 3 
140 66 1194 173 3 
147 61 1214 171 3 
149 62 1221 171 3 
156 64 1231 163 3 
168 65 1211 165 3 
165 64 1206 166 3 
164 68 1187 166 3 
157 64 1196 163 3 
160 61 1190 166 3 
158 63 1168 169 3 
153 60 1153 164 3 
153 58 1127 164 3 
157 58 1133 167 3 
150 59 1123 170 3 
149 61 1125 179 3 
140 60 1142 170 3 
133 61 1171 177 3 
132 65 1176 173 3 
127 66 1174 170 3 
130 65 1187 176 3 
127 67 1188 174 3 
124 62 1192 176 3 
