0 0 1 0 0 
1 0 1 0 0 
1 0 1 0 0 
1 1 2 0 0 
1 2 2 0 0 
1 2 3 0 0 
1 1 3 0 0 
1 2 3 0 0 
1 2 3 1 0 
2 2 4 1 0 
2 2 5 1 0 
3 2 6 1 0 
3 2 8 1 0 
4 2 7 1 0 
6 2 8 2 0 
7 2 7 2 0 
9 3 8 3 0 
10 3 10 3 0 
10 3 9 4 0 
11 3 12 3 0 
8 5 12 4 0 
7 5 11 5 0 
9 6 11 5 0 
9 7 8 6 0 
9 8 8 4 0 
10 9 7 4 0 
11 9 10 4 0 
10 11 12 7 0 
11 12 12 8 0 
13 11 12 8 0 
12 13 10 7 0 
11 14 9 7 0 
12 16 7 8 0 
13 17 8 7 0 
11 22 9 7 0 
13 21 9 8 0 
12 22 10 8 0 
14 20 10 9 0 
15 20 11 12 0 
14 24 12 12 0 
12 22 14 13 0 
11 26 11 13 0 
10 29 10 15 0 
10 29 9 13 0 
11 27 9 11 2 
13 28 6 11 0 
13 30 6 12 2 
13 31 5 15 0 
12 31 7 14 0 
13 36 7 13 2 
11 37 6 13 2 
10 37 4 16 2 
7 41 6 15 2 
7 39 8 14 2 
7 36 7 15 2 
5 31 5 13 2 
5 34 4 16 0 
6 31 3 18 0 
4 30 3 22 0 
4 31 4 20 0 
5 29 4 20 0 
6 32 4 23 0 
6 33 6 21 0 
6 32 7 21 0 
6 31 7 22 0 
5 28 7 24 0 
4 26 9 24 0 
5 26 12 25 0 
6 24 13 21 0 
5 26 13 23 0 
5 26 14 26 0 
5 24 14 25 0 
5 24 12 23 0 
5 25 12 22 0 
7 24 11 24 0 
9 24 11 26 0 
11 25 12 27 0 
12 26 13 24 0 
11 29 14 25 0 
10 31 16 26 0 
8 29 15 29 0 
7 28 17 31 0 
8 26 21 33 0 
6 24 23 35 0 
6 22 27 34 0 
5 24 32 37 0 
6 26 34 41 0 
7 26 35 40 0 
9 29 37 45 0 
8 28 39 41 0 
8 25 39 42 0 
8 26 35 46 0 
5 25 35 48 0 
6 24 30 46 0 
6 23 32 45 0 
6 23 35 45 0 
7 25 34 49 0 
5 23 34 52 0 
5 22 35 49 0 
5 22 35 49 0 
8 25 38 56 0 
6 26 35 61 4 
6 27 36 60 0 
6 27 42 61 0 
7 27 44 54 0 
6 26 42 52 0 
5 23 44 56 0 
4 24 43 56 0 
5 24 50 54 0 
5 27 55 62 0 
4 27 58 58 0 
4 27 60 58 0 
5 27 67 68 0 
6 23 64 75 0 
6 27 68 78 0 
8 27 73 80 0 
8 26 74 90 0 
10 22 76 90 0 
10 23 72 90 0 
12 19 74 98 0 
13 18 80 90 0 
17 13 85 91 0 
18 17 94 88 0 
16 17 96 96 0 
17 18 105 97 0 
16 12 104 102 0 
16 8 102 109 0 
16 8 99 116 0 
17 10 100 123 0 
16 16 102 123 0 
16 14 102 126 0 
19 12 103 129 0 
16 11 109 121 0 
18 12 108 130 0 
18 11 107 126 0 
16 14 114 136 0 
18 14 118 138 0 
18 14 126 141 0 
18 12 131 149 0 
20 13 132 144 0 
20 14 133 151 0 
22 16 143 145 0 
19 15 145 150 0 
19 17 148 151 0 
19 20 145 161 0 
22 19 146 171 0 
22 19 136 172 0 
24 21 136 172 0 
23 26 136 173 0 
21 29 143 182 0 
22 30 142 183 0 
22 28 144 194 4 
20 34 140 198 4 
21 41 152 210 4 
20 44 156 223 4 
16 44 163 226 4 
18 44 175 226 0 
15 45 177 224 0 
15 49 193 223 0 
17 50 187 231 0 
16 52 194 239 0 
15 53 195 250 4 
13 49 197 252 4 
16 54 198 260 4 
16 51 205 261 4 
21 50 211 265 0 
20 52 217 282 4 
17 49 225 289 4 
20 46 236 291 0 
25 46 237 286 0 
28 49 239 292 0 
27 47 248 290 0 
27 49 241 295 0 
27 54 232 297 4 
27 56 236 282 0 
30 57 235 287 0 
32 62 241 299 0 
28 66 246 300 0 
27 65 249 297 0 
31 61 247 312 4 
36 66 255 328 4 
39 66 270 337 4 
41 68 280 334 0 
41 66 289 343 0 
43 66 291 345 0 
41 66 293 348 0 
40 66 285 363 4 
39 69 291 374 4 
47 71 294 371 4 
47 70 294 380 4 
49 73 293 386 4 
51 71 298 381 4 
51 71 314 384 4 
50 75 321 379 0 
48 78 318 392 4 
48 83 323 391 0 
50 82 323 396 4 
49 90 320 405 4 
47 85 321 414 4 
48 81 332 414 4 
48 77 327 423 4 
45 81 326 432 4 
47 77 332 433 4 
46 72 327 426 4 
45 71 325 442 4 
52 72 337 467 4 
50 79 338 481 4 
51 82 331 482 4 
60 83 336 488 4 
58 83 349 497 4 
61 79 360 497 4 
61 82 344 491 4 
58 81 341 486 4 
56 75 334 492 4 
56 76 346 486 4 
55 79 343 481 4 
55 73 351 494 4 
55 80 353 485 4 
54 81 367 490 4 
55 75 375 510 4 
57 78 374 508 4 
53 81 371 496 4 
52 76 368 502 4 
52 75 362 517 4 
48 71 378 516 4 
48 69 376 514 4 
47 65 371 507 4 
44 69 353 508 4 
46 72 362 530 4 
48 77 364 526 4 
48 78 383 541 4 
47 79 389 533 4 
47 81 392 540 4 
48 86 389 532 4 
43 86 377 557 4 
46 87 384 551 4 
40 87 391 568 4 
39 90 402 563 4 
38 95 409 550 4 
36 96 425 553 4 
40 95 421 574 4 
43 98 420 589 4 
35 93 434 597 4 
33 90 417 592 4 
31 100 420 591 4 
30 96 410 596 4 
34 96 414 590 4 
38 94 421 599 4 
34 92 425 594 4 
30 95 424 592 4 
29 93 443 601 4 
24 91 452 617 4 
25 90 449 618 4 
26 90 447 608 4 
26 91 446 626 4 
27 91 440 625 4 
24 96 451 639 4 
29 95 435 630 4 
31 97 446 633 4 
29 101 463 633 4 
32 111 465 633 4 
30 118 477 646 4 
29 114 470 654 4 
30 111 476 671 4 
26 107 486 669 4 
23 104 489 670 4 
26 96 493 680 4 
27 96 498 677 4 
27 96 504 659 4 
28 97 504 666 4 
28 102 513 673 4 
24 98 507 692 4 
25 103 512 691 4 
23 99 511 699 4 
27 96 501 698 4 
27 91 494 712 4 
26 97 505 711 4 
25 98 502 721 4 
20 94 515 737 4 
23 94 502 745 4 
24 97 528 742 4 
24 98 536 740 4 
23 90 527 728 4 
22 89 532 734 4 
20 96 535 730 4 
20 91 540 717 4 
21 86 550 715 4 
24 89 553 733 4 
22 92 550 753 4 
23 91 536 763 4 
24 91 541 760 4 
23 88 553 759 4 
23 85 557 761 4 
25 86 571 753 4 
23 88 562 741 4 
24 87 568 749 4 
22 90 563 760 4 
25 88 567 768 4 
28 92 573 770 4 
30 97 570 748 4 
30 98 568 741 4 
28 105 568 728 4 
31 106 574 727 4 
30 111 586 718 4 
31 106 595 719 4 
29 99 601 712 4 
28 104 606 733 4 
36 102 609 720 4 
34 108 606 719 4 
33 116 606 728 4 
34 114 613 732 4 
37 111 615 737 4 
39 113 639 743 4 
37 111 629 733 4 
42 118 620 731 4 
40 115 645 713 0 
36 121 653 700 0 
33 120 648 689 0 
33 123 637 690 0 
37 123 646 693 0 
39 128 640 726 0 
39 129 648 728 0 
46 122 653 718 0 
45 119 650 717 0 
45 118 655 726 0 
54 113 650 712 0 
55 112 662 722 0 
52 109 655 740 0 
50 113 646 721 0 
44 118 629 715 0 
49 120 646 710 0 
50 116 640 730 0 
49 119 645 723 0 
51 116 641 715 0 
54 119 646 719 0 
54 117 668 713 0 
57 108 674 715 0 
52 111 689 701 0 
48 109 677 702 0 
47 112 666 704 0 
49 124 678 680 0 
55 126 689 670 0 
58 126 698 682 0 
57 126 717 679 0 
64 118 732 660 0 
64 114 729 649 0 
72 117 744 665 0 
75 113 754 670 0 
74 113 748 656 0 
75 118 768 653 3 
82 119 758 652 3 
82 115 758 655 3 
85 114 748 645 3 
86 118 756 633 3 
88 114 744 616 3 
86 119 731 595 3 
85 116 709 611 3 
84 111 711 614 3 
86 108 709 620 0 
83 105 711 620 0 
86 105 712 623 0 
88 110 710 619 0 
89 110 706 624 0 
98 112 703 620 0 
93 106 695 619 0 
90 104 701 628 0 
90 111 705 629 0 
91 112 711 640 0 
90 114 700 636 0 
93 111 706 645 0 
96 107 728 662 0 
102 107 755 651 3 
102 103 760 643 3 
98 103 776 648 3 
100 105 782 659 3 
99 108 782 640 3 
102 108 776 619 3 
98 106 783 606 3 
101 106 788 612 3 
106 114 763 617 3 
104 115 759 623 3 
96 118 744 630 3 
96 112 740 626 3 
100 108 715 631 0 
104 109 707 635 0 
107 106 695 653 0 
107 105 695 657 0 
101 112 704 651 0 
97 112 701 675 0 
98 101 680 663 0 
101 109 651 662 0 
107 114 652 676 0 
112 106 656 674 0 
117 102 674 650 0 
115 91 679 660 0 
112 89 696 652 0 
115 90 692 648 0 
105 87 709 634 0 
102 91 722 636 0 
100 86 746 643 3 
97 83 739 625 3 
108 83 722 623 3 
112 87 728 611 3 
115 91 735 621 3 
113 89 741 622 3 
120 88 742 631 3 
119 92 736 636 3 
124 91 743 636 3 
121 87 746 625 3 
117 89 739 632 3 
112 88 731 638 0 
115 90 723 644 0 
115 92 694 648 0 
114 90 686 646 0 
108 87 689 645 0 
112 92 699 655 0 
113 97 683 653 0 
119 99 707 650 0 
122 95 710 637 0 
122 98 720 631 0 
124 94 721 644 0 
120 91 710 627 0 
124 87 703 625 0 
121 88 716 612 3 
125 89 718 621 3 
125 88 732 624 3 
133 88 743 627 3 
134 84 739 647 0 
133 83 733 644 0 
137 87 736 652 0 
142 87 727 650 0 
146 84 724 644 0 
147 80 724 612 3 
145 78 725 626 3 
147 69 724 615 3 
139 68 726 623 3 
148 67 735 633 3 
141 69 723 617 3 
139 76 738 616 3 
149 78 747 620 3 
146 77 745 623 3 
145 80 739 620 3 
155 80 756 623 3 
155 87 749 628 3 
153 92 732 638 0 
152 95 741 636 3 
149 90 748 629 3 
155 96 761 630 3 
156 99 775 611 3 
158 97 775 609 3 
151 97 769 629 3 
149 101 763 624 3 
141 95 774 643 3 
136 94 774 641 3 
136 89 757 647 3 
140 84 752 655 3 
130 83 747 669 0 
141 84 741 668 0 
146 87 742 658 0 
144 84 757 664 0 
145 86 740 645 0 
141 86 756 660 0 
158 86 760 656 3 
151 84 752 653 3 
155 79 768 639 3 
147 74 763 637 3 
149 81 764 628 3 
147 82 773 632 3 
153 72 811 635 3 
139 75 810 627 3 
151 69 802 608 3 
151 64 813 604 3 
153 65 828 591 3 
150 65 817 597 3 
146 65 818 599 3 
152 68 810 585 3 
143 59 810 578 3 
137 60 802 588 3 
142 63 804 582 3 
143 64 800 580 3 
132 68 819 603 3 
132 63 793 600 3 
129 59 811 610 3 
138 60 794 610 3 
137 58 796 622 3 
135 56 808 616 3 
134 59 805 598 3 
142 63 818 597 3 
136 62 840 587 3 
128 61 836 577 3 
130 59 837 583 3 
129 63 836 599 3 
131 66 810 593 3 
134 60 818 606 3 
141 62 807 585 3 
144 60 825 580 3 
152 61 828 571 3 
154 61 824 580 3 
152 59 832 577 3 
150 61 796 562 3 
150 64 794 551 3 
143 63 785 540 3 
139 70 783 531 3 
138 71 773 541 3 
135 64 786 523 3 
134 65 789 533 3 
136 61 795 532 3 
141 59 803 540 3 
145 62 810 544 3 
143 60 824 529 3 
135 66 823 514 3 
138 64 809 501 3 
142 64 811 487 3 
142 62 795 464 3 
142 65 802 472 3 
142 66 796 478 3 
151 70 776 476 3 
149 68 780 477 3 
144 66 776 455 3 
145 70 795 450 3 
146 66 804 472 3 
138 67 800 480 3 
132 69 817 483 3 
124 76 811 470 3 
128 82 818 492 3 
130 89 831 491 3 
125 96 827 486 3 
126 93 821 504 3 
117 89 835 518 3 
122 93 815 542 3 
126 89 817 532 3 
122 86 815 541 3 
118 85 814 539 3 
121 89 803 527 3 
129 93 794 530 3 
125 93 792 525 3 
123 91 812 530 3 
126 87 807 537 3 
122 89 808 525 3 
122 83 809 509 3 
124 83 822 501 3 
121 81 821 505 3 
123 82 803 512 3 
121 87 811 523 3 
120 90 822 533 3 
114 97 814 512 3 
108 91 802 525 3 
112 93 785 519 3 
110 83 805 523 3 
114 72 820 512 3 
111 73 823 508 3 
110 73 832 492 3 
110 76 813 480 3 
112 83 808 474 3 
109 74 798 476 3 
110 72 794 494 3 
115 72 789 504 3 
126 65 770 500 3 
121 67 785 512 3 
121 62 795 528 3 
114 67 789 520 3 
115 70 822 519 3 
111 80 832 510 3 
112 78 812 505 3 
108 82 826 496 3 
109 86 811 507 3 
107 88 819 500 3 
115 83 817 514 3 
114 82 808 507 3 
111 80 766 507 3 
112 84 771 519 3 
116 86 782 503 3 
113 89 775 497 3 
111 91 766 491 3 
112 84 789 508 3 
107 85 805 499 3 
102 84 819 491 3 
110 79 828 479 3 
114 75 836 486 3 
121 76 845 476 3 
126 71 843 460 3 
119 77 837 468 3 
113 87 837 463 3 
114 80 851 453 3 
115 80 862 468 3 
118 75 856 473 3 
119 77 871 469 3 
118 79 868 469 3 
125 82 870 481 3 
128 75 878 473 3 
127 73 872 475 3 
130 74 862 473 3 
128 76 862 480 3 
123 69 853 492 3 
124 70 849 495 3 
119 64 853 511 3 
122 61 847 513 3 
125 62 830 516 3 
118 67 825 531 3 
119 71 848 522 3 
116 71 864 523 3 
118 72 837 519 3 
121 80 846 513 3 
120 78 877 515 3 
124 83 879 512 3 
120 83 902 500 3 
114 79 929 512 3 
114 84 906 520 3 
116 88 910 517 3 
113 85 918 512 3 
116 83 930 509 3 
116 81 908 513 3 
115 83 914 522 3 
119 84 920 533 3 
118 83 914 521 3 
120 77 898 525 3 
117 76 899 538 3 
122 71 893 542 3 
129 70 890 551 3 
131 69 894 529 3 
125 69 889 523 3 
128 66 900 510 3 
129 67 904 503 3 
128 68 901 517 3 
132 70 902 515 3 
135 76 915 515 3 
132 74 920 513 3 
128 78 913 497 3 
127 84 894 494 3 
132 80 895 494 3 
126 80 908 493 3 
130 78 924 503 3 
135 79 895 496 3 
132 78 900 485 3 
136 77 916 468 3 
133 74 896 454 3 
131 74 903 450 3 
125 74 905 456 3 
125 78 864 457 3 
125 77 878 444 3 
123 76 879 438 3 
125 75 881 426 3 
124 73 911 437 3 
126 75 930 442 3 
116 76 934 433 3 
120 80 930 435 3 
122 81 937 438 3 
126 81 917 438 3 
126 72 895 433 3 
130 73 899 437 3 
134 77 901 446 3 
129 73 935 454 3 
129 71 903 452 3 
131 69 916 449 3 
140 65 903 441 3 
137 60 901 430 3 
138 57 908 417 3 
129 66 904 427 3 
134 65 884 429 3 
134 68 892 430 3 
133 64 880 434 3 
125 64 879 429 3 
121 59 889 445 3 
123 59 902 435 3 
121 59 912 425 3 
119 59 938 421 3 
117 57 952 429 3 
119 54 947 432 3 
115 59 933 426 3 
118 56 940 410 3 
120 62 939 407 3 
110 64 945 408 3 
109 62 948 404 3 
107 65 923 412 3 
106 62 925 416 3 
107 57 920 413 3 
113 60 935 413 3 
109 59 911 424 3 
106 55 925 432 3 
101 51 919 426 3 
108 52 920 420 3 
109 58 938 425 3 
109 55 964 434 3 
113 54 965 443 3 
121 53 967 445 3 
124 61 969 445 3 
123 60 950 436 3 
127 61 981 440 3 
125 62 951 449 3 
126 63 970 422 3 
125 56 946 425 3 
125 50 962 424 3 
123 52 956 419 3 
124 56 956 443 3 
121 56 957 442 3 
115 57 972 438 3 
120 57 954 442 3 
118 58 938 430 3 
123 52 935 428 3 
128 49 931 440 3 
131 44 934 439 3 
136 40 939 445 3 
133 42 933 451 3 
138 47 917 445 3 
131 48 903 441 3 
133 51 920 448 3 
128 52 933 458 3 
118 51 946 462 3 
116 54 943 464 3 
120 60 957 467 3 
121 60 952 467 3 
124 59 958 469 3 
116 59 981 465 3 
118 57 989 459 3 
119 63 984 466 3 
114 59 974 471 3 
111 61 980 467 3 
114 58 973 474 3 
120 59 969 457 3 
125 58 952 467 3 
119 55 946 471 3 
116 54 927 479 3 
113 58 943 464 3 
115 59 954 466 3 
119 56 947 473 3 
120 54 924 475 3 
125 57 922 464 3 
122 57 900 473 3 
124 57 900 456 3 
124 58 907 461 3 
111 59 920 464 3 
105 57 904 441 3 
107 53 885 443 3 
109 52 899 452 3 
116 56 895 458 3 
121 56 887 467 3 
124 62 909 463 3 
126 63 914 469 3 
125 60 912 475 3 
135 57 906 471 3 
138 56 907 478 3 
138 59 899 470 3 
134 58 906 467 3 
140 61 912 473 3 
149 55 907 475 3 
152 53 908 470 3 
159 58 914 476 3 
161 57 918 494 3 
157 60 905 484 3 
152 58 895 487 3 
156 53 884 468 3 
151 54 884 465 3 
149 53 875 470 3 
146 57 889 475 3 
148 58 895 464 3 
149 55 884 483 3 
151 58 874 484 3 
144 52 866 480 3 
140 55 863 469 3 
137 50 856 466 3 
136 53 858 463 3 
139 47 864 473 3 
133 47 858 471 3 
128 50 866 487 3 
122 50 868 486 3 
121 50 859 488 3 
121 46 855 501 3 
115 48 877 504 3 
125 50 882 502 3 
123 51 914 497 3 
128 54 911 497 3 
126 56 922 503 3 
134 48 921 508 3 
133 49 918 508 3 
132 54 909 503 3 
128 59 895 502 3 
129 57 906 502 3 
124 61 904 505 3 
124 63 928 504 3 
129 60 922 493 3 
124 55 931 484 3 
124 59 907 478 3 
121 59 917 473 3 
120 63 936 473 3 
113 63 914 479 3 
111 66 928 474 3 
114 61 915 477 3 
120 63 900 474 3 
123 67 906 476 3 
119 70 919 491 3 
118 71 934 483 3 
118 75 917 497 3 
117 75 912 485 3 
121 69 902 500 3 
125 64 916 501 3 
127 66 911 496 3 
126 69 908 506 3 
127 71 918 497 3 
127 62 912 494 3 
122 64 904 506 3 
125 64 896 511 3 
127 67 867 517 3 
124 60 863 515 3 
127 56 873 502 3 
126 54 863 504 3 
133 58 870 503 3 
136 60 880 507 3 
136 58 873 517 3 
141 58 893 514 3 
129 55 906 489 3 
133 51 908 490 3 
126 51 930 489 3 
119 51 929 487 3 
117 51 931 483 3 
120 51 910 487 3 
117 60 926 484 3 
123 58 924 475 3 
126 56 916 477 3 
116 57 906 468 3 
112 54 906 465 3 
112 52 918 454 3 
112 51 932 445 3 
109 52 921 440 3 
106 50 956 443 3 
102 52 932 443 3 
101 54 914 447 3 
105 54 919 466 3 
106 51 920 480 3 
116 46 914 486 3 
118 44 896 493 3 
123 46 928 483 3 
125 43 929 494 3 
128 50 932 494 3 
127 56 951 502 3 
124 54 961 512 3 
126 55 973 502 3 
129 53 969 514 3 
130 50 965 499 3 
124 49 975 493 3 
124 48 960 496 3 
125 46 960 497 3 
129 51 984 487 3 
127 48 993 496 3 
133 51 985 497 3 
135 51 991 516 3 
136 53 971 510 3 
136 46 963 513 3 
134 42 969 508 3 
122 37 960 499 3 
127 37 938 501 3 
124 34 949 514 3 
121 31 945 513 3 
126 32 917 505 3 
128 31 906 506 3 
136 33 926 508 3 
133 31 917 503 3 
126 32 920 512 3 
120 37 917 516 3 
115 38 908 512 3 
118 39 937 491 3 
117 39 948 491 3 
120 38 930 482 3 
122 39 913 458 3 
124 44 920 447 3 
119 45 908 453 3 
112 52 915 456 3 
109 53 917 452 3 
113 53 911 457 3 
120 57 912 457 3 
122 57 909 462 3 
125 58 909 452 3 
127 61 921 448 3 
132 63 921 443 3 
128 65 896 456 3 
127 66 905 454 3 
125 65 918 458 3 
123 64 913 460 3 
125 70 873 462 3 
122 64 865 464 3 
120 63 880 452 3 
115 62 889 458 3 
114 61 894 463 3 
122 67 887 446 3 
122 69 911 444 3 
120 70 885 446 3 
111 74 886 454 3 
108 75 895 461 3 
106 79 908 465 3 
101 76 930 476 3 
97 79 933 485 3 
99 75 938 491 3 
91 77 949 476 3 
94 77 943 481 3 
86 86 938 464 3 
93 80 945 464 3 
91 89 961 461 3 
91 100 979 475 3 
93 94 987 479 3 
88 93 973 477 3 
86 89 942 465 3 
91 87 929 463 3 
87 83 933 463 3 
83 82 934 463 3 
78 77 935 470 3 
81 78 940 468 3 
80 78 952 467 3 
77 71 979 459 3 
81 70 969 450 3 
85 72 962 458 3 
88 75 1001 440 3 
97 74 994 447 3 
94 74 1019 425 3 
85 74 1027 423 3 
88 70 1011 414 3 
90 67 1016 424 3 
84 68 1025 416 3 
89 76 1018 414 3 
92 69 1013 417 3 
97 69 1019 418 3 
103 64 1031 425 3 
94 64 1017 418 3 
91 72 1006 428 3 
92 67 1028 428 3 
84 68 1029 411 3 
82 69 1022 411 3 
80 68 1012 404 3 
78 69 1001 410 3 
83 68 994 407 3 
86 64 989 411 3 
84 70 986 427 3 
83 68 976 427 3 
80 68 973 418 3 
76 69 970 428 3 
77 70 972 410 3 
75 63 970 418 3 
73 66 968 434 3 
78 63 985 438 3 
79 65 988 444 3 
83 63 989 449 3 
88 67 995 450 3 
86 66 988 454 3 
84 68 1007 456 3 
89 68 1031 443 3 
90 73 1036 433 3 
89 69 1050 426 3 
90 68 1050 426 3 
87 70 1048 419 3 
87 67 1050 411 3 
88 66 1042 412 3 
86 65 1053 405 3 
92 63 1045 407 3 
93 60 1076 401 3 
95 64 1095 402 3 
91 62 1107 409 3 
88 58 1103 406 3 
88 58 1087 407 3 
88 61 1086 402 3 
87 58 1086 413 3 
85 54 1105 422 3 
83 52 1094 431 3 
87 55 1104 414 3 
87 47 1120 419 3 
84 52 1105 425 3 
74 54 1093 421 3 
65 55 1105 423 3 
68 59 1112 425 3 
65 60 1105 420 3 
68 56 1120 419 3 
65 58 1136 409 3 
66 57 1154 401 3 
61 62 1144 399 3 
65 67 1143 379 3 
69 65 1129 387 3 
73 67 1130 375 3 
70 65 1121 375 3 
72 63 1152 363 3 
75 60 1159 365 3 
68 63 1175 361 3 
67 63 1164 356 3 
65 59 1156 364 3 
65 61 1158 367 3 
66 64 1175 361 3 
69 67 1187 364 3 
67 63 1190 367 3 
65 70 1171 364 3 
63 68 1145 357 3 
60 66 1149 356 3 
65 59 1162 359 3 
68 58 1156 363 3 
73 57 1168 371 3 
73 61 1143 365 3 
77 52 1131 351 3 
79 51 1135 345 3 
84 61 1139 352 3 
87 60 1139 347 3 
94 60 1120 344 3 
89 63 1135 340 3 
88 68 1162 338 3 
88 67 1158 337 3 
82 67 1156 349 3 
