0 0 0 0 0 
0 0 0 1 0 
0 0 0 2 0 
1 0 0 1 0 
1 0 0 2 0 
2 0 0 2 0 
2 0 0 2 0 
3 0 0 4 0 
4 0 0 4 0 
5 0 1 4 0 
6 0 1 5 0 
8 0 1 5 0 
8 0 2 5 0 
11 0 3 5 0 
12 0 3 5 0 
11 0 3 6 0 
12 0 2 7 0 
12 0 2 7 0 
13 0 4 6 0 
11 0 4 8 0 
12 0 5 11 0 
13 1 5 11 0 
13 1 6 12 0 
16 1 6 10 0 
15 2 6 11 0 
16 2 10 13 0 
16 2 9 15 0 
13 2 11 16 0 
13 3 12 15 0 
17 3 12 17 0 
16 3 12 18 0 
17 4 12 22 0 
15 3 11 23 0 
12 3 11 20 0 
15 3 9 17 0 
15 3 10 18 0 
13 3 12 20 0 
12 4 12 19 0 
12 5 13 18 0 
11 6 11 20 0 
13 6 10 22 0 
14 5 10 23 0 
16 6 8 21 0 
15 6 11 24 0 
17 8 13 23 0 
17 9 12 22 0 
19 11 10 21 0 
19 10 11 20 0 
20 8 10 21 0 
21 8 14 22 0 
19 7 14 23 0 
19 10 17 23 0 
19 12 17 25 0 
22 13 17 25 0 
26 9 17 30 0 
27 9 20 31 0 
30 9 18 32 0 
29 7 18 32 0 
30 8 21 31 0 
30 10 18 29 0 
28 10 15 27 0 
27 13 16 25 0 
26 13 18 25 0 
28 13 18 24 0 
29 13 18 27 0 
29 12 16 30 0 
29 13 18 32 0 
32 16 18 36 0 
34 17 21 36 0 
34 20 23 37 0 
36 23 26 37 0 
38 24 31 36 0 
37 21 31 42 0 
39 19 30 43 0 
44 20 30 48 0 
48 21 28 52 0 
44 24 28 61 0 
43 21 29 63 0 
46 20 30 71 0 
51 20 32 72 0 
48 20 35 73 0 
51 24 34 71 0 
55 22 41 65 0 
54 24 39 67 0 
51 25 44 68 0 
48 27 46 70 0 
48 27 53 68 0 
49 27 59 71 0 
50 26 62 79 0 
53 23 65 76 0 
48 25 65 80 0 
51 29 71 82 0 
47 28 73 84 0 
46 30 75 89 0 
46 29 78 92 0 
45 32 83 94 0 
42 30 82 96 0 
39 33 84 92 0 
39 34 83 101 0 
41 34 90 95 0 
39 31 89 96 0 
35 33 88 100 0 
39 34 84 101 0 
38 34 87 105 0 
37 35 91 109 0 
39 34 89 110 0 
39 38 88 110 0 
38 40 89 115 0 
40 39 89 127 4 
44 37 99 127 0 
41 39 108 129 0 
50 43 106 130 0 
45 47 104 137 0 
44 41 107 147 0 
43 40 110 152 4 
41 41 109 161 4 
37 40 111 172 4 
42 37 125 181 4 
46 38 132 182 4 
48 32 129 184 4 
48 30 134 183 4 
50 28 144 192 4 
47 30 145 199 4 
44 33 143 213 4 
41 30 136 212 4 
38 34 138 221 4 
38 31 135 235 4 
33 32 146 236 4 
34 31 152 234 4 
30 29 153 242 4 
33 29 163 238 4 
37 30 168 237 4 
36 28 180 252 4 
39 30 185 249 4 
40 32 187 243 4 
43 30 187 261 4 
43 29 192 264 4 
42 22 196 268 4 
50 23 185 277 4 
49 23 187 275 4 
55 23 192 275 4 
55 24 191 272 4 
51 26 194 286 4 
51 25 197 288 4 
53 26 207 290 4 
49 26 216 302 4 
48 27 224 298 4 
55 29 224 295 4 
52 28 221 312 4 
56 29 227 313 4 
51 28 220 315 4 
46 31 234 323 4 
47 32 227 333 4 
47 35 225 339 4 
51 36 228 346 4 
50 38 241 360 4 
53 37 255 357 4 
58 39 261 368 4 
61 42 264 379 4 
55 43 280 386 4 
49 45 286 383 4 
56 50 305 398 4 
58 52 310 412 4 
57 51 316 415 4 
57 57 338 411 4 
53 57 342 421 4 
56 58 339 428 4 
59 57 348 431 4 
59 58 342 421 4 
53 55 338 424 4 
55 56 328 423 4 
58 62 327 414 4 
56 61 333 416 4 
57 61 330 429 4 
55 61 337 441 4 
62 60 338 449 4 
61 58 324 462 4 
57 58 340 469 4 
56 58 351 463 4 
61 62 357 467 4 
60 64 352 481 4 
60 65 342 506 4 
62 64 344 508 4 
65 66 352 501 4 
69 65 353 514 4 
70 61 356 531 4 
68 65 363 545 4 
69 71 371 554 4 
73 73 377 543 4 
72 79 387 537 4 
75 78 385 537 4 
77 77 396 552 4 
79 80 379 553 4 
79 85 391 559 4 
73 86 385 561 4 
77 87 379 565 4 
77 92 403 573 4 
79 99 408 568 4 
78 102 397 569 4 
80 98 406 568 4 
75 103 392 578 4 
75 98 409 593 4 
80 95 414 584 4 
84 97 415 587 4 
83 101 434 597 4 
84 108 447 584 4 
83 114 450 580 4 
85 123 447 587 4 
84 124 459 583 4 
90 119 489 573 4 
87 117 495 581 4 
87 119 513 573 0 
87 119 515 583 0 
90 124 510 572 0 
95 125 514 575 0 
91 128 519 572 0 
95 123 538 566 0 
97 124 556 559 0 
94 129 575 577 0 
96 132 563 575 0 
90 129 584 574 0 
95 127 602 572 0 
94 129 588 574 0 
97 132 603 554 0 
90 126 591 558 0 
88 121 577 552 0 
90 128 594 560 0 
88 128 617 554 0 
90 130 591 561 0 
83 137 601 557 0 
79 129 606 552 0 
74 125 616 562 0 
82 131 629 553 0 
82 132 648 539 3 
78 126 628 531 3 
79 123 634 564 0 
86 125 649 554 3 
92 132 647 549 3 
89 126 657 551 3 
87 123 675 562 3 
94 122 679 566 3 
95 117 674 557 3 
106 118 660 556 3 
107 115 642 558 0 
105 118 651 572 0 
118 116 661 578 0 
119 110 650 565 0 
118 108 642 577 0 
120 105 648 568 0 
119 113 667 553 3 
124 110 685 555 3 
118 109 668 547 3 
115 108 677 560 3 
123 114 680 563 3 
123 116 677 570 3 
124 123 692 566 3 
119 126 688 568 3 
112 131 688 564 3 
105 134 677 556 3 
102 137 682 560 3 
111 136 680 560 3 
108 145 686 562 3 
114 145 676 567 3 
109 142 696 573 3 
106 148 681 566 3 
106 147 690 576 3 
107 142 698 558 3 
102 141 685 564 3 
108 137 681 552 3 
110 136 700 543 3 
110 133 704 545 3 
109 146 723 541 3 
109 145 722 559 3 
111 132 702 552 3 
112 131 699 548 3 
117 120 713 547 3 
127 111 738 547 3 
120 105 736 564 3 
118 106 724 559 3 
120 109 739 540 3 
129 103 765 527 3 
129 109 762 529 3 
126 105 764 523 3 
128 112 768 507 3 
127 116 761 503 3 
134 119 773 503 3 
137 117 762 495 3 
136 109 755 496 3 
139 111 762 499 3 
148 111 775 494 3 
145 115 768 502 3 
138 116 771 499 3 
132 123 769 498 3 
137 117 767 499 3 
139 108 788 507 3 
142 106 785 518 3 
147 105 784 527 3 
149 104 794 529 3 
155 98 818 517 3 
147 95 823 506 3 
147 95 840 510 3 
142 99 842 508 3 
145 100 844 499 3 
144 107 834 495 3 
145 104 811 500 3 
145 109 804 520 3 
146 111 805 522 3 
159 107 796 525 3 
165 101 793 538 3 
167 90 786 540 3 
166 98 766 536 3 
154 99 788 531 3 
155 101 808 525 3 
154 99 815 532 3 
145 93 834 533 3 
143 98 821 535 3 
140 99 839 527 3 
134 106 841 513 3 
142 98 823 523 3 
142 100 816 535 3 
142 100 807 539 3 
133 101 834 512 3 
137 102 826 507 3 
136 100 803 505 3 
132 101 797 508 3 
135 100 819 506 3 
140 107 831 525 3 
137 103 840 537 3 
139 105 838 535 3 
138 106 853 536 3 
135 116 861 536 3 
141 115 837 534 3 
139 111 857 521 3 
138 111 861 533 3 
140 106 871 524 3 
136 108 840 512 3 
134 111 854 509 3 
127 116 857 501 3 
125 118 865 505 3 
129 115 865 504 3 
127 111 864 505 3 
130 110 869 503 3 
137 105 858 504 3 
132 103 883 520 3 
128 104 891 509 3 
120 101 884 496 3 
114 105 881 485 3 
109 102 884 472 3 
116 103 876 474 3 
108 102 859 460 3 
113 100 862 458 3 
119 94 849 473 3 
122 98 844 469 3 
127 96 831 471 3 
128 96 840 468 3 
137 104 847 460 3 
131 101 833 451 3 
142 112 856 453 3 
148 109 854 454 3 
147 115 860 468 3 
150 122 848 465 3 
151 120 850 457 3 
152 117 847 468 3 
152 123 844 479 3 
144 120 812 486 3 
146 119 830 469 3 
147 118 843 479 3 
150 118 853 466 3 
156 121 853 463 3 
156 114 844 471 3 
156 110 852 468 3 
143 111 858 464 3 
147 108 846 451 3 
149 106 847 458 3 
145 103 845 450 3 
147 106 829 449 3 
146 106 823 455 3 
152 112 825 453 3 
158 104 837 449 3 
157 102 823 452 3 
156 95 830 464 3 
166 100 823 454 3 
162 102 837 454 3 
166 95 846 452 3 
168 98 859 444 3 
173 101 871 438 3 
173 104 876 443 3 
174 109 876 437 3 
180 109 880 433 3 
172 107 879 426 3 
166 106 884 434 3 
163 112 897 432 3 
164 114 883 440 3 
164 111 884 445 3 
171 109 881 430 3 
179 109 883 431 3 
172 112 850 417 3 
166 109 853 406 3 
162 114 875 398 3 
164 129 842 401 3 
168 123 847 393 3 
168 119 854 397 3 
160 109 875 399 3 
164 110 860 397 3 
166 110 871 399 3 
158 107 874 407 3 
153 109 861 402 3 
154 102 877 400 3 
159 105 879 402 3 
162 105 885 411 3 
162 101 896 413 3 
152 99 887 427 3 
152 102 861 432 3 
156 96 858 416 3 
153 89 851 419 3 
153 93 852 425 3 
154 99 870 424 3 
151 100 873 416 3 
157 104 891 397 3 
156 107 875 395 3 
161 108 865 391 3 
154 105 877 382 3 
155 101 879 396 3 
162 97 883 412 3 
170 103 884 402 3 
171 97 899 396 3 
171 97 890 390 3 
172 85 884 384 3 
166 88 906 402 3 
172 93 915 394 3 
179 93 923 385 3 
176 92 915 381 3 
177 94 914 396 3 
171 98 930 405 3 
168 93 929 414 3 
163 91 933 413 3 
164 94 954 409 3 
151 96 951 395 3 
146 97 960 398 3 
140 92 973 393 3 
141 88 972 400 3 
138 90 966 407 3 
138 91 965 405 3 
127 88 971 413 3 
131 88 994 427 3 
126 89 991 416 3 
127 90 981 395 3 
123 85 991 401 3 
133 87 1012 397 3 
133 93 992 389 3 
131 84 1006 382 3 
129 94 1010 380 3 
125 94 1009 377 3 
116 93 986 370 3 
119 102 1004 372 3 
127 106 1001 377 3 
120 105 996 369 3 
121 109 999 376 3 
128 105 998 381 3 
131 101 978 368 3 
126 105 978 380 3 
122 103 980 378 3 
126 96 980 393 3 
125 99 970 398 3 
128 99 961 397 3 
140 98 969 402 3 
146 94 971 398 3 
140 95 971 398 3 
141 88 969 397 3 
140 99 977 377 3 
139 97 966 364 3 
146 93 985 372 3 
147 92 994 371 3 
138 87 1000 377 3 
130 87 1002 363 3 
137 86 993 360 3 
129 92 994 369 3 
129 97 968 375 3 
130 95 941 380 3 
134 89 963 376 3 
130 90 961 372 3 
131 82 969 376 3 
133 83 988 368 3 
141 83 968 379 3 
147 81 972 377 3 
151 82 960 363 3 
147 81 949 361 3 
145 84 971 346 3 
148 92 979 350 3 
151 89 974 353 3 
147 94 970 371 3 
149 92 958 375 3 
140 93 963 375 3 
138 92 957 375 3 
129 95 952 370 3 
128 93 961 371 3 
127 93 975 373 3 
122 93 996 391 3 
129 90 982 378 3 
130 89 986 377 3 
133 85 969 383 3 
138 79 970 394 3 
141 79 976 397 3 
145 83 961 396 3 
146 82 959 408 3 
150 80 980 393 3 
151 77 983 387 3 
159 79 966 393 3 
159 73 968 394 3 
164 75 944 397 3 
161 74 957 401 3 
164 73 942 408 3 
164 80 943 401 3 
165 76 919 417 3 
169 70 922 415 3 
175 64 937 418 3 
172 65 926 420 3 
166 62 936 428 3 
160 63 946 423 3 
162 72 940 425 3 
174 71 937 426 3 
168 75 926 426 3 
175 70 933 417 3 
175 66 959 404 3 
180 63 964 410 3 
188 65 961 411 3 
177 67 948 419 3 
172 63 952 421 3 
170 63 932 419 3 
174 69 933 416 3 
165 70 950 426 3 
157 73 958 418 3 
149 79 951 417 3 
138 71 949 414 3 
136 74 938 406 3 
136 77 907 387 3 
126 78 928 391 3 
126 72 912 394 3 
129 76 924 402 3 
129 76 903 406 3 
139 76 922 406 3 
137 75 914 403 3 
133 72 922 383 3 
139 68 927 380 3 
140 66 926 380 3 
148 67 929 374 3 
141 68 957 370 3 
145 73 983 367 3 
143 77 983 364 3 
139 77 979 366 3 
136 77 993 369 3 
140 78 1014 376 3 
149 74 1013 381 3 
149 71 1017 384 3 
143 75 1031 382 3 
141 77 1020 388 3 
136 77 1018 396 3 
135 78 1013 392 3 
139 75 1015 394 3 
139 78 997 414 3 
134 78 1000 414 3 
125 73 1011 412 3 
135 72 1016 415 3 
133 70 1013 407 3 
138 72 997 404 3 
133 70 994 400 3 
128 71 1027 394 3 
129 70 1024 368 3 
133 69 1032 377 3 
142 65 1042 371 3 
142 68 1022 371 3 
140 69 1011 365 3 
145 73 1034 358 3 
148 79 1028 358 3 
149 79 1039 351 3 
143 73 1038 343 3 
137 76 1063 345 3 
137 77 1063 349 3 
130 76 1086 358 3 
125 75 1094 357 3 
120 75 1090 350 3 
123 75 1083 342 3 
116 81 1092 352 3 
122 83 1094 348 3 
123 87 1064 348 3 
120 83 1031 345 3 
119 81 1025 341 3 
125 80 1024 335 3 
130 80 1007 328 3 
131 82 1017 328 3 
129 83 1029 321 3 
127 90 1010 313 3 
136 92 997 319 3 
131 89 984 319 3 
135 86 1015 314 3 
136 80 1040 310 3 
134 83 1029 317 3 
130 87 1028 317 3 
126 78 1025 315 3 
134 74 1039 313 3 
133 76 1040 317 3 
129 78 1006 335 3 
131 77 1027 343 3 
135 76 1027 339 3 
145 76 1021 332 3 
151 74 1030 324 3 
156 73 1027 325 3 
152 69 1032 324 3 
147 65 1014 315 3 
147 66 1005 315 3 
145 64 996 332 3 
151 63 1007 324 3 
159 64 1016 330 3 
156 65 1030 340 3 
148 68 1021 344 3 
147 64 1018 344 3 
151 65 1015 350 3 
147 65 1015 362 3 
158 66 1044 359 3 
155 68 1047 353 3 
154 75 1036 345 3 
150 77 1034 330 3 
156 73 1044 323 3 
152 71 1024 314 3 
152 65 1026 308 3 
143 69 1027 298 3 
152 66 1034 292 3 
150 69 1027 297 3 
147 61 1056 308 3 
155 68 1050 311 3 
161 73 1058 314 3 
164 68 1033 309 3 
161 66 1025 305 3 
173 68 1048 310 3 
158 68 1046 300 3 
162 71 1046 297 3 
164 72 1038 300 3 
156 64 1027 304 3 
163 63 1029 295 3 
163 66 1036 294 3 
167 65 1032 291 3 
163 66 1044 281 3 
160 68 1050 284 3 
152 68 1030 272 3 
157 64 1014 264 3 
162 59 1008 266 3 
164 58 1018 259 3 
167 59 1023 255 3 
167 57 1054 259 3 
168 58 1059 253 3 
165 62 1053 262 3 
166 58 1065 265 3 
160 57 1082 256 3 
167 53 1062 266 3 
162 53 1048 269 3 
166 55 1041 269 3 
157 52 1066 269 3 
161 59 1070 271 3 
163 55 1104 261 3 
155 50 1077 256 3 
149 52 1058 253 3 
147 49 1044 257 3 
139 50 1026 257 3 
143 51 1030 252 3 
137 49 1023 252 3 
140 49 1053 257 3 
139 50 1090 256 3 
139 47 1086 256 3 
137 50 1080 256 3 
127 53 1079 253 3 
123 53 1092 253 3 
123 49 1088 246 3 
130 49 1104 248 3 
135 42 1123 262 3 
139 45 1116 264 3 
141 44 1114 271 3 
152 45 1104 279 3 
148 46 1105 266 3 
152 47 1103 264 3 
149 46 1098 259 3 
150 42 1112 246 3 
142 44 1109 244 3 
146 44 1106 247 3 
150 48 1119 250 3 
148 48 1125 248 3 
145 48 1091 270 3 
137 50 1085 278 3 
128 50 1067 274 3 
132 50 1053 264 3 
132 53 1043 272 3 
136 53 1045 271 3 
133 51 1025 266 3 
133 48 1027 268 3 
135 49 1043 279 3 
137 42 1038 277 3 
137 41 1035 282 3 
136 47 1048 274 3 
146 50 1049 282 3 
145 51 1036 290 3 
136 51 1053 289 3 
142 49 1048 282 3 
142 47 1041 276 3 
140 48 1022 266 3 
138 50 1017 269 3 
139 52 1034 261 3 
142 56 1033 250 3 
137 54 1044 256 3 
139 54 1051 256 3 
134 55 1063 258 3 
133 51 1056 260 3 
133 54 1059 258 3 
137 57 1062 256 3 
137 54 1057 252 3 
139 55 1077 258 3 
141 60 1063 256 3 
138 57 1062 259 3 
138 57 1064 270 3 
136 57 1080 275 3 
137 54 1092 271 3 
148 52 1097 284 3 
142 55 1106 271 3 
143 52 1113 272 3 
146 48 1141 270 3 
144 47 1133 269 3 
139 47 1143 265 3 
130 44 1155 263 3 
126 40 1149 266 3 
123 41 1144 277 3 
119 37 1141 288 3 
124 42 1148 294 3 
124 37 1141 290 3 
123 38 1131 286 3 
114 37 1139 279 3 
123 36 1152 279 3 
125 43 1141 284 3 
127 49 1133 272 3 
122 58 1137 281 3 
121 55 1167 269 3 
116 52 1156 270 3 
116 54 1183 261 3 
119 56 1179 245 3 
113 56 1168 245 3 
107 52 1172 249 3 
115 51 1168 250 3 
119 51 1188 241 3 
124 49 1177 244 3 
122 45 1193 245 3 
113 40 1183 243 3 
113 41 1177 245 3 
119 42 1161 249 3 
128 40 1147 239 3 
129 37 1135 242 3 
134 37 1123 240 3 
134 36 1138 256 3 
141 35 1140 260 3 
136 36 1135 249 3 
130 38 1108 258 3 
132 35 1111 265 3 
125 35 1104 265 3 
129 35 1139 259 3 
138 31 1149 258 3 
144 32 1150 265 3 
131 34 1144 258 3 
128 34 1152 259 3 
136 35 1161 255 3 
132 34 1159 256 3 
142 38 1179 241 3 
146 43 1151 247 3 
141 42 1139 253 3 
134 38 1159 269 3 
141 42 1163 272 3 
128 38 1172 273 3 
121 36 1175 270 3 
123 41 1198 259 3 
112 37 1176 260 3 
115 46 1158 265 3 
113 45 1145 263 3 
109 44 1150 259 3 
111 46 1169 275 3 
112 43 1173 275 3 
108 46 1170 271 3 
103 46 1174 268 3 
103 48 1176 260 3 
103 45 1189 258 3 
104 46 1204 249 3 
113 46 1216 244 3 
117 42 1198 246 3 
113 44 1184 233 3 
107 43 1164 238 3 
102 40 1152 242 3 
104 44 1174 249 3 
111 42 1205 248 3 
119 43 1212 245 3 
124 39 1196 252 3 
128 37 1192 254 3 
127 38 1179 249 3 
131 40 1178 249 3 
131 43 1160 250 3 
122 46 1185 264 3 
124 44 1159 262 3 
137 42 1169 262 3 
138 46 1163 254 3 
130 45 1166 249 3 
130 47 1161 243 3 
131 46 1158 230 3 
134 46 1172 241 3 
141 48 1181 241 3 
147 50 1181 231 3 
149 46 1178 231 3 
148 47 1173 233 3 
153 44 1178 238 3 
151 42 1194 226 3 
145 39 1178 227 3 
141 35 1164 232 3 
141 37 1150 223 3 
143 44 1168 213 3 
140 46 1154 209 3 
146 47 1140 203 3 
140 47 1146 208 3 
148 45 1146 208 3 
151 39 1161 205 3 
157 44 1153 198 3 
161 42 1152 192 3 
155 46 1154 187 3 
154 47 1139 188 3 
160 42 1132 180 3 
158 44 1145 182 3 
168 47 1147 183 3 
166 47 1138 187 3 
174 46 1153 186 3 
173 41 1129 185 3 
166 42 1132 175 3 
163 41 1121 168 3 
160 40 1135 173 3 
161 40 1140 169 3 
153 36 1145 168 3 
151 35 1153 160 3 
154 35 1113 165 3 
157 37 1100 166 3 
165 35 1096 167 3 
161 32 1105 166 3 
154 35 1118 167 3 
159 32 1118 165 3 
155 32 1144 162 3 
164 28 1163 171 3 
161 28 1152 171 3 
153 30 1158 173 3 
155 33 1130 163 3 
150 34 1128 165 3 
158 32 1129 163 3 
161 34 1123 167 3 
165 34 1120 163 3 
161 32 1128 165 3 
167 32 1140 171 3 
173 35 1120 166 3 
169 35 1122 160 3 
163 34 1137 174 3 
164 30 1139 181 3 
169 30 1133 181 3 
175 31 1146 181 3 
178 27 1137 177 3 
185 26 1125 177 3 
183 28 1110 186 3 
186 29 1119 192 3 
185 27 1132 189 3 
195 28 1136 195 3 
190 26 1159 196 3 
186 24 1165 193 3 
182 22 1170 190 3 
179 23 1169 192 3 
174 22 1140 191 3 
173 24 1113 193 3 
177 24 1152 194 3 
174 24 1117 198 3 
185 22 1110 190 3 
190 20 1114 190 3 
178 25 1136 192 3 
185 30 1159 191 3 
185 30 1165 188 3 
184 27 1172 192 3 
186 26 1149 201 3 
176 27 1150 193 3 
170 28 1186 192 3 
173 25 1182 192 3 
173 22 1173 197 3 
171 21 1183 204 3 
162 21 1181 194 3 
165 17 1176 192 3 
166 17 1185 182 3 
159 16 1162 175 3 
151 18 1170 178 3 
152 15 1167 171 3 
147 18 1162 175 3 
148 20 1179 170 3 
149 19 1159 167 3 
154 22 1150 169 3 
154 23 1149 171 3 
145 22 1144 174 3 
150 25 1145 167 3 
153 25 1169 160 3 
154 27 1157 142 3 
156 27 1156 140 3 
153 25 1169 141 3 
160 29 1151 139 3 
163 29 1179 142 3 
165 31 1192 139 3 
165 32 1161 141 3 
165 33 1178 142 3 
165 34 1196 147 3 
166 33 1218 141 3 
164 32 1198 146 3 
159 29 1202 151 3 
164 28 1205 152 3 
162 28 1207 145 3 
158 25 1215 146 3 
155 24 1214 159 3 
150 21 1200 157 3 
144 22 1178 150 3 
139 25 1199 151 3 
141 22 1203 151 3 
148 24 1199 151 3 
149 23 1201 139 3 
146 19 1205 145 3 
147 19 1229 138 3 
154 15 1251 135 3 
154 16 1240 132 3 
156 14 1212 131 3 
151 16 1220 126 3 
156 15 1221 118 3 
155 15 1252 122 3 
155 16 1256 128 3 
153 12 1264 127 3 
152 12 1269 139 3 
156 13 1284 152 3 
158 12 1263 155 3 
152 13 1249 162 3 
147 14 1240 159 3 
141 14 1230 153 3 
137 15 1228 143 3 
141 14 1249 143 3 
137 14 1267 137 3 
135 15 1262 137 3 
136 14 1250 144 3 
143 15 1223 149 3 
139 16 1208 153 3 
141 15 1214 156 3 
144 15 1203 157 3 
143 15 1217 159 3 
145 15 1215 163 3 
140 15 1233 158 3 
145 15 1225 163 3 
135 16 1243 162 3 
136 15 1250 163 3 
126 13 1271 159 3 
122 11 1275 166 3 
121 13 1271 170 3 
122 15 1277 172 3 
112 18 1273 164 3 
126 19 1273 162 3 
126 18 1273 163 3 
128 20 1251 162 3 
136 21 1234 164 3 
142 24 1223 171 3 
145 25 1224 178 3 
141 27 1228 180 3 
133 29 1238 180 3 
139 30 1232 167 3 
146 25 1230 160 3 
143 24 1200 161 3 
147 24 1214 171 3 
154 25 1227 185 3 
148 22 1245 180 3 
144 22 1237 176 3 
148 22 1244 179 3 
145 21 1226 173 3 
148 19 1249 162 3 
158 18 1250 167 3 
157 17 1255 167 3 
153 13 1267 171 3 
159 15 1269 171 3 
155 17 1252 171 3 
161 17 1241 178 3 
150 17 1228 188 3 
157 19 1238 190 3 
153 21 1236 188 3 
149 25 1230 198 3 
155 23 1212 189 3 
156 21 1200 189 3 
152 22 1214 201 3 
161 22 1218 198 3 
162 20 1232 202 3 
154 17 1197 199 3 
152 16 1192 195 3 
146 16 1220 197 3 
140 15 1210 199 3 
145 18 1216 202 3 
141 17 1213 203 3 
144 19 1256 197 3 
139 19 1246 195 3 
135 19 1228 202 3 
