0 0 0 2 0 
0 1 0 1 0 
0 3 0 1 0 
1 3 0 1 0 
1 2 0 2 0 
0 3 1 3 0 
1 2 1 3 0 
1 4 1 2 0 
1 3 2 2 0 
2 3 1 2 0 
2 6 1 2 0 
4 6 1 2 0 
5 7 1 4 0 
5 8 1 5 0 
4 9 1 6 0 
4 8 2 8 0 
5 9 2 7 0 
4 9 4 7 0 
5 9 4 8 0 
7 9 4 8 0 
7 8 4 8 0 
8 12 4 9 0 
7 14 4 12 0 
8 16 4 14 0 
10 18 4 16 0 
10 17 3 18 0 
11 15 5 23 0 
10 19 5 21 0 
10 19 8 21 0 
8 17 7 23 0 
8 20 6 19 0 
7 18 8 19 0 
7 18 8 17 0 
7 20 8 21 0 
7 20 9 24 0 
5 19 9 25 0 
5 19 9 26 0 
5 19 10 23 0 
5 17 10 24 0 
8 19 12 24 0 
9 17 13 23 0 
9 21 15 26 0 
8 23 13 24 0 
10 25 11 23 0 
12 28 11 24 0 
14 24 10 26 0 
14 22 10 28 0 
17 25 10 29 0 
17 24 9 30 0 
20 23 10 30 0 
20 21 8 34 0 
16 23 12 34 0 
14 23 12 30 0 
18 21 14 31 0 
18 22 15 34 0 
18 20 16 37 0 
18 22 15 38 0 
22 25 14 37 0 
21 25 12 41 0 
23 27 10 45 0 
20 27 11 40 0 
19 26 11 36 0 
21 26 12 41 0 
25 22 17 44 0 
27 25 18 50 4 
28 24 20 54 4 
30 25 20 58 4 
31 30 23 65 4 
31 28 25 69 4 
27 28 26 73 4 
26 30 27 76 4 
29 32 28 79 4 
26 31 28 79 4 
26 33 27 78 4 
28 33 28 79 4 
27 33 26 85 4 
29 29 27 82 4 
27 24 26 89 4 
26 24 26 89 4 
22 27 24 84 4 
23 22 26 92 4 
23 22 29 86 4 
24 19 31 88 4 
25 19 29 91 4 
26 19 30 99 4 
27 18 33 99 4 
26 19 37 104 4 
22 18 38 104 4 
29 18 41 107 4 
28 17 47 107 4 
27 19 47 104 4 
26 21 56 107 4 
25 21 57 113 4 
29 24 60 109 4 
28 24 61 115 4 
29 25 64 123 4 
29 25 68 128 4 
31 29 77 127 4 
34 29 80 131 4 
39 27 83 135 4 
47 25 90 136 4 
51 23 95 140 4 
49 24 95 133 0 
49 24 98 140 4 
52 25 99 130 0 
50 26 87 127 4 
49 27 77 124 4 
53 24 81 129 4 
54 25 79 128 4 
51 26 80 129 4 
50 27 83 133 4 
51 27 83 135 4 
43 27 89 142 4 
42 29 96 140 4 
42 30 102 143 4 
44 28 105 137 0 
47 28 107 133 0 
46 29 107 128 0 
47 29 117 134 0 
45 31 124 144 0 
45 29 119 149 0 
44 30 116 146 0 
45 32 109 152 4 
52 31 118 157 0 
48 30 123 163 0 
47 28 132 166 0 
44 27 139 173 0 
49 24 139 174 0 
47 26 149 176 0 
48 26 155 178 0 
48 29 157 187 0 
51 25 157 188 0 
54 26 159 187 0 
56 27 155 182 0 
56 25 164 183 0 
53 30 168 195 0 
56 27 170 197 0 
55 24 170 201 0 
54 27 164 211 0 
47 29 158 214 4 
44 31 169 215 0 
46 30 172 230 4 
49 32 162 225 4 
49 34 168 228 4 
49 35 163 228 4 
50 36 164 242 4 
54 35 161 242 4 
58 34 156 239 4 
55 36 152 240 4 
56 40 155 253 4 
58 47 162 247 4 
60 45 165 258 4 
63 39 167 256 4 
61 40 166 267 4 
64 40 168 272 4 
63 44 174 275 4 
60 49 177 283 4 
64 50 175 288 4 
66 46 185 288 4 
62 49 178 292 4 
67 47 178 285 4 
70 48 186 288 4 
69 44 190 302 4 
73 52 195 306 4 
69 55 203 309 4 
66 51 213 307 4 
71 47 219 325 4 
70 47 220 334 4 
69 39 220 324 4 
67 43 220 320 4 
64 43 221 327 4 
64 45 227 332 4 
66 47 231 331 4 
71 47 229 338 4 
70 47 237 348 4 
68 43 247 357 4 
70 40 256 335 4 
74 43 265 345 4 
65 41 275 353 4 
62 42 276 347 4 
62 43 289 354 0 
66 36 298 363 0 
64 34 311 367 0 
69 41 320 376 0 
68 41 325 373 0 
66 41 327 374 0 
73 40 322 380 0 
74 43 325 380 0 
77 43 334 386 0 
70 48 321 402 4 
75 49 320 405 4 
70 46 324 405 4 
68 53 337 416 4 
67 52 336 431 4 
69 57 336 445 4 
70 58 332 455 4 
67 56 334 447 4 
67 61 339 460 4 
71 64 354 471 4 
73 61 362 477 4 
75 66 359 479 4 
70 66 354 474 4 
71 68 344 482 4 
71 73 346 492 4 
74 74 353 505 4 
75 84 358 513 4 
76 71 368 522 4 
78 69 370 527 4 
72 67 385 527 4 
78 73 392 540 4 
80 74 397 532 4 
84 69 411 517 4 
77 67 420 520 4 
77 71 434 531 4 
82 71 434 526 4 
83 64 441 529 4 
86 70 439 534 4 
89 69 447 529 4 
93 75 440 541 4 
96 80 443 559 4 
94 80 450 569 4 
98 84 448 565 4 
103 87 441 578 4 
106 81 445 590 4 
105 88 467 574 4 
107 87 469 567 4 
105 89 459 572 4 
114 89 460 576 4 
113 92 469 584 4 
111 88 461 602 4 
111 89 465 612 4 
112 90 479 622 4 
114 90 468 627 4 
113 92 466 619 4 
115 92 471 600 4 
114 90 456 608 4 
111 91 455 613 4 
109 90 460 611 4 
102 89 440 617 4 
104 89 456 617 4 
102 90 460 625 4 
111 94 462 625 4 
107 91 469 621 4 
102 94 456 634 4 
105 103 468 641 4 
101 98 494 632 4 
107 99 486 627 4 
107 89 501 630 4 
112 81 498 620 4 
112 88 496 636 4 
113 82 496 670 4 
110 84 488 660 4 
111 85 477 655 4 
116 92 495 661 4 
114 98 488 658 4 
116 97 499 651 4 
117 103 511 650 4 
121 99 513 662 4 
120 90 514 653 4 
118 84 506 658 4 
123 82 508 668 4 
118 85 517 676 4 
110 80 528 674 4 
110 81 526 670 4 
117 85 527 679 4 
106 83 536 689 4 
115 84 547 700 4 
109 86 546 690 4 
111 80 561 696 4 
123 77 562 701 4 
127 76 554 709 4 
122 78 555 717 4 
126 82 561 714 4 
120 74 563 740 4 
118 73 547 738 4 
120 74 542 722 4 
117 74 547 708 4 
116 79 533 695 4 
109 85 552 699 4 
112 84 558 687 4 
109 89 564 693 4 
105 91 570 714 4 
101 90 555 718 4 
102 89 553 715 4 
101 96 565 710 4 
98 90 580 713 4 
96 93 587 700 4 
93 101 594 698 4 
93 93 578 704 4 
95 99 584 705 4 
92 94 590 708 4 
92 98 617 720 4 
94 97 615 713 4 
93 99 623 713 0 
86 94 617 712 4 
88 92 615 720 4 
82 97 618 717 4 
85 100 608 736 4 
84 102 616 729 4 
88 103 598 740 4 
88 108 579 750 4 
87 102 582 757 4 
82 102 584 753 4 
81 104 569 744 4 
85 98 577 732 4 
85 97 585 741 4 
81 98 600 753 4 
85 98 595 744 4 
92 96 605 754 4 
93 95 607 753 4 
90 96 607 751 4 
84 95 602 747 4 
84 95 603 750 4 
89 86 595 746 4 
86 91 586 758 4 
86 87 583 771 4 
87 82 583 787 4 
95 82 577 802 4 
104 81 581 800 4 
107 86 586 809 4 
104 84 582 796 4 
104 89 567 806 4 
99 88 559 808 4 
98 80 557 801 4 
94 82 560 801 4 
86 85 561 780 4 
82 90 548 804 4 
83 93 561 781 4 
82 99 573 793 4 
77 97 576 785 4 
70 96 577 801 4 
67 96 592 801 4 
67 94 598 794 4 
69 87 616 789 4 
71 85 633 783 4 
71 82 640 769 4 
74 83 644 754 4 
71 83 642 758 4 
79 79 658 764 4 
74 80 651 759 4 
72 68 633 740 4 
74 67 648 740 0 
73 73 645 748 4 
72 76 656 737 0 
68 76 658 739 0 
65 77 668 746 0 
68 78 675 742 0 
68 76 690 747 0 
61 80 695 741 0 
61 85 689 726 0 
56 85 687 733 0 
51 81 671 718 0 
48 87 669 740 0 
47 86 686 732 0 
54 85 668 724 0 
54 90 651 707 0 
58 87 658 710 0 
52 95 658 738 0 
49 88 654 727 0 
49 84 647 731 0 
48 86 646 716 0 
49 82 639 739 4 
49 78 645 741 4 
53 77 639 732 0 
54 75 644 758 4 
50 78 651 751 4 
54 75 646 740 0 
55 71 658 736 0 
55 73 656 750 0 
57 77 658 727 0 
52 74 639 723 0 
47 71 638 712 0 
44 70 658 707 0 
45 67 666 708 0 
47 68 665 726 0 
45 77 670 712 0 
47 78 682 731 0 
45 81 698 752 0 
49 83 706 752 0 
51 85 707 748 0 
49 86 702 729 0 
46 91 705 745 0 
45 87 715 754 0 
42 95 716 755 0 
42 95 713 767 0 
41 93 716 770 0 
36 100 737 783 0 
37 104 742 791 0 
46 111 741 791 0 
47 105 716 791 0 
50 110 703 785 0 
56 109 707 776 0 
56 101 705 775 0 
53 102 700 785 0 
54 102 713 771 0 
47 100 714 770 0 
50 98 711 772 0 
50 102 703 784 0 
50 91 713 778 0 
47 90 693 781 0 
44 93 703 766 0 
46 92 697 733 0 
49 89 695 724 0 
50 92 687 731 0 
50 88 681 717 0 
51 92 684 718 0 
58 91 696 728 0 
58 90 685 717 0 
65 94 669 744 0 
61 91 653 732 0 
61 87 650 723 0 
59 88 669 716 0 
60 88 678 735 0 
57 86 675 749 0 
55 90 693 747 0 
60 90 698 740 0 
62 91 692 736 0 
58 96 689 727 0 
62 97 692 717 0 
66 94 703 709 0 
68 92 709 720 0 
69 92 701 737 0 
67 85 711 731 0 
73 83 727 737 0 
70 80 747 723 0 
73 77 747 702 0 
74 81 736 703 0 
72 79 728 697 0 
74 84 718 719 0 
73 92 730 694 0 
70 96 719 685 0 
65 96 720 679 0 
64 98 740 670 0 
71 97 735 668 0 
74 95 739 674 0 
74 91 737 676 0 
80 94 751 666 0 
83 96 755 667 0 
88 86 758 672 0 
90 84 764 677 0 
85 88 770 703 0 
85 87 761 698 0 
82 81 756 696 0 
82 84 745 688 0 
80 88 746 695 0 
82 88 739 698 0 
77 91 756 697 0 
75 90 754 706 0 
75 89 745 703 0 
73 88 738 678 0 
70 89 724 694 0 
72 90 721 686 0 
72 89 716 681 0 
73 90 723 680 0 
73 88 730 689 0 
71 89 730 709 0 
72 93 726 701 0 
72 92 725 683 0 
77 92 707 694 0 
77 93 720 697 0 
80 96 722 701 0 
84 100 731 690 0 
83 98 720 685 0 
77 95 729 681 0 
82 94 718 674 0 
82 100 716 683 0 
83 99 703 673 0 
91 96 718 664 0 
94 94 718 673 0 
91 91 708 689 0 
86 92 710 686 0 
86 95 704 679 0 
87 91 689 657 0 
84 92 708 663 0 
80 91 711 647 0 
75 95 701 642 0 
72 97 702 631 0 
73 90 703 639 0 
76 87 699 650 0 
75 87 716 653 0 
69 90 716 655 0 
65 92 705 644 0 
65 93 729 639 0 
71 95 759 663 0 
66 93 750 658 0 
68 87 769 659 3 
70 92 761 655 3 
78 95 776 660 3 
78 100 789 677 3 
72 97 826 670 3 
75 98 823 674 3 
77 91 809 681 3 
73 88 813 669 3 
74 85 817 663 3 
78 76 799 669 3 
82 76 791 683 3 
80 70 783 667 3 
78 69 780 670 3 
75 71 783 680 3 
81 71 776 673 3 
88 72 749 676 0 
88 64 762 679 0 
85 64 753 683 0 
81 70 743 680 0 
82 68 745 681 0 
75 65 774 679 0 
74 64 772 703 0 
75 64 776 705 0 
82 63 773 701 0 
81 58 784 696 0 
77 60 788 696 0 
75 64 784 690 0 
81 58 793 687 3 
82 56 792 687 3 
83 59 797 697 3 
85 59 802 672 3 
85 54 807 655 3 
83 54 788 660 3 
84 49 801 661 3 
81 54 807 646 3 
85 56 807 624 3 
88 61 810 620 3 
88 60 778 622 3 
90 63 784 622 3 
82 62 803 609 3 
82 57 800 619 3 
84 58 773 607 3 
86 63 782 608 3 
85 64 794 607 3 
82 61 812 593 3 
89 62 828 584 3 
86 60 834 593 3 
87 57 840 594 3 
91 61 845 593 3 
89 60 840 603 3 
90 58 857 607 3 
94 56 842 584 3 
95 58 844 580 3 
98 59 855 582 3 
97 62 869 579 3 
96 63 864 570 3 
101 60 862 583 3 
111 59 889 564 3 
108 56 872 566 3 
106 58 864 572 3 
111 61 868 567 3 
112 58 853 573 3 
109 58 855 572 3 
115 62 862 571 3 
111 61 863 575 3 
115 63 873 575 3 
107 64 874 582 3 
107 62 886 579 3 
107 64 870 598 3 
113 64 885 603 3 
115 63 901 597 3 
118 64 908 575 3 
117 65 900 582 3 
121 68 885 586 3 
121 58 882 567 3 
119 59 873 563 3 
111 57 880 559 3 
116 61 880 566 3 
121 53 884 563 3 
115 50 877 544 3 
120 47 896 549 3 
119 43 892 565 3 
118 41 882 558 3 
120 42 888 552 3 
128 43 886 528 3 
129 50 912 527 3 
135 55 925 533 3 
136 55 920 543 3 
126 58 932 527 3 
130 57 909 519 3 
130 59 898 517 3 
131 59 898 511 3 
133 56 906 529 3 
140 52 913 528 3 
145 48 895 538 3 
144 47 893 543 3 
154 44 882 563 3 
140 46 868 558 3 
142 51 882 560 3 
146 52 902 559 3 
150 50 899 565 3 
146 50 850 563 3 
148 45 879 568 3 
142 45 895 559 3 
143 44 910 560 3 
138 43 926 573 3 
136 38 956 564 3 
131 41 961 579 3 
133 41 926 572 3 
134 37 948 545 3 
137 31 941 535 3 
136 32 945 522 3 
134 33 932 532 3 
142 33 909 538 3 
137 40 903 525 3 
138 43 922 521 3 
130 40 911 533 3 
129 39 905 548 3 
131 36 900 516 3 
130 36 872 527 3 
139 35 884 521 3 
142 33 899 522 3 
133 39 923 520 3 
122 39 937 524 3 
127 38 942 520 3 
129 37 932 520 3 
135 39 922 518 3 
143 42 917 516 3 
144 36 893 498 3 
145 40 898 490 3 
146 38 898 484 3 
144 40 917 491 3 
137 44 921 487 3 
144 42 893 487 3 
155 39 882 492 3 
154 39 887 489 3 
155 41 873 478 3 
152 43 867 476 3 
148 42 878 464 3 
150 40 871 464 3 
148 43 854 463 3 
153 49 862 479 3 
151 48 855 474 3 
148 44 851 485 3 
152 39 872 482 3 
148 43 866 494 3 
149 44 895 486 3 
145 39 911 485 3 
151 39 903 484 3 
148 40 909 473 3 
144 40 924 491 3 
151 38 948 480 3 
145 37 985 464 3 
142 37 979 466 3 
137 37 986 473 3 
143 39 981 479 3 
149 41 963 461 3 
145 41 1000 449 3 
138 43 996 445 3 
137 44 984 452 3 
135 38 981 458 3 
128 33 957 447 3 
127 31 956 438 3 
120 29 951 445 3 
121 28 956 432 3 
125 30 959 433 3 
132 31 962 439 3 
127 30 968 425 3 
130 30 956 425 3 
129 29 976 415 3 
127 28 981 420 3 
128 30 978 399 3 
134 26 984 400 3 
132 28 1007 409 3 
124 30 981 411 3 
129 32 998 413 3 
133 30 1025 398 3 
130 26 1031 409 3 
119 28 1048 407 3 
121 29 1051 400 3 
117 27 1052 390 3 
109 28 1049 390 3 
103 29 1072 372 3 
104 26 1068 377 3 
102 24 1074 364 3 
101 23 1054 355 3 
101 24 1070 356 3 
109 26 1075 337 3 
109 26 1077 337 3 
111 25 1060 342 3 
113 25 1075 341 3 
118 26 1078 350 3 
124 25 1067 371 3 
124 22 1061 388 3 
123 24 1073 383 3 
122 22 1055 372 3 
116 23 1054 374 3 
114 24 1079 368 3 
116 25 1122 367 3 
124 27 1136 377 3 
117 25 1128 373 3 
126 26 1143 363 3 
120 27 1145 377 3 
118 26 1145 366 3 
114 28 1137 373 3 
118 26 1148 370 3 
115 25 1144 360 3 
107 27 1142 362 3 
106 27 1146 351 3 
107 26 1132 341 3 
96 25 1129 347 3 
108 22 1133 348 3 
103 21 1127 352 3 
95 21 1136 348 3 
100 23 1124 339 3 
99 26 1143 339 3 
96 21 1139 352 3 
95 24 1129 347 3 
94 23 1144 347 3 
96 21 1143 331 3 
96 19 1167 334 3 
99 19 1165 328 3 
103 20 1173 321 3 
104 21 1161 318 3 
103 23 1155 315 3 
102 21 1164 313 3 
100 19 1182 320 3 
97 17 1191 322 3 
99 15 1203 320 3 
93 15 1204 318 3 
91 17 1176 316 3 
90 18 1184 298 3 
87 17 1180 288 3 
84 17 1202 296 3 
79 18 1200 294 3 
75 17 1209 294 3 
78 16 1203 291 3 
85 14 1210 287 3 
85 14 1217 292 3 
84 15 1246 288 3 
93 20 1249 285 3 
95 22 1261 283 3 
100 21 1252 282 3 
102 21 1225 271 3 
103 18 1212 284 3 
95 19 1241 271 3 
91 20 1246 273 3 
80 22 1238 268 3 
80 22 1259 266 3 
83 21 1251 262 3 
80 22 1258 247 3 
85 23 1243 243 3 
89 25 1250 237 3 
91 23 1230 247 3 
92 22 1229 242 3 
93 24 1225 250 3 
93 25 1216 245 3 
96 26 1226 242 3 
92 30 1235 250 3 
94 27 1239 247 3 
103 29 1230 248 3 
104 32 1240 239 3 
103 34 1254 232 3 
106 28 1233 229 3 
110 29 1219 234 3 
119 26 1258 224 3 
130 27 1255 220 3 
134 23 1278 217 3 
138 24 1233 205 3 
135 25 1218 202 3 
144 28 1208 209 3 
135 28 1197 199 3 
139 30 1198 195 3 
134 33 1194 203 3 
131 37 1217 197 3 
127 36 1223 190 3 
121 27 1213 198 3 
130 25 1172 188 3 
130 26 1145 194 3 
130 24 1160 207 3 
123 24 1186 207 3 
112 24 1199 206 3 
118 25 1217 210 3 
122 26 1195 213 3 
119 26 1201 214 3 
114 30 1182 208 3 
121 30 1158 210 3 
123 31 1165 207 3 
128 32 1178 212 3 
129 35 1179 214 3 
118 35 1181 214 3 
111 32 1207 219 3 
111 35 1218 221 3 
122 39 1234 210 3 
120 41 1217 203 3 
124 40 1178 205 3 
122 40 1183 199 3 
127 39 1189 193 3 
133 39 1195 191 3 
134 35 1193 187 3 
133 33 1175 187 3 
135 40 1172 191 3 
137 37 1167 190 3 
135 33 1166 184 3 
139 35 1162 177 3 
129 33 1153 176 3 
133 35 1135 179 3 
136 34 1159 180 3 
131 31 1170 192 3 
124 29 1161 187 3 
128 27 1168 183 3 
129 30 1161 180 3 
127 31 1174 173 3 
131 26 1179 171 3 
128 29 1177 177 3 
134 29 1162 184 3 
131 27 1144 194 3 
137 27 1176 186 3 
143 27 1172 173 3 
137 27 1188 170 3 
140 25 1191 166 3 
144 24 1217 162 3 
144 26 1213 158 3 
150 26 1205 164 3 
147 25 1184 172 3 
148 21 1190 177 3 
145 21 1191 175 3 
143 25 1202 173 3 
140 29 1201 171 3 
138 27 1191 166 3 
135 28 1188 176 3 
133 27 1217 171 3 
131 29 1200 169 3 
129 30 1215 168 3 
135 33 1220 166 3 
141 30 1227 177 3 
132 31 1227 177 3 
128 29 1241 183 3 
137 31 1255 181 3 
138 31 1237 176 3 
141 31 1225 181 3 
137 30 1218 181 3 
136 32 1220 183 3 
134 32 1225 187 3 
138 30 1241 192 3 
139 29 1224 191 3 
146 29 1215 189 3 
144 28 1212 183 3 
151 29 1228 179 3 
153 31 1223 166 3 
149 30 1229 167 3 
152 29 1239 164 3 
149 27 1212 164 3 
148 28 1223 173 3 
148 32 1225 167 3 
149 32 1214 171 3 
147 33 1192 171 3 
143 30 1187 183 3 
148 31 1174 186 3 
142 34 1164 192 3 
151 34 1170 189 3 
152 36 1182 188 3 
151 34 1166 188 3 
156 40 1162 195 3 
170 37 1140 183 3 
178 38 1129 183 3 
175 36 1126 177 3 
175 39 1112 180 3 
163 38 1108 187 3 
161 36 1091 193 3 
159 39 1104 185 3 
161 38 1103 195 3 
157 40 1108 197 3 
153 37 1110 196 3 
140 38 1127 197 3 
139 39 1137 192 3 
132 42 1128 195 3 
131 39 1128 189 3 
134 38 1132 185 3 
134 39 1148 173 3 
138 40 1149 173 3 
147 39 1167 175 3 
142 40 1193 181 3 
135 40 1194 192 3 
133 40 1201 188 3 
126 38 1203 192 3 
127 38 1206 191 3 
127 40 1224 190 3 
127 45 1219 186 3 
127 48 1209 184 3 
126 48 1179 190 3 
129 48 1149 193 3 
132 50 1151 188 3 
132 48 1158 194 3 
135 50 1162 189 3 
134 48 1164 194 3 
131 51 1163 198 3 
125 53 1148 195 3 
121 52 1114 196 3 
125 45 1135 193 3 
129 40 1165 200 3 
135 39 1167 188 3 
130 40 1165 197 3 
135 40 1157 195 3 
137 42 1143 198 3 
127 42 1139 205 3 
126 42 1165 206 3 
131 39 1171 214 3 
131 41 1153 211 3 
134 42 1126 217 3 
138 44 1123 230 3 
134 46 1139 226 3 
127 45 1133 215 3 
135 44 1130 222 3 
134 40 1160 226 3 
129 44 1143 223 3 
138 46 1149 226 3 
135 41 1153 230 3 
138 45 1127 228 3 
135 42 1096 218 3 
137 36 1092 223 3 
130 37 1094 220 3 
141 40 1081 220 3 
149 41 1098 228 3 
147 43 1104 228 3 
149 43 1121 232 3 
143 43 1141 244 3 
138 45 1162 238 3 
137 46 1168 237 3 
141 46 1202 250 3 
135 51 1195 233 3 
137 54 1163 233 3 
140 57 1146 230 3 
130 54 1146 238 3 
128 57 1174 229 3 
125 55 1181 241 3 
125 57 1181 243 3 
120 62 1181 234 3 
122 63 1164 214 3 
129 66 1170 211 3 
127 64 1174 222 3 
133 66 1170 226 3 
139 68 1158 212 3 
143 67 1138 216 3 
146 76 1140 207 3 
149 72 1127 197 3 
135 71 1143 198 3 
133 71 1146 202 3 
126 70 1137 196 3 
118 73 1157 207 3 
124 77 1171 202 3 
124 82 1164 194 3 
124 79 1165 197 3 
125 83 1164 190 3 
133 83 1153 205 3 
138 80 1162 194 3 
136 83 1170 193 3 
142 83 1174 201 3 
140 78 1201 196 3 
138 74 1193 196 3 
143 71 1186 191 3 
144 70 1176 201 3 
140 76 1148 197 3 
141 77 1142 197 3 
138 81 1167 192 3 
130 77 1153 201 3 
128 75 1127 203 3 
121 76 1134 201 3 
128 76 1111 206 3 
125 76 1146 217 3 
128 72 1150 211 3 
136 66 1168 201 3 
135 58 1168 202 3 
132 55 1144 198 3 
128 52 1127 213 3 
131 50 1137 211 3 
127 53 1118 222 3 
129 49 1115 231 3 
128 48 1121 241 3 
124 53 1123 235 3 
131 54 1109 244 3 
124 53 1130 247 3 
123 52 1134 251 3 
119 53 1134 244 3 
112 52 1127 241 3 
117 50 1129 242 3 
114 51 1134 241 3 
113 49 1142 236 3 
116 52 1131 231 3 
113 57 1137 230 3 
112 54 1113 216 3 
117 58 1111 223 3 
118 56 1086 230 3 
111 60 1120 229 3 
104 62 1132 214 3 
109 61 1152 220 3 
109 64 1159 223 3 
111 64 1155 219 3 
108 60 1172 219 3 
107 59 1153 226 3 
103 61 1148 232 3 
106 67 1152 240 3 
107 69 1134 236 3 
111 70 1132 243 3 
108 67 1111 239 3 
113 67 1111 232 3 
108 61 1094 239 3 
113 59 1079 235 3 
114 57 1065 248 3 
114 59 1050 247 3 
115 58 1052 251 3 
121 55 1053 249 3 
116 57 1050 223 3 
119 56 1064 216 3 
120 52 1090 223 3 
