0 1 0 0 0 
0 1 0 0 0 
0 2 0 0 0 
0 2 0 0 0 
0 2 0 0 0 
0 3 0 1 0 
0 4 0 1 0 
1 4 0 1 0 
1 4 1 1 0 
1 4 3 0 0 
1 6 4 0 0 
1 7 5 0 0 
1 6 7 0 0 
1 7 8 0 0 
2 7 9 0 0 
1 6 11 0 0 
1 6 9 0 0 
2 7 11 0 0 
2 8 12 0 0 
4 8 14 0 0 
4 9 13 1 0 
5 10 13 1 0 
5 10 15 1 0 
4 10 16 1 0 
6 10 18 1 0 
6 12 20 1 0 
5 12 22 1 0 
5 15 24 2 0 
5 15 22 3 0 
5 17 20 3 0 
6 14 23 3 0 
7 14 23 3 0 
7 16 23 4 0 
5 17 21 5 0 
4 17 21 4 0 
3 18 23 2 0 
3 20 23 4 0 
3 22 23 3 0 
3 21 26 4 0 
2 23 29 4 0 
2 24 31 6 0 
2 27 30 6 0 
2 29 31 6 0 
1 29 33 8 0 
2 32 31 7 0 
2 33 33 7 0 
2 32 33 7 0 
2 32 33 7 0 
2 32 33 11 0 
2 29 33 11 0 
2 27 34 11 0 
4 26 31 10 0 
3 26 32 13 0 
3 21 39 13 0 
4 21 41 14 0 
4 21 43 13 3 
6 17 44 14 3 
6 14 47 15 3 
6 15 47 14 3 
6 18 49 13 3 
6 20 53 14 3 
6 24 51 17 3 
6 28 55 19 3 
6 25 54 20 3 
6 23 53 24 3 
6 24 54 21 3 
7 25 57 21 3 
7 22 57 18 3 
7 23 56 20 3 
7 24 52 24 3 
6 23 51 29 0 
7 25 55 30 3 
7 24 59 33 3 
7 26 58 34 0 
5 25 52 33 0 
5 25 53 34 0 
4 26 56 38 0 
3 25 62 42 0 
3 25 61 46 0 
4 20 65 46 0 
4 17 73 44 3 
4 18 79 43 3 
4 17 85 45 3 
4 14 94 46 3 
4 15 98 49 3 
4 10 95 54 3 
6 9 101 55 3 
7 10 101 57 3 
9 8 101 58 3 
9 10 99 64 3 
8 11 101 64 3 
8 11 106 60 3 
8 13 115 60 3 
9 15 112 63 3 
10 17 112 62 3 
12 15 113 62 3 
16 16 118 60 3 
13 20 115 62 3 
10 16 117 66 3 
11 15 121 64 3 
10 15 119 67 3 
9 19 115 65 3 
9 18 117 65 3 
10 18 115 68 3 
11 16 112 69 3 
11 16 112 71 3 
12 12 111 77 0 
14 11 126 79 3 
17 12 132 79 3 
18 10 133 78 3 
19 11 128 82 3 
18 10 138 83 3 
18 10 139 89 3 
19 10 148 75 3 
21 8 144 71 3 
23 9 154 74 3 
26 10 144 73 3 
27 11 150 75 3 
30 10 152 83 3 
32 13 156 88 3 
32 13 157 87 3 
35 14 160 98 3 
35 16 160 97 3 
32 16 163 105 3 
37 14 167 115 3 
31 14 176 124 3 
29 18 175 120 3 
27 17 179 121 3 
32 23 184 128 3 
33 25 184 132 3 
28 26 194 133 3 
29 24 204 140 3 
28 23 199 142 3 
27 26 215 140 3 
25 23 226 143 3 
24 23 234 155 3 
24 25 234 151 3 
25 23 239 163 3 
25 25 243 170 3 
23 27 242 184 3 
22 25 261 192 3 
24 20 271 195 3 
24 20 273 197 3 
23 26 276 198 3 
23 27 282 208 3 
19 31 292 205 3 
18 28 299 206 3 
16 28 312 216 3 
16 28 313 218 3 
19 32 319 217 3 
17 32 326 219 3 
16 30 322 223 3 
17 34 332 226 3 
16 35 354 228 3 
15 35 353 233 3 
13 40 353 244 3 
18 36 354 254 3 
18 39 371 253 3 
21 37 381 266 3 
22 42 385 259 3 
22 46 391 280 3 
25 43 391 281 3 
30 41 400 293 3 
33 44 409 279 3 
33 47 408 285 3 
36 48 413 289 3 
37 43 414 287 3 
39 42 427 279 3 
35 50 426 279 3 
36 54 441 281 3 
31 53 456 275 3 
25 51 464 285 3 
26 50 480 282 3 
25 51 480 288 3 
28 51 480 291 3 
33 55 488 307 3 
32 56 496 315 3 
32 58 498 317 3 
34 59 494 323 3 
33 63 507 318 3 
38 65 502 331 3 
41 69 508 336 3 
36 64 530 334 3 
36 65 548 342 3 
38 63 557 348 3 
45 60 556 345 3 
46 64 557 356 3 
41 62 574 355 3 
43 64 585 358 3 
42 70 607 362 3 
39 68 608 367 3 
39 66 586 369 3 
40 66 603 373 3 
37 71 608 374 3 
36 73 603 373 3 
34 76 606 373 3 
39 80 606 366 3 
41 80 600 366 3 
39 75 587 374 3 
37 75 583 378 3 
35 80 583 380 3 
32 86 598 382 3 
33 85 610 407 3 
34 75 600 410 3 
31 81 607 403 3 
31 76 617 398 3 
34 77 630 410 3 
36 81 632 407 3 
39 91 642 418 3 
36 93 634 441 3 
39 95 639 451 3 
44 99 654 426 3 
47 94 667 432 3 
52 97 673 449 3 
52 98 666 462 3 
50 95 664 452 3 
56 86 675 451 3 
56 86 669 452 3 
52 82 681 461 3 
55 84 670 468 3 
61 83 679 450 3 
62 86 677 453 3 
65 89 665 454 3 
64 90 685 447 3 
67 88 700 455 3 
69 90 703 463 3 
69 91 702 472 3 
71 83 711 486 3 
67 89 744 479 3 
61 90 727 478 3 
62 87 740 491 3 
63 81 743 476 3 
58 81 738 471 3 
58 83 739 481 3 
55 80 762 484 3 
55 81 758 474 3 
52 93 774 491 3 
51 91 776 488 3 
51 83 770 505 3 
51 80 766 501 3 
53 81 754 503 3 
54 77 764 513 3 
58 78 749 502 3 
62 76 749 508 3 
61 78 765 500 3 
64 75 751 511 3 
76 75 760 502 3 
67 73 769 508 3 
72 70 746 509 3 
76 74 744 515 3 
73 75 741 496 3 
70 71 764 491 3 
70 64 762 498 3 
73 61 766 483 3 
69 64 776 483 3 
74 65 776 480 3 
71 64 759 490 3 
72 64 757 488 3 
69 66 742 480 3 
70 68 743 485 3 
69 69 741 474 3 
71 68 745 478 3 
71 63 729 469 3 
72 61 718 479 3 
70 62 760 474 3 
72 60 751 468 3 
69 57 751 470 3 
74 58 742 477 3 
78 62 739 464 3 
80 62 734 468 3 
77 68 740 473 3 
72 68 746 489 3 
69 69 759 494 3 
69 65 764 508 3 
67 62 769 508 3 
68 61 785 514 3 
72 61 793 518 3 
78 60 781 515 3 
83 61 792 517 3 
82 58 809 532 3 
80 56 817 531 3 
83 54 828 555 3 
83 50 835 555 3 
81 52 838 548 3 
81 54 861 548 3 
84 58 861 541 3 
84 56 860 545 3 
83 53 881 540 3 
86 49 873 533 3 
91 49 868 528 3 
89 51 863 512 3 
92 48 849 498 3 
91 45 855 509 3 
94 50 852 507 3 
97 48 861 506 3 
102 47 889 498 3 
99 50 878 509 3 
99 50 885 509 3 
106 50 885 497 3 
104 47 871 492 3 
95 44 881 504 3 
101 43 899 500 3 
97 45 899 513 3 
94 47 888 525 3 
94 45 871 523 3 
94 45 873 528 3 
96 49 858 522 3 
100 52 844 516 3 
106 57 863 509 3 
105 56 845 516 3 
103 59 851 515 3 
104 61 857 516 3 
107 68 846 492 3 
107 70 859 485 3 
112 64 873 486 3 
113 65 890 485 3 
111 66 890 504 3 
108 71 880 520 3 
108 74 892 519 3 
108 77 884 511 3 
108 75 894 500 3 
113 74 910 489 3 
116 72 911 477 3 
107 70 920 474 3 
107 68 922 464 3 
103 67 936 468 3 
111 69 929 444 3 
112 69 919 428 3 
105 65 919 421 3 
103 65 914 431 3 
112 65 913 430 3 
111 56 914 447 3 
109 58 919 453 3 
108 55 925 458 3 
103 56 944 446 3 
103 57 955 452 3 
99 59 975 444 3 
104 64 979 445 3 
103 62 994 453 3 
110 57 986 458 3 
116 62 995 453 3 
124 61 978 432 3 
122 61 964 428 3 
122 62 960 433 3 
116 63 955 449 3 
117 62 949 456 3 
113 60 940 449 3 
117 62 939 457 3 
120 62 940 462 3 
122 63 948 467 3 
121 66 961 461 3 
117 64 942 448 3 
123 61 932 453 3 
124 63 929 456 3 
125 66 941 460 3 
129 60 933 451 3 
118 65 941 449 3 
116 68 941 440 3 
112 64 921 442 3 
113 67 932 434 3 
118 65 920 442 3 
116 60 928 444 3 
125 60 957 453 3 
126 62 969 456 3 
129 57 993 460 3 
136 56 988 464 3 
137 57 973 461 3 
131 54 958 453 3 
132 56 968 450 3 
133 58 961 446 3 
131 63 967 435 3 
131 63 981 443 3 
131 67 948 453 3 
131 64 942 467 3 
126 63 935 485 3 
123 57 928 476 3 
127 58 907 485 3 
119 56 896 486 3 
119 58 892 490 3 
117 63 904 491 3 
120 60 894 497 3 
114 53 910 504 3 
116 60 918 493 3 
112 59 919 489 3 
116 61 933 498 3 
112 55 927 496 3 
120 52 925 492 3 
122 52 912 490 3 
125 49 902 487 3 
125 47 880 498 3 
126 49 892 504 3 
129 54 892 481 3 
129 52 886 476 3 
126 48 893 482 3 
127 45 899 486 3 
131 43 870 493 3 
135 44 871 483 3 
132 46 884 484 3 
139 50 895 483 3 
141 49 910 473 3 
139 44 929 473 3 
136 44 917 481 3 
137 44 934 479 3 
137 44 915 471 3 
139 44 909 468 3 
139 47 893 477 3 
145 46 887 482 3 
144 43 896 470 3 
141 38 889 467 3 
134 36 890 453 3 
136 34 907 470 3 
141 36 901 465 3 
144 39 905 463 3 
136 36 912 449 3 
131 39 901 440 3 
134 39 901 441 3 
142 39 903 422 3 
138 43 907 423 3 
128 43 898 429 3 
137 41 897 430 3 
134 49 913 418 3 
141 46 921 439 3 
141 44 937 455 3 
138 38 950 443 3 
139 32 951 441 3 
144 32 967 443 3 
142 32 971 433 3 
144 33 962 440 3 
138 35 957 434 3 
144 34 943 437 3 
137 35 962 433 3 
135 36 965 427 3 
134 33 968 424 3 
132 34 949 422 3 
136 32 948 421 3 
134 30 944 424 3 
131 28 955 411 3 
138 26 965 414 3 
136 27 980 424 3 
126 23 986 421 3 
132 20 980 421 3 
127 16 984 420 3 
122 13 989 414 3 
119 13 994 430 3 
107 16 1005 431 3 
105 16 1002 424 3 
109 18 1003 429 3 
111 18 1014 420 3 
113 20 1034 416 3 
112 21 1035 393 3 
114 21 1026 387 3 
108 21 1039 394 3 
110 21 1023 397 3 
113 21 1033 407 3 
115 21 1031 400 3 
119 20 1037 409 3 
114 21 1034 403 3 
115 19 1018 401 3 
117 19 1019 406 3 
114 19 1029 402 3 
112 19 1043 406 3 
111 20 1014 402 3 
108 20 1006 408 3 
119 19 1006 399 3 
120 18 994 398 3 
117 19 978 400 3 
123 17 1001 409 3 
118 17 1019 398 3 
118 18 1006 392 3 
120 17 1018 389 3 
122 17 1023 397 3 
124 17 1013 396 3 
113 19 1003 387 3 
106 18 1002 370 3 
105 18 1014 371 3 
105 18 1016 370 3 
110 20 1003 382 3 
107 22 1027 376 3 
106 23 1038 387 3 
107 21 1044 375 3 
102 21 1052 373 3 
102 18 1045 373 3 
106 19 1038 369 3 
106 22 1056 362 3 
106 22 1044 368 3 
123 24 1037 385 3 
121 19 1015 396 3 
122 19 1019 401 3 
123 21 1030 405 3 
119 23 1034 397 3 
121 27 1042 405 3 
115 30 1022 400 3 
121 29 1013 399 3 
114 30 1013 393 3 
120 34 995 391 3 
115 33 1002 392 3 
117 35 990 393 3 
119 33 974 392 3 
117 29 965 378 3 
116 31 962 390 3 
118 32 954 393 3 
114 32 962 380 3 
113 30 980 378 3 
116 32 967 373 3 
110 34 978 369 3 
115 31 998 379 3 
118 29 998 368 3 
115 31 999 371 3 
115 33 1006 357 3 
108 34 1012 352 3 
110 38 1014 360 3 
104 39 994 362 3 
97 39 994 355 3 
99 39 996 354 3 
97 42 989 349 3 
97 44 987 345 3 
94 44 1004 340 3 
97 47 1015 336 3 
99 48 1006 345 3 
99 42 1007 353 3 
113 44 1007 366 3 
107 43 1030 354 3 
106 48 1032 354 3 
111 42 1032 354 3 
106 44 1032 346 3 
105 42 1069 353 3 
100 43 1063 360 3 
99 44 1052 366 3 
108 42 1037 348 3 
108 42 1014 349 3 
97 41 1024 363 3 
100 40 1025 361 3 
105 45 1043 363 3 
105 46 1020 363 3 
106 43 1030 363 3 
109 44 1026 356 3 
116 45 1041 342 3 
120 43 1023 345 3 
114 43 1023 345 3 
110 43 1026 344 3 
109 44 1019 341 3 
107 51 1027 329 3 
107 50 1032 329 3 
106 48 1043 330 3 
109 52 1043 326 3 
113 51 1070 328 3 
111 53 1062 322 3 
104 48 1068 314 3 
98 48 1034 339 3 
100 43 1023 335 3 
104 42 1032 340 3 
108 37 1012 328 3 
107 39 1006 327 3 
107 36 1021 335 3 
103 43 1015 340 3 
102 42 1022 322 3 
99 42 1053 309 3 
104 40 1030 307 3 
106 41 1020 306 3 
109 39 1019 315 3 
121 39 1011 322 3 
124 40 1011 312 3 
126 43 993 315 3 
124 46 1004 330 3 
120 47 1006 328 3 
125 48 1007 318 3 
131 53 1004 316 3 
132 52 1009 318 3 
133 50 986 310 3 
143 50 995 317 3 
135 48 980 330 3 
131 46 996 326 3 
129 54 1023 319 3 
128 59 1020 314 3 
138 57 1001 326 3 
141 57 993 333 3 
143 59 994 332 3 
150 60 1007 337 3 
147 59 999 336 3 
144 64 1015 334 3 
147 61 1031 333 3 
149 60 1042 332 3 
151 63 1029 326 3 
147 61 1002 321 3 
144 64 1031 315 3 
143 63 1034 312 3 
153 61 1041 318 3 
149 59 1026 314 3 
153 62 1035 310 3 
153 59 1022 318 3 
148 60 1024 323 3 
145 61 1030 317 3 
146 62 1018 316 3 
146 58 1008 322 3 
146 54 1013 337 3 
151 52 1006 346 3 
151 51 1012 344 3 
158 50 995 330 3 
160 56 1002 344 3 
154 52 997 339 3 
150 52 978 338 3 
146 54 962 341 3 
145 53 956 335 3 
139 54 970 331 3 
140 49 981 323 3 
144 45 999 330 3 
145 45 1019 339 3 
142 46 1029 337 3 
139 46 1039 338 3 
141 46 1028 330 3 
137 48 1037 338 3 
136 47 1065 335 3 
130 46 1056 334 3 
132 46 1069 331 3 
131 52 1085 334 3 
134 54 1090 353 3 
138 51 1055 341 3 
139 50 1072 338 3 
135 51 1069 317 3 
132 55 1067 305 3 
136 57 1054 304 3 
142 59 1066 300 3 
139 62 1059 294 3 
142 62 1028 298 3 
135 63 1029 300 3 
133 64 1023 295 3 
126 58 1023 310 3 
127 56 1021 319 3 
126 53 1045 324 3 
129 53 1030 316 3 
133 50 1041 317 3 
136 52 1062 329 3 
129 49 1053 328 3 
132 47 1041 325 3 
134 51 1040 331 3 
133 51 1054 314 3 
137 48 1045 315 3 
140 52 1033 327 3 
146 51 1032 324 3 
142 55 1047 326 3 
142 51 1044 322 3 
142 53 1056 323 3 
146 57 1084 321 3 
145 59 1070 314 3 
141 54 1096 321 3 
145 55 1085 322 3 
140 54 1080 327 3 
134 54 1065 336 3 
141 53 1057 335 3 
139 57 1058 340 3 
147 56 1051 335 3 
150 57 1026 344 3 
149 61 1048 352 3 
150 62 1036 344 3 
143 66 1025 335 3 
139 64 1014 329 3 
139 63 1028 343 3 
139 61 1035 354 3 
130 52 1044 352 3 
136 49 1031 351 3 
127 50 1021 339 3 
121 46 1035 354 3 
121 52 1022 365 3 
126 52 1009 354 3 
131 50 992 353 3 
135 57 984 340 3 
139 56 991 332 3 
134 56 989 331 3 
134 60 987 339 3 
132 61 980 351 3 
129 56 973 352 3 
128 58 975 354 3 
128 56 973 358 3 
128 55 978 348 3 
129 52 988 351 3 
126 47 995 349 3 
125 48 1014 338 3 
116 46 1002 321 3 
116 42 1014 322 3 
118 40 1008 334 3 
118 40 1017 329 3 
121 39 1015 317 3 
120 42 1016 330 3 
124 41 1009 333 3 
121 42 993 336 3 
115 39 981 343 3 
123 38 976 337 3 
127 42 982 338 3 
123 38 985 342 3 
123 38 971 340 3 
120 38 963 339 3 
124 42 955 340 3 
132 42 971 341 3 
138 41 980 342 3 
136 42 996 345 3 
135 40 997 341 3 
144 39 996 340 3 
145 40 1006 339 3 
145 42 1008 350 3 
145 45 1016 355 3 
145 45 1009 339 3 
145 49 1004 335 3 
148 45 996 337 3 
146 46 995 338 3 
143 43 1011 337 3 
143 44 1007 327 3 
143 43 1011 329 3 
149 43 1023 328 3 
153 47 1042 339 3 
147 46 1066 348 3 
152 47 1050 346 3 
159 48 1068 337 3 
168 47 1068 325 3 
167 45 1076 335 3 
166 48 1067 326 3 
155 45 1055 336 3 
158 41 1049 338 3 
152 40 1053 343 3 
153 42 1032 335 3 
146 42 1036 340 3 
156 44 1053 338 3 
161 45 1048 347 3 
163 48 1028 340 3 
158 48 1030 344 3 
155 47 1045 337 3 
151 46 1057 344 3 
141 43 1069 350 3 
132 40 1062 345 3 
137 40 1041 344 3 
140 37 1056 339 3 
138 37 1075 331 3 
142 36 1065 345 3 
146 34 1073 342 3 
149 31 1089 342 3 
156 34 1094 333 3 
161 36 1081 343 3 
158 34 1074 338 3 
159 33 1088 340 3 
158 32 1074 349 3 
160 37 1083 344 3 
162 37 1090 351 3 
151 37 1092 341 3 
147 37 1099 337 3 
146 36 1111 343 3 
148 35 1100 320 3 
142 36 1102 333 3 
152 33 1112 323 3 
142 35 1119 329 3 
142 34 1130 325 3 
141 33 1154 322 3 
132 27 1157 321 3 
129 24 1165 318 3 
131 23 1168 316 3 
123 26 1156 320 3 
118 30 1143 320 3 
120 29 1154 328 3 
124 27 1152 317 3 
133 29 1146 320 3 
139 37 1145 314 3 
135 39 1125 312 3 
130 34 1133 307 3 
125 33 1127 308 3 
131 32 1099 311 3 
127 38 1091 317 3 
128 40 1076 308 3 
122 42 1074 318 3 
129 47 1053 321 3 
135 48 1050 311 3 
133 49 1044 315 3 
129 49 1044 318 3 
123 54 1069 305 3 
122 54 1074 305 3 
122 52 1107 303 3 
121 47 1110 303 3 
124 48 1096 301 3 
121 44 1098 294 3 
117 47 1087 299 3 
119 50 1086 321 3 
120 49 1089 319 3 
122 46 1078 329 3 
120 48 1087 324 3 
125 51 1089 321 3 
131 52 1091 318 3 
127 51 1076 325 3 
128 55 1067 315 3 
136 55 1076 319 3 
140 52 1082 304 3 
134 53 1054 288 3 
142 58 1068 280 3 
141 57 1057 286 3 
145 58 1058 276 3 
148 53 1074 274 3 
145 52 1088 284 3 
157 56 1083 283 3 
150 47 1079 284 3 
156 48 1060 282 3 
155 53 1042 281 3 
157 50 1030 286 3 
157 52 1041 278 3 
148 53 1047 281 3 
145 57 1043 285 3 
148 53 1011 285 3 
146 52 1018 284 3 
140 51 1041 286 3 
137 54 1036 276 3 
136 57 1058 278 3 
134 55 1063 271 3 
125 56 1078 277 3 
122 55 1078 277 3 
121 59 1071 276 3 
119 61 1085 281 3 
112 62 1095 280 3 
109 61 1110 286 3 
109 58 1103 291 3 
107 58 1087 279 3 
102 58 1098 282 3 
102 62 1101 286 3 
95 66 1076 280 3 
99 65 1073 286 3 
99 60 1045 285 3 
105 64 1045 288 3 
99 60 1049 282 3 
101 52 1062 273 3 
100 52 1065 268 3 
97 54 1057 280 3 
91 58 1062 292 3 
89 52 1087 295 3 
86 53 1060 298 3 
84 56 1083 288 3 
90 54 1090 288 3 
91 47 1076 292 3 
93 49 1056 300 3 
96 50 1053 292 3 
100 53 1057 296 3 
101 57 1067 296 3 
99 57 1064 295 3 
86 55 1077 299 3 
88 55 1078 298 3 
79 59 1095 303 3 
85 58 1108 308 3 
81 58 1105 296 3 
84 57 1093 296 3 
82 57 1096 301 3 
81 62 1104 304 3 
79 59 1099 301 3 
77 61 1076 291 3 
83 62 1080 279 3 
82 62 1087 282 3 
81 61 1091 290 3 
77 61 1081 297 3 
87 65 1094 298 3 
86 63 1112 310 3 
90 62 1117 292 3 
90 66 1115 294 3 
88 64 1125 296 3 
90 66 1102 300 3 
90 65 1132 317 3 
91 62 1114 323 3 
86 62 1105 307 3 
89 56 1064 294 3 
86 59 1073 304 3 
94 53 1076 302 3 
91 51 1063 302 3 
84 55 1066 302 3 
75 56 1069 316 3 
75 59 1043 320 3 
74 61 1042 320 3 
75 64 1078 322 3 
73 61 1088 314 3 
74 63 1091 316 3 
75 66 1109 324 3 
72 64 1109 318 3 
74 66 1111 315 3 
66 65 1112 320 3 
67 66 1118 319 3 
64 59 1103 305 3 
65 60 1110 310 3 
71 62 1113 308 3 
70 64 1100 300 3 
71 65 1087 300 3 
74 62 1101 294 3 
74 60 1080 290 3 
76 58 1076 293 3 
79 55 1077 288 3 
72 61 1059 284 3 
78 60 1036 281 3 
77 60 1030 289 3 
79 60 1010 275 3 
80 61 1001 276 3 
79 63 1014 279 3 
82 62 1008 284 3 
88 60 1022 278 3 
84 57 1038 271 3 
86 64 1041 267 3 
85 62 1024 269 3 
84 63 1029 274 3 
90 66 1042 275 3 
91 61 1064 279 3 
86 64 1062 276 3 
83 62 1078 281 3 
81 64 1091 276 3 
81 68 1117 284 3 
80 65 1127 277 3 
82 66 1139 281 3 
80 60 1144 290 3 
82 59 1139 282 3 
78 66 1119 277 3 
79 67 1138 277 3 
78 64 1136 277 3 
77 63 1132 288 3 
75 63 1143 291 3 
71 66 1130 284 3 
68 67 1124 288 3 
70 71 1111 286 3 
74 68 1110 284 3 
67 65 1116 279 3 
67 67 1099 271 3 
75 74 1113 282 3 
74 73 1151 294 3 
58 72 1149 291 3 
59 72 1160 296 3 
59 68 1145 306 3 
57 74 1117 298 3 
59 76 1133 305 3 
67 81 1128 311 3 
67 76 1116 311 3 
71 78 1114 306 3 
67 81 1147 300 3 
68 82 1134 296 3 
67 75 1145 299 3 
65 81 1116 287 3 
62 87 1135 281 3 
62 83 1127 270 3 
58 79 1130 276 3 
59 71 1128 272 3 
60 70 1116 260 3 
62 73 1125 258 3 
68 64 1139 259 3 
71 62 1135 264 3 
66 58 1114 264 3 
65 60 1106 258 3 
65 62 1113 257 3 
66 63 1098 260 3 
64 67 1097 273 3 
64 72 1105 272 3 
62 75 1117 285 3 
59 73 1121 276 3 
64 73 1114 281 3 
67 69 1122 295 3 
71 69 1129 296 3 
61 68 1123 302 3 
61 69 1101 299 3 
61 68 1118 311 3 
63 62 1143 314 3 
64 60 1171 323 3 
63 57 1160 319 3 
68 57 1156 310 3 
69 61 1139 314 3 
73 61 1148 320 3 
71 60 1138 314 3 
70 55 1149 321 3 
71 49 1138 315 3 
74 48 1126 316 3 
76 44 1123 312 3 
81 44 1141 323 3 
83 39 1165 331 3 
85 37 1149 338 3 
94 41 1146 335 3 
89 42 1154 333 3 
90 39 1159 341 3 
94 41 1158 341 3 
95 42 1158 334 3 
98 45 1143 324 3 
93 47 1119 327 3 
95 47 1102 319 3 
97 47 1107 309 3 
103 52 1119 299 3 
96 54 1108 300 3 
90 56 1124 301 3 
88 52 1125 300 3 
88 51 1107 305 3 
89 56 1086 297 3 
89 58 1103 300 3 
96 53 1103 309 3 
98 49 1096 299 3 
103 50 1105 287 3 
102 52 1127 283 3 
99 51 1122 283 3 
102 53 1132 289 3 
99 48 1124 285 3 
99 48 1131 290 3 
97 55 1145 285 3 
103 50 1126 286 3 
118 50 1125 282 3 
121 51 1144 284 3 
122 50 1132 294 3 
125 48 1128 290 3 
118 48 1136 289 3 
118 49 1127 286 3 
124 51 1134 285 3 
