25.201 
25.178 
25.115 
25.006 
24.911 
24.903 
24.892 
24.869 
h 
23.896 
23.739 
23.731 
23.728 
23.722 
23.712 
23.693 
23.683 
h 
23.545 
23.114 
22.813 
22.732 
22.652 
22.569 
22.498 
22.427 
h 
21.779 
21.744 
21.653 
21.562 
21.393 
21.144 
20.864 
20.745 
h 
20.515 
20.483 
20.429 
20.368 
20.298 
20.172 
19.937 
19.653 
h 
18.956 
18.78 
18.627 
18.483 
18.407 
18.348 
18.263 
18.159 
h 
17.764 
17.713 
17.691 
17.683 
17.67 
17.653 
17.631 
17.618 
h 
17.274 
17.216 
17.161 
17.129 
17.115 
17.09 
17.042 
16.958 
h 
16.697 
16.584 
16.672 
16.465 
16.385 
16.269 
16.067 
15.768 
h 
15.154 
14.75 
14.666 
14.546 
14.485 
14.5 
14.378 
14.303 
h 
