24.148 
24.114 
24.025 
23.872 
23.748 
23.742 
23.73 
23.707 
h 
22.821 
22.846 
22.805 
22.798 
22.785 
22.76 
22.725 
22.701 
h 
22.696 
22.683 
22.669 
22.635 
22.567 
22.439 
22.224 
21.971 
h 
20.772 
20.755 
20.741 
20.726 
20.706 
20.671 
20.619 
20.583 
h 
20.507 
20.501 
20.495 
20.488 
20.471 
20.439 
20.382 
20.299 
h 
19.251 
19.248 
19.216 
19.209 
19.197 
19.177 
19.142 
19.105 
h 
19.25 
19.068 
18.834 
18.788 
18.783 
18.775 
18.763 
18.754 
h 
18.056 
18.004 
17.917 
17.802 
17.658 
17.487 
17.392 
17.317 
h 
16.84 
16.814 
16.725 
16.649 
16.551 
16.455 
16.307 
16.133 
h 
14.99 
14.751 
14.657 
14.634 
14.59 
14.509 
14.39 
14.336 
h 
