25.534 
25.512 
25.45 
25.341 
25.245 
25.237 
25.219 
25.184 
h 
24.409 
24.237 
24.207 
24.165 
24.108 
24.035 
23.927 
23.83 
h 
23.286 
23.275 
23.25 
23.205 
23.123 
22.986 
22.799 
22.72 
h 
22.285 
22.28 
22.274 
22.261 
22.236 
22.187 
22.103 
21.984 
h 
21.845 
21.81 
21.796 
21.769 
21.746 
21.708 
21.647 
21.597 
h 
21.207 
21.183 
21.156 
21.124 
21.072 
21.0 
20.881 
20.696 
h 
19.968 
19.938 
19.869 
19.811 
19.725 
19.581 
19.406 
19.262 
h 
18.899 
18.804 
18.716 
18.68 
18.661 
18.632 
18.586 
18.505 
h 
18.344 
18.07 
17.958 
17.945 
17.921 
17.907 
17.88 
17.831 
h 
17.167 
17.102 
17.045 
16.91 
16.793 
16.591 
16.23 
15.696 
h 
