28.808 
28.484 
27.583 
25.934 
24.734 
24.682 
24.618 
24.549 
h 
23.208 
23.176 
23.129 
23.083 
22.993 
22.827 
22.572 
22.352 
h 
21.239 
21.216 
21.187 
21.125 
21.006 
20.809 
20.607 
20.432 
h 
20.174 
20.053 
19.91 
19.884 
19.873 
19.861 
19.837 
19.789 
h 
18.547 
18.257 
18.173 
18.161 
18.137 
18.09 
18.014 
17.929 
h 
18.442 
17.774 
17.309 
17.306 
17.298 
17.289 
17.271 
17.235 
h 
17.116 
17.009 
16.869 
16.952 
16.942 
16.476 
16.203 
15.87 
h 
14.583 
14.425 
14.361 
14.303 
14.24 
14.158 
14.113 
13.978 
h 
13.907 
13.894 
13.876 
13.855 
13.826 
13.779 
13.712 
13.598 
h 
13.18 
13.124 
13.119 
13.0 
12.939 
12.834 
12.652 
12.402 
h 
