26.701 
26.582 
26.249 
25.612 
24.972 
24.9 
24.824 
24.678 
h 
23.751 
23.72 
23.703 
23.674 
23.625 
23.552 
23.538 
23.485 
h 
23.468 
23.466 
23.459 
23.445 
23.417 
23.366 
23.287 
23.208 
h 
22.788 
22.639 
22.432 
22.315 
22.287 
22.279 
22.266 
22.246 
h 
21.962 
21.824 
21.693 
21.648 
21.63 
21.601 
21.555 
21.489 
h 
21.299 
21.008 
20.954 
20.904 
20.847 
20.832 
20.818 
20.804 
h 
20.229 
20.143 
20.053 
19.992 
19.968 
19.946 
19.93 
19.91 
h 
19.358 
19.352 
19.345 
19.333 
19.318 
19.305 
19.285 
19.256 
h 
18.822 
18.754 
18.702 
18.672 
18.631 
18.552 
18.421 
18.336 
h 
17.369 
17.343 
17.306 
17.259 
17.248 
17.083 
16.955 
16.797 
h 
