24.48 
24.478 
24.475 
24.469 
24.464 
24.458 
24.455 
24.451 
h 
24.181 
24.072 
23.992 
23.975 
23.944 
23.895 
23.845 
23.837 
h 
23.563 
23.391 
23.162 
23.106 
23.087 
23.052 
23.019 
22.965 
h 
22.45 
22.28 
22.096 
22.005 
21.968 
21.946 
21.93 
21.904 
h 
21.638 
21.59 
21.687 
21.536 
21.492 
21.408 
21.266 
21.058 
h 
20.731 
20.749 
20.552 
20.464 
20.386 
20.375 
20.357 
20.337 
h 
19.889 
19.771 
19.701 
19.604 
19.527 
19.513 
19.474 
19.432 
h 
19.18 
19.142 
19.104 
19.082 
19.053 
19.014 
18.965 
18.907 
h 
18.429 
18.313 
18.207 
18.202 
18.194 
18.178 
18.144 
18.092 
h 
17.05 
16.987 
16.956 
16.933 
16.909 
16.863 
16.788 
16.684 
h 
