24.955 
24.949 
24.93 
24.894 
24.841 
24.782 
24.763 
24.741 
h 
23.641 
23.557 
23.543 
23.537 
23.527 
23.509 
23.481 
23.433 
h 
23.493 
22.946 
23.887 
23.186 
22.818 
22.765 
22.738 
22.733 
22.727 
22.716 
22.7 
h 
22.449 
22.431 
22.413 
22.384 
22.342 
22.309 
22.278 
22.235 
h 
22.127 
22.114 
22.089 
22.047 
21.981 
21.922 
21.881 
21.769 
h 
21.633 
21.561 
21.517 
21.481 
21.448 
21.405 
21.359 
21.284 
h 
20.553 
20.16 
20.051 
20.037 
20.009 
19.958 
19.896 
19.824 
h 
19.159 
19.08 
19.053 
19.029 
18.999 
18.976 
18.942 
18.9 
h 
18.637 
18.599 
18.63 
18.569 
18.533 
18.497 
18.437 
18.368 
h 
17.823 
17.752 
17.738 
17.718 
17.683 
17.649 
17.593 
17.497 
h 
