28.247 
28.011 
27.364 
26.205 
25.357 
25.323 
25.265 
25.187 
h 
25.091 
24.708 
24.484 
24.477 
24.465 
24.451 
24.438 
24.415 
h 
23.941 
23.923 
23.846 
23.77 
23.746 
23.701 
23.62 
23.494 
h 
22.704 
22.261 
22.193 
22.184 
22.164 
22.13 
22.067 
21.959 
h 
21.66 
21.698 
21.463 
21.383 
21.254 
21.114 
21.029 
20.978 
h 
20.446 
20.318 
20.234 
20.222 
20.202 
20.18 
20.163 
20.141 
h 
19.525 
19.5 
19.485 
19.462 
19.425 
19.36 
19.256 
19.086 
h 
18.233 
18.287 
18.205 
18.19 
18.159 
18.103 
18.009 
17.869 
h 
17.548 
17.49 
17.442 
17.353 
17.214 
16.988 
16.712 
16.499 
h 
16.258 
16.086 
16.016 
16.009 
15.998 
15.978 
15.943 
15.9 
h 
