26.908 
26.783 
26.437 
25.805 
25.302 
25.249 
25.151 
25.008 
h 
24.4 
24.384 
24.283 
24.23 
24.123 
23.932 
23.661 
23.492 
h 
21.959 
21.931 
21.876 
21.774 
21.618 
21.505 
21.229 
21.106 
h 
20.795 
20.766 
20.736 
20.717 
20.69 
20.634 
20.531 
20.356 
h 
18.57 
18.756 
18.499 
18.431 
18.37 
18.253 
18.058 
17.824 
17.701 
17.595 
h 
17.393 
17.299 
17.255 
17.223 
17.167 
17.068 
16.903 
16.628 
h 
16.228 
16.51 
16.292 
15.976 
15.95 
15.934 
15.915 
15.889 
15.845 
15.84 
h 
15.334 
15.303 
15.286 
15.271 
15.247 
15.201 
15.116 
14.981 
h 
14.637 
14.703 
14.619 
14.539 
14.402 
14.303 
14.171 
14.024 
h 
13.203 
13.234 
13.192 
13.181 
13.162 
13.125 
13.082 
13.015 
h 
