29.83 
29.508 
28.588 
26.766 
25.0 
24.991 
24.978 
24.956 
h 
25.232 
24.939 
24.607 
24.548 
24.524 
24.488 
24.438 
24.421 
h 
24.528 
23.972 
23.936 
23.913 
23.885 
23.874 
23.873 
23.864 
h 
23.675 
23.59 
23.452 
23.376 
23.372 
23.362 
23.344 
23.313 
h 
22.789 
22.614 
22.537 
22.518 
22.491 
22.461 
22.449 
22.444 
h 
22.136 
22.068 
22.057 
22.043 
22.017 
21.969 
21.879 
21.736 
h 
21.327 
21.236 
21.147 
21.088 
20.974 
20.777 
20.524 
21.134 
h 
21.193 
20.373 
20.236 
20.233 
20.225 
20.207 
20.175 
20.128 
h 
20.063 
20.132 
20.047 
20.029 
20.002 
19.952 
19.862 
19.727 
h 
18.836 
19.362 
18.781 
18.77 
18.747 
18.701 
18.629 
18.551 
18.492 
18.463 
h 
