26.701 
26.546 
26.127 
25.409 
24.954 
24.936 
24.9 
24.841 
h 
24.696 
24.64 
24.593 
24.512 
24.419 
24.437 
24.278 
24.237 
h 
23.457 
23.436 
23.396 
23.339 
23.285 
23.239 
23.183 
23.117 
h 
22.992 
22.92 
22.831 
22.673 
22.403 
21.944 
21.357 
21.079 
h 
20.588 
20.45 
20.409 
20.407 
20.403 
20.396 
20.383 
20.362 
h 
20.069 
20.102 
20.047 
20.017 
19.955 
19.832 
19.609 
19.263 
h 
19.095 
18.734 
18.176 
18.082 
18.057 
18.016 
17.957 
17.883 
h 
17.755 
17.67 
17.64 
17.612 
17.563 
17.471 
17.316 
17.148 
h 
16.579 
16.445 
16.327 
16.259 
16.132 
15.911 
15.587 
15.298 
h 
15.109 
15.052 
14.994 
14.913 
14.821 
14.712 
14.514 
14.302 
h 
