26.097 
25.966 
25.614 
25.016 
24.616 
24.597 
24.557 
24.48 
h 
23.933 
23.986 
23.91 
23.877 
23.856 
23.823 
23.789 
23.783 
h 
23.339 
23.309 
23.253 
23.174 
23.117 
23.119 
23.093 
23.081 
h 
22.384 
22.301 
22.217 
22.181 
22.151 
22.135 
22.115 
22.083 
h 
21.739 
21.536 
21.398 
21.324 
21.293 
21.276 
21.258 
21.226 
h 
20.936 
20.886 
20.843 
20.793 
20.717 
20.59 
20.496 
20.386 
h 
19.705 
19.553 
19.434 
19.388 
19.308 
19.174 
19.008 
18.879 
h 
18.501 
18.219 
18.2 
18.17 
18.128 
18.12 
18.167 
18.107 
h 
18.006 
18.005 
18.001 
17.994 
17.978 
17.949 
17.901 
17.846 
h 
17.82 
17.813 
17.761 
17.717 
17.638 
17.519 
17.37 
17.267 
h 
