25.866 25.822 25.699 25.473 25.192 25.035 24.961 24.805 h 24.42 23.937 23.419 25.933 23.442 23.357 23.334 23.307 23.253 23.151 22.984 22.815 h 22.9 22.567 22.561 22.553 22.538 22.512 22.475 22.459 h 22.116 22.101 22.071 22.017 21.939 21.891 21.87 21.828 h 21.73 21.611 21.396 21.14 21.089 21.065 21.026 20.98 h 20.458 20.374 20.344 20.32 20.294 20.271 20.226 20.14 h 19.833 19.704 20.09 19.63 19.601 19.544 19.439 19.273 19.05 18.778 18.684 h 18.805 17.999 17.831 17.824 17.809 17.79 17.758 17.704 h 17.24 17.163 17.052 16.952 16.905 16.674 16.413 16.134 h 15.76 15.722 15.643 15.598 15.528 15.409 15.206 14.916 h 
25.201 25.178 25.115 25.006 24.911 24.903 24.892 24.869 h 23.896 23.739 23.731 23.728 23.722 23.712 23.693 23.683 h 23.545 23.114 22.813 22.732 22.652 22.569 22.498 22.427 h 21.779 21.744 21.653 21.562 21.393 21.144 20.864 20.745 h 20.515 20.483 20.429 20.368 20.298 20.172 19.937 19.653 h 18.956 18.78 18.627 18.483 18.407 18.348 18.263 18.159 h 17.764 17.713 17.691 17.683 17.67 17.653 17.631 17.618 h 17.274 17.216 17.161 17.129 17.115 17.09 17.042 16.958 h 16.697 16.584 16.672 16.465 16.385 16.269 16.067 15.768 h 15.154 14.75 14.666 14.546 14.485 14.5 14.378 14.303 h 
24.48 24.478 24.475 24.469 24.464 24.458 24.455 24.451 h 24.181 24.072 23.992 23.975 23.944 23.895 23.845 23.837 h 23.563 23.391 23.162 23.106 23.087 23.052 23.019 22.965 h 22.45 22.28 22.096 22.005 21.968 21.946 21.93 21.904 h 21.638 21.59 21.687 21.536 21.492 21.408 21.266 21.058 h 20.731 20.749 20.552 20.464 20.386 20.375 20.357 20.337 h 19.889 19.771 19.701 19.604 19.527 19.513 19.474 19.432 h 19.18 19.142 19.104 19.082 19.053 19.014 18.965 18.907 h 18.429 18.313 18.207 18.202 18.194 18.178 18.144 18.092 h 17.05 16.987 16.956 16.933 16.909 16.863 16.788 16.684 h 
28.274 28.004 27.261 25.936 25.012 24.977 24.937 24.913 h 24.503 24.459 24.445 24.418 24.372 24.31 24.316 24.278 h 23.576 23.506 23.395 23.322 23.273 23.178 23.025 22.845 h 22.427 22.177 21.923 21.853 21.756 21.648 21.527 21.34 h 20.945 20.749 20.634 20.625 20.605 20.567 20.507 20.511 h 20.328 20.244 20.192 20.171 20.154 20.129 20.091 20.097 h 19.523 19.484 19.458 19.437 19.403 19.369 19.347 19.37 h 19.019 18.979 18.961 18.95 18.926 18.878 18.785 18.618 h 17.562 17.365 17.287 16.932 16.892 16.84 16.747 16.59 h 15.81 15.728 15.69 15.674 15.645 15.59 15.495 15.369 h 
26.701 26.582 26.249 25.612 24.972 24.9 24.824 24.678 h 23.751 23.72 23.703 23.674 23.625 23.552 23.538 23.485 h 23.468 23.466 23.459 23.445 23.417 23.366 23.287 23.208 h 22.788 22.639 22.432 22.315 22.287 22.279 22.266 22.246 h 21.962 21.824 21.693 21.648 21.63 21.601 21.555 21.489 h 21.299 21.008 20.954 20.904 20.847 20.832 20.818 20.804 h 20.229 20.143 20.053 19.992 19.968 19.946 19.93 19.91 h 19.358 19.352 19.345 19.333 19.318 19.305 19.285 19.256 h 18.822 18.754 18.702 18.672 18.631 18.552 18.421 18.336 h 17.369 17.343 17.306 17.259 17.248 17.083 16.955 16.797 h 
26.072 26.033 25.928 25.743 25.576 25.563 25.534 25.474 h 25.064 24.979 24.919 24.852 24.791 24.685 24.55 24.516 h 23.786 23.619 23.367 23.268 23.249 23.21 23.142 23.055 h 22.388 22.196 22.129 22.054 21.958 21.804 21.65 21.658 h 21.572 21.359 21.082 20.996 20.947 20.865 20.765 20.726 h 20.181 20.115 20.097 20.065 20.008 19.94 20.097 19.87 h 20.442 20.283 19.976 19.614 19.554 19.534 19.508 19.474 h 19.029 18.816 18.672 18.597 18.484 18.383 18.321 18.247 h 17.802 17.604 17.464 17.426 17.369 17.286 17.136 16.891 h 15.595 16.15 15.379 15.333 15.249 15.111 14.899 14.689 15.069 14.642 h 
26.701 26.546 26.127 25.409 24.954 24.936 24.9 24.841 h 24.696 24.64 24.593 24.512 24.419 24.437 24.278 24.237 h 23.457 23.436 23.396 23.339 23.285 23.239 23.183 23.117 h 22.992 22.92 22.831 22.673 22.403 21.944 21.357 21.079 h 20.588 20.45 20.409 20.407 20.403 20.396 20.383 20.362 h 20.069 20.102 20.047 20.017 19.955 19.832 19.609 19.263 h 19.095 18.734 18.176 18.082 18.057 18.016 17.957 17.883 h 17.755 17.67 17.64 17.612 17.563 17.471 17.316 17.148 h 16.579 16.445 16.327 16.259 16.132 15.911 15.587 15.298 h 15.109 15.052 14.994 14.913 14.821 14.712 14.514 14.302 h 
25.386 25.333 25.186 24.914 24.651 24.629 24.603 24.553 h 23.838 23.836 23.832 23.828 23.819 23.804 23.778 23.771 h 23.932 23.559 23.36 23.351 23.337 23.313 23.287 23.321 h 22.88 22.859 22.836 22.811 22.762 22.682 22.57 22.513 h 22.367 22.346 22.324 22.293 22.243 22.146 21.999 21.831 h 21.774 21.795 21.739 21.705 21.647 21.542 21.386 21.276 h 20.141 20.007 19.888 19.795 19.671 19.484 19.231 19.046 h 18.937 18.767 18.553 18.323 18.264 18.246 18.231 18.218 h 17.882 17.865 17.864 17.85 17.835 17.806 17.752 17.664 h 17.553 17.501 17.464 17.385 17.306 17.2 16.95 16.583 h 
26.908 26.783 26.437 25.805 25.302 25.249 25.151 25.008 h 24.4 24.384 24.283 24.23 24.123 23.932 23.661 23.492 h 21.959 21.931 21.876 21.774 21.618 21.505 21.229 21.106 h 20.795 20.766 20.736 20.717 20.69 20.634 20.531 20.356 h 18.57 18.756 18.499 18.431 18.37 18.253 18.058 17.824 17.701 17.595 h 17.393 17.299 17.255 17.223 17.167 17.068 16.903 16.628 h 16.228 16.51 16.292 15.976 15.95 15.934 15.915 15.889 15.845 15.84 h 15.334 15.303 15.286 15.271 15.247 15.201 15.116 14.981 h 14.637 14.703 14.619 14.539 14.402 14.303 14.171 14.024 h 13.203 13.234 13.192 13.181 13.162 13.125 13.082 13.015 h 
24.955 24.949 24.93 24.894 24.841 24.782 24.763 24.741 h 23.641 23.557 23.543 23.537 23.527 23.509 23.481 23.433 h 23.493 22.946 23.887 23.186 22.818 22.765 22.738 22.733 22.727 22.716 22.7 h 22.449 22.431 22.413 22.384 22.342 22.309 22.278 22.235 h 22.127 22.114 22.089 22.047 21.981 21.922 21.881 21.769 h 21.633 21.561 21.517 21.481 21.448 21.405 21.359 21.284 h 20.553 20.16 20.051 20.037 20.009 19.958 19.896 19.824 h 19.159 19.08 19.053 19.029 18.999 18.976 18.942 18.9 h 18.637 18.599 18.63 18.569 18.533 18.497 18.437 18.368 h 17.823 17.752 17.738 17.718 17.683 17.649 17.593 17.497 h 
28.808 28.484 27.583 25.934 24.734 24.682 24.618 24.549 h 23.208 23.176 23.129 23.083 22.993 22.827 22.572 22.352 h 21.239 21.216 21.187 21.125 21.006 20.809 20.607 20.432 h 20.174 20.053 19.91 19.884 19.873 19.861 19.837 19.789 h 18.547 18.257 18.173 18.161 18.137 18.09 18.014 17.929 h 18.442 17.774 17.309 17.306 17.298 17.289 17.271 17.235 h 17.116 17.009 16.869 16.952 16.942 16.476 16.203 15.87 h 14.583 14.425 14.361 14.303 14.24 14.158 14.113 13.978 h 13.907 13.894 13.876 13.855 13.826 13.779 13.712 13.598 h 13.18 13.124 13.119 13.0 12.939 12.834 12.652 12.402 h 
26.097 25.966 25.614 25.016 24.616 24.597 24.557 24.48 h 23.933 23.986 23.91 23.877 23.856 23.823 23.789 23.783 h 23.339 23.309 23.253 23.174 23.117 23.119 23.093 23.081 h 22.384 22.301 22.217 22.181 22.151 22.135 22.115 22.083 h 21.739 21.536 21.398 21.324 21.293 21.276 21.258 21.226 h 20.936 20.886 20.843 20.793 20.717 20.59 20.496 20.386 h 19.705 19.553 19.434 19.388 19.308 19.174 19.008 18.879 h 18.501 18.219 18.2 18.17 18.128 18.12 18.167 18.107 h 18.006 18.005 18.001 17.994 17.978 17.949 17.901 17.846 h 17.82 17.813 17.761 17.717 17.638 17.519 17.37 17.267 h 
29.8 29.412 28.312 26.198 24.431 24.42 24.419 24.417 h 23.952 23.931 23.908 23.87 23.791 23.638 23.359 22.917 h 22.219 22.562 22.103 22.053 21.954 21.776 21.493 21.205 21.154 21.121 h 20.875 20.844 20.816 20.793 20.775 20.765 20.761 20.756 h 20.588 20.575 20.564 20.542 20.495 20.406 20.252 20.045 h 19.725 19.614 19.466 19.447 19.407 19.358 19.344 19.326 h 19.086 19.017 18.885 18.634 18.22 18.191 20.097 17.567 17.503 17.406 17.276 17.202 17.142 17.087 17.077 h 16.813 16.771 16.746 16.736 16.715 16.673 16.595 16.46 h 15.3 15.236 15.218 15.107 15.066 14.994 14.872 14.714 h 14.284 14.257 14.204 14.146 14.06 13.935 13.787 13.771 h 
27.627 27.507 27.177 26.579 26.032 25.855 25.63 25.348 h 24.131 24.337 23.804 23.787 23.755 23.698 23.629 23.703 h 23.506 23.46 23.451 23.438 23.412 23.362 23.271 23.134 h 22.059 22.268 22.033 22.013 21.972 21.897 21.782 21.678 h 20.996 21.075 20.934 20.91 20.865 20.779 20.638 20.463 h 20.22 20.183 20.151 20.106 20.025 19.912 19.731 19.564 h 19.25 19.236 19.207 19.164 19.093 18.993 18.848 18.767 h 18.184 18.156 18.118 18.085 18.038 17.992 17.93 17.849 h 17.25 17.27 17.234 17.224 17.204 17.167 17.101 16.991 h 16.41 16.33 16.294 16.267 16.225 16.174 16.121 15.992 h 
30.156 29.814 28.836 26.904 25.07 25.065 25.055 25.044 h 24.37 24.314 24.226 24.181 24.168 24.146 24.118 24.093 h 24.044 23.74 23.275 23.067 23.053 23.029 22.993 22.939 h 22.874 22.844 22.786 22.662 22.42 22.004 21.528 22.889 h 21.234 21.19 21.165 21.145 21.113 21.073 21.065 21.035 h 20.789 20.767 20.737 20.723 20.707 20.683 20.656 20.614 h 20.153 20.115 20.092 20.051 19.989 19.891 19.755 19.599 h 19.045 18.834 18.787 18.755 18.702 18.625 18.55 18.453 h 17.859 17.786 17.739 17.695 17.634 17.539 17.431 17.422 h 17.265 17.144 17.106 17.039 16.9 16.658 16.278 15.893 h 
25.534 25.512 25.45 25.341 25.245 25.237 25.219 25.184 h 24.409 24.237 24.207 24.165 24.108 24.035 23.927 23.83 h 23.286 23.275 23.25 23.205 23.123 22.986 22.799 22.72 h 22.285 22.28 22.274 22.261 22.236 22.187 22.103 21.984 h 21.845 21.81 21.796 21.769 21.746 21.708 21.647 21.597 h 21.207 21.183 21.156 21.124 21.072 21.0 20.881 20.696 h 19.968 19.938 19.869 19.811 19.725 19.581 19.406 19.262 h 18.899 18.804 18.716 18.68 18.661 18.632 18.586 18.505 h 18.344 18.07 17.958 17.945 17.921 17.907 17.88 17.831 h 17.167 17.102 17.045 16.91 16.793 16.591 16.23 15.696 h 
26.951 26.718 26.091 25.015 24.288 24.262 24.208 24.109 h 23.403 23.46 23.36 23.356 23.349 23.343 23.337 23.329 h 23.066 23.048 23.023 22.985 22.926 22.815 22.643 22.508 h 21.276 21.268 21.256 21.232 21.189 21.12 21.021 20.922 h 20.719 20.694 20.683 20.665 20.643 20.625 20.59 20.529 h 20.49 20.274 20.063 19.867 19.841 19.807 19.77 19.73 h 19.386 19.291 19.245 19.177 19.125 19.064 18.981 18.927 h 18.007 17.947 17.924 17.884 17.815 17.705 17.562 17.379 h 16.871 16.764 16.682 16.663 16.637 16.624 16.617 16.601 h 16.376 16.353 16.32 16.299 16.284 16.265 16.239 16.198 h 
29.83 29.508 28.588 26.766 25.0 24.991 24.978 24.956 h 25.232 24.939 24.607 24.548 24.524 24.488 24.438 24.421 h 24.528 23.972 23.936 23.913 23.885 23.874 23.873 23.864 h 23.675 23.59 23.452 23.376 23.372 23.362 23.344 23.313 h 22.789 22.614 22.537 22.518 22.491 22.461 22.449 22.444 h 22.136 22.068 22.057 22.043 22.017 21.969 21.879 21.736 h 21.327 21.236 21.147 21.088 20.974 20.777 20.524 21.134 h 21.193 20.373 20.236 20.233 20.225 20.207 20.175 20.128 h 20.063 20.132 20.047 20.029 20.002 19.952 19.862 19.727 h 18.836 19.362 18.781 18.77 18.747 18.701 18.629 18.551 18.492 18.463 h 
24.148 24.114 24.025 23.872 23.748 23.742 23.73 23.707 h 22.821 22.846 22.805 22.798 22.785 22.76 22.725 22.701 h 22.696 22.683 22.669 22.635 22.567 22.439 22.224 21.971 h 20.772 20.755 20.741 20.726 20.706 20.671 20.619 20.583 h 20.507 20.501 20.495 20.488 20.471 20.439 20.382 20.299 h 19.251 19.248 19.216 19.209 19.197 19.177 19.142 19.105 h 19.25 19.068 18.834 18.788 18.783 18.775 18.763 18.754 h 18.056 18.004 17.917 17.802 17.658 17.487 17.392 17.317 h 16.84 16.814 16.725 16.649 16.551 16.455 16.307 16.133 h 14.99 14.751 14.657 14.634 14.59 14.509 14.39 14.336 h 
28.247 28.011 27.364 26.205 25.357 25.323 25.265 25.187 h 25.091 24.708 24.484 24.477 24.465 24.451 24.438 24.415 h 23.941 23.923 23.846 23.77 23.746 23.701 23.62 23.494 h 22.704 22.261 22.193 22.184 22.164 22.13 22.067 21.959 h 21.66 21.698 21.463 21.383 21.254 21.114 21.029 20.978 h 20.446 20.318 20.234 20.222 20.202 20.18 20.163 20.141 h 19.525 19.5 19.485 19.462 19.425 19.36 19.256 19.086 h 18.233 18.287 18.205 18.19 18.159 18.103 18.009 17.869 h 17.548 17.49 17.442 17.353 17.214 16.988 16.712 16.499 h 16.258 16.086 16.016 16.009 15.998 15.978 15.943 15.9 h 
