25.866 
25.822 
25.699 
25.473 
25.192 
25.035 
24.961 
24.805 
h 
24.42 
23.937 
23.419 
25.933 
23.442 
23.357 
23.334 
23.307 
23.253 
23.151 
22.984 
22.815 
h 
22.9 
22.567 
22.561 
22.553 
22.538 
22.512 
22.475 
22.459 
h 
22.116 
22.101 
22.071 
22.017 
21.939 
21.891 
21.87 
21.828 
h 
21.73 
21.611 
21.396 
21.14 
21.089 
21.065 
21.026 
20.98 
h 
20.458 
20.374 
20.344 
20.32 
20.294 
20.271 
20.226 
20.14 
h 
19.833 
19.704 
20.09 
19.63 
19.601 
19.544 
19.439 
19.273 
19.05 
18.778 
18.684 
h 
18.805 
17.999 
17.831 
17.824 
17.809 
17.79 
17.758 
17.704 
h 
17.24 
17.163 
17.052 
16.952 
16.905 
16.674 
16.413 
16.134 
h 
15.76 
15.722 
15.643 
15.598 
15.528 
15.409 
15.206 
14.916 
h 
