30.156 
29.814 
28.836 
26.904 
25.07 
25.065 
25.055 
25.044 
h 
24.37 
24.314 
24.226 
24.181 
24.168 
24.146 
24.118 
24.093 
h 
24.044 
23.74 
23.275 
23.067 
23.053 
23.029 
22.993 
22.939 
h 
22.874 
22.844 
22.786 
22.662 
22.42 
22.004 
21.528 
22.889 
h 
21.234 
21.19 
21.165 
21.145 
21.113 
21.073 
21.065 
21.035 
h 
20.789 
20.767 
20.737 
20.723 
20.707 
20.683 
20.656 
20.614 
h 
20.153 
20.115 
20.092 
20.051 
19.989 
19.891 
19.755 
19.599 
h 
19.045 
18.834 
18.787 
18.755 
18.702 
18.625 
18.55 
18.453 
h 
17.859 
17.786 
17.739 
17.695 
17.634 
17.539 
17.431 
17.422 
h 
17.265 
17.144 
17.106 
17.039 
16.9 
16.658 
16.278 
15.893 
h 
