26.951 
26.718 
26.091 
25.015 
24.288 
24.262 
24.208 
24.109 
h 
23.403 
23.46 
23.36 
23.356 
23.349 
23.343 
23.337 
23.329 
h 
23.066 
23.048 
23.023 
22.985 
22.926 
22.815 
22.643 
22.508 
h 
21.276 
21.268 
21.256 
21.232 
21.189 
21.12 
21.021 
20.922 
h 
20.719 
20.694 
20.683 
20.665 
20.643 
20.625 
20.59 
20.529 
h 
20.49 
20.274 
20.063 
19.867 
19.841 
19.807 
19.77 
19.73 
h 
19.386 
19.291 
19.245 
19.177 
19.125 
19.064 
18.981 
18.927 
h 
18.007 
17.947 
17.924 
17.884 
17.815 
17.705 
17.562 
17.379 
h 
16.871 
16.764 
16.682 
16.663 
16.637 
16.624 
16.617 
16.601 
h 
16.376 
16.353 
16.32 
16.299 
16.284 
16.265 
16.239 
16.198 
h 
