28.274 
28.004 
27.261 
25.936 
25.012 
24.977 
24.937 
24.913 
h 
24.503 
24.459 
24.445 
24.418 
24.372 
24.31 
24.316 
24.278 
h 
23.576 
23.506 
23.395 
23.322 
23.273 
23.178 
23.025 
22.845 
h 
22.427 
22.177 
21.923 
21.853 
21.756 
21.648 
21.527 
21.34 
h 
20.945 
20.749 
20.634 
20.625 
20.605 
20.567 
20.507 
20.511 
h 
20.328 
20.244 
20.192 
20.171 
20.154 
20.129 
20.091 
20.097 
h 
19.523 
19.484 
19.458 
19.437 
19.403 
19.369 
19.347 
19.37 
h 
19.019 
18.979 
18.961 
18.95 
18.926 
18.878 
18.785 
18.618 
h 
17.562 
17.365 
17.287 
16.932 
16.892 
16.84 
16.747 
16.59 
h 
15.81 
15.728 
15.69 
15.674 
15.645 
15.59 
15.495 
15.369 
h 
