27.627 
27.507 
27.177 
26.579 
26.032 
25.855 
25.63 
25.348 
h 
24.131 
24.337 
23.804 
23.787 
23.755 
23.698 
23.629 
23.703 
h 
23.506 
23.46 
23.451 
23.438 
23.412 
23.362 
23.271 
23.134 
h 
22.059 
22.268 
22.033 
22.013 
21.972 
21.897 
21.782 
21.678 
h 
20.996 
21.075 
20.934 
20.91 
20.865 
20.779 
20.638 
20.463 
h 
20.22 
20.183 
20.151 
20.106 
20.025 
19.912 
19.731 
19.564 
h 
19.25 
19.236 
19.207 
19.164 
19.093 
18.993 
18.848 
18.767 
h 
18.184 
18.156 
18.118 
18.085 
18.038 
17.992 
17.93 
17.849 
h 
17.25 
17.27 
17.234 
17.224 
17.204 
17.167 
17.101 
16.991 
h 
16.41 
16.33 
16.294 
16.267 
16.225 
16.174 
16.121 
15.992 
h 
