29.8 
29.412 
28.312 
26.198 
24.431 
24.42 
24.419 
24.417 
h 
23.952 
23.931 
23.908 
23.87 
23.791 
23.638 
23.359 
22.917 
h 
22.219 
22.562 
22.103 
22.053 
21.954 
21.776 
21.493 
21.205 
21.154 
21.121 
h 
20.875 
20.844 
20.816 
20.793 
20.775 
20.765 
20.761 
20.756 
h 
20.588 
20.575 
20.564 
20.542 
20.495 
20.406 
20.252 
20.045 
h 
19.725 
19.614 
19.466 
19.447 
19.407 
19.358 
19.344 
19.326 
h 
19.086 
19.017 
18.885 
18.634 
18.22 
18.191 
20.097 
17.567 
17.503 
17.406 
17.276 
17.202 
17.142 
17.087 
17.077 
h 
16.813 
16.771 
16.746 
16.736 
16.715 
16.673 
16.595 
16.46 
h 
15.3 
15.236 
15.218 
15.107 
15.066 
14.994 
14.872 
14.714 
h 
14.284 
14.257 
14.204 
14.146 
14.06 
13.935 
13.787 
13.771 
h 
