26.072 
26.033 
25.928 
25.743 
25.576 
25.563 
25.534 
25.474 
h 
25.064 
24.979 
24.919 
24.852 
24.791 
24.685 
24.55 
24.516 
h 
23.786 
23.619 
23.367 
23.268 
23.249 
23.21 
23.142 
23.055 
h 
22.388 
22.196 
22.129 
22.054 
21.958 
21.804 
21.65 
21.658 
h 
21.572 
21.359 
21.082 
20.996 
20.947 
20.865 
20.765 
20.726 
h 
20.181 
20.115 
20.097 
20.065 
20.008 
19.94 
20.097 
19.87 
h 
20.442 
20.283 
19.976 
19.614 
19.554 
19.534 
19.508 
19.474 
h 
19.029 
18.816 
18.672 
18.597 
18.484 
18.383 
18.321 
18.247 
h 
17.802 
17.604 
17.464 
17.426 
17.369 
17.286 
17.136 
16.891 
h 
15.595 
16.15 
15.379 
15.333 
15.249 
15.111 
14.899 
14.689 
15.069 
14.642 
h 
