25.386 
25.333 
25.186 
24.914 
24.651 
24.629 
24.603 
24.553 
h 
23.838 
23.836 
23.832 
23.828 
23.819 
23.804 
23.778 
23.771 
h 
23.932 
23.559 
23.36 
23.351 
23.337 
23.313 
23.287 
23.321 
h 
22.88 
22.859 
22.836 
22.811 
22.762 
22.682 
22.57 
22.513 
h 
22.367 
22.346 
22.324 
22.293 
22.243 
22.146 
21.999 
21.831 
h 
21.774 
21.795 
21.739 
21.705 
21.647 
21.542 
21.386 
21.276 
h 
20.141 
20.007 
19.888 
19.795 
19.671 
19.484 
19.231 
19.046 
h 
18.937 
18.767 
18.553 
18.323 
18.264 
18.246 
18.231 
18.218 
h 
17.882 
17.865 
17.864 
17.85 
17.835 
17.806 
17.752 
17.664 
h 
17.553 
17.501 
17.464 
17.385 
17.306 
17.2 
16.95 
16.583 
h 
