35.804 
35.101 
33.03 
28.722 
24.312 
24.223 
24.116 
23.979 
23.83 
23.749 
23.715 
23.698 
23.691 
23.679 
23.673 
23.676 
23.67 
23.669 
23.669 
h 
23.254 
23.222 
23.171 
23.129 
23.096 
23.063 
23.013 
22.94 
22.862 
22.74 
22.57 
22.586 
22.493 
22.476 
22.448 
22.415 
22.39 
22.372 
22.336 
22.273 
22.177 
22.075 
22.197 
22.059 
22.056 
22.049 
22.038 
22.022 
22.013 
h 
21.852 
21.8 
21.715 
21.616 
21.587 
21.561 
21.555 
21.55 
21.544 
21.533 
21.524 
21.515 
h 
21.419 
21.251 
21.014 
20.92 
20.916 
20.912 
20.909 
20.903 
20.889 
20.867 
20.841 
h 
