30.181 
29.793 
28.71 
26.711 
25.097 
25.044 
24.943 
24.768 
24.543 
24.453 
24.376 
24.341 
24.279 
24.194 
24.154 
24.222 
24.113 
24.109 
24.101 
24.088 
24.099 
24.084 
h 
23.78 
23.766 
23.735 
23.691 
23.667 
23.656 
23.638 
23.617 
h 
23.59 
23.529 
23.396 
23.173 
22.871 
22.412 
21.778 
21.549 
21.545 
21.539 
21.533 
21.529 
21.522 
21.507 
21.48 
21.431 
h 
20.616 
20.832 
20.357 
20.334 
20.313 
20.276 
20.214 
20.117 
19.985 
19.92 
19.912 
19.819 
19.8 
19.777 
19.739 
19.687 
19.62 
19.596 
19.642 
19.527 
19.52 
19.505 
19.479 
19.434 
19.373 
19.839 
19.368 
19.308 
19.293 
19.281 
19.276 
19.27 
19.26 
19.249 
19.24 
h 
