29.304 
29.123 
28.579 
27.318 
24.962 
24.647 
23.827 
23.795 
23.768 
23.753 
23.738 
23.714 
23.694 
23.662 
23.616 
h 
22.866 
22.533 
22.502 
22.497 
22.486 
22.462 
22.418 
22.34 
22.202 
22.018 
21.913 
21.881 
21.845 
21.828 
21.799 
21.753 
21.714 
21.76 
21.665 
21.649 
21.617 
21.561 
21.467 
21.427 
21.5 
21.357 
21.349 
21.333 
21.302 
21.248 
21.284 
21.209 
21.19 
21.18 
21.167 
21.148 
21.131 
21.109 
21.081 
21.048 
h 
20.708 
21.083 
20.674 
20.671 
20.662 
20.643 
20.611 
20.563 
20.475 
20.331 
20.213 
21.268 
20.144 
20.126 
20.115 
20.094 
20.062 
20.028 
20.082 
20.011 
20.007 
h 
19.804 
19.789 
19.773 
19.747 
19.713 
19.652 
19.54 
19.415 
19.399 
19.371 
19.349 
19.32 
19.298 
19.282 
19.233 
19.218 
19.194 
19.169 
19.133 
19.103 
19.097 
19.062 
19.054 
19.038 
19.011 
18.982 
19.008 
18.933 
h 
