24.439 
24.437 
24.43 
24.413 
24.379 
24.315 
24.21 
24.074 
24.091 
24.027 
24.021 
24.009 
23.99 
23.967 
23.955 
23.942 
h 
23.726 
23.712 
23.685 
23.651 
23.625 
23.6 
23.576 
23.536 
h 
22.406 
22.368 
22.322 
22.292 
22.23 
22.148 
22.033 
21.974 
21.979 
21.96 
21.952 
21.938 
21.914 
21.892 
21.902 
21.884 
21.877 
21.872 
21.87 
21.867 
21.861 
h 
21.582 
21.553 
21.502 
21.452 
21.416 
21.331 
21.208 
21.051 
20.96 
20.838 
20.623 
20.343 
20.202 
20.127 
20.056 
20.002 
19.945 
19.845 
19.708 
19.856 
19.649 
19.637 
19.632 
19.622 
19.602 
19.568 
19.526 
19.492 
19.486 
19.432 
19.397 
19.395 
19.389 
19.381 
19.367 
19.353 
19.328 
19.293 
h 
