25.268 
25.263 
25.246 
25.212 
25.156 
25.087 
25.048 
25.005 
24.931 
24.828 
24.722 
24.646 
24.618 
24.606 
24.592 
24.574 
24.56 
24.539 
24.516 
h 
23.636 
23.531 
23.49 
23.457 
23.397 
23.278 
23.059 
22.759 
22.703 
22.529 
22.457 
22.364 
22.282 
22.227 
22.155 
22.047 
21.925 
22.235 
21.939 
21.869 
21.826 
21.758 
21.692 
21.667 
21.642 
21.61 
21.575 
21.532 
21.481 
21.428 
21.382 
21.394 
21.347 
21.337 
21.321 
21.306 
21.289 
21.26 
21.233 
21.264 
21.221 
h 
20.744 
20.722 
20.677 
20.624 
20.607 
20.601 
20.59 
20.575 
h 
20.41 
20.304 
20.302 
20.297 
20.291 
20.289 
20.282 
20.267 
h 
