26.26 
26.204 
26.054 
25.789 
25.547 
25.412 
25.285 
25.142 
24.984 
24.862 
24.834 
24.796 
24.727 
24.632 
24.569 
24.547 
24.523 
24.517 
24.508 
24.492 
24.467 
24.443 
24.402 
h 
23.953 
24.34 
23.94 
23.931 
23.912 
23.877 
23.824 
23.782 
23.762 
23.744 
23.712 
h 
23.62 
23.543 
23.574 
23.495 
23.413 
23.346 
23.221 
22.998 
22.678 
22.588 
22.484 
22.427 
22.4 
22.371 
22.337 
22.294 
22.32 
22.275 
22.27 
22.261 
h 
21.871 
21.836 
21.812 
21.771 
21.711 
21.66 
21.595 
21.511 
21.419 
21.382 
21.328 
21.233 
21.094 
21.079 
21.862 
20.948 
20.914 
20.894 
20.878 
20.861 
20.838 
20.82 
20.818 
20.808 
h 
