24.507 
24.499 
24.478 
24.438 
24.397 
24.37 
24.345 
24.312 
h 
24.089 
24.043 
24.01 
23.94 
23.839 
23.654 
23.368 
23.115 
23.31 
23.085 
23.077 
23.061 
23.031 
22.987 
22.941 
22.929 
h 
22.548 
22.516 
22.479 
22.411 
22.274 
22.068 
21.77 
21.445 
21.185 
21.07 
20.865 
20.55 
20.469 
21.08 
20.25 
20.237 
20.222 
20.203 
20.171 
20.131 
20.101 
20.051 
19.997 
20.066 
19.969 
19.96 
19.944 
19.925 
19.893 
19.846 
19.883 
h 
19.788 
19.664 
19.655 
19.638 
19.602 
19.536 
19.431 
19.302 
19.266 
19.294 
19.259 
19.257 
19.254 
19.25 
19.242 
19.229 
h 
