28.131 
28.057 
27.851 
27.457 
26.975 
26.756 
26.565 
26.32 
25.865 
25.176 
24.375 
26.499 
24.203 
24.168 
24.147 
24.134 
24.11 
24.065 
23.995 
23.944 
24.551 
23.933 
23.934 
23.934 
23.934 
23.933 
23.932 
23.931 
23.93 
23.927 
h 
23.501 
23.462 
23.409 
23.373 
23.3 
23.153 
22.882 
22.438 
21.906 
22.327 
22.071 
21.567 
21.548 
21.515 
21.467 
21.394 
21.255 
21.01 
20.683 
24.371 
20.638 
20.628 
20.619 
20.606 
20.583 
20.546 
20.52 
20.501 
20.49 
h 
19.658 
19.57 
19.443 
19.385 
19.366 
19.333 
19.268 
19.163 
18.967 
18.642 
18.442 
19.194 
18.173 
18.148 
18.102 
18.04 
17.942 
17.776 
17.622 
18.052 
17.582 
17.572 
17.557 
17.546 
17.531 
17.508 
17.514 
17.503 
17.497 
h 
16.93 
16.913 
16.881 
16.836 
16.809 
17.039 
16.767 
16.725 
16.658 
16.587 
16.56 
16.56 
16.541 
16.502 
16.487 
16.481 
16.462 
16.446 
16.43 
16.407 
16.38 
h 
