32.473 
32.083 
30.928 
28.419 
25.098 
24.905 
24.876 
24.864 
24.849 
24.824 
24.798 
24.761 
24.83 
24.75 
24.746 
24.746 
24.746 
24.745 
h 
24.375 
24.282 
24.122 
23.993 
23.972 
23.944 
23.901 
23.838 
23.764 
23.783 
23.692 
23.66 
23.605 
23.526 
23.516 
23.52 
23.441 
23.437 
23.431 
23.422 
23.404 
23.374 
h 
23.12 
23.002 
22.881 
22.753 
22.666 
22.684 
22.654 
22.649 
22.639 
22.63 
22.621 
22.618 
22.616 
22.615 
22.612 
22.61 
h 
22.436 
22.417 
22.398 
22.384 
22.36 
22.328 
22.286 
22.216 
h 
