24.974 
24.973 
24.971 
24.966 
24.955 
24.935 
24.902 
24.847 
h 
24.088 
24.234 
23.938 
23.921 
23.886 
23.815 
23.681 
23.453 
23.264 
23.169 
23.132 
23.072 
23.005 
22.898 
22.881 
23.062 
22.762 
22.75 
22.726 
22.679 
22.59 
22.442 
22.28 
23.951 
22.451 
22.145 
22.141 
22.132 
22.115 
22.09 
22.064 
22.026 
22.028 
22.003 
h 
21.51 
21.475 
21.418 
21.366 
21.343 
21.297 
21.205 
21.034 
20.748 
20.419 
21.823 
20.337 
20.304 
20.273 
20.248 
20.201 
20.117 
20.015 
20.32 
19.996 
19.992 
19.986 
19.974 
19.952 
19.92 
19.943 
19.957 
19.884 
h 
19.92 
19.857 
19.728 
19.562 
19.528 
19.518 
19.499 
19.472 
19.445 
19.432 
19.437 
19.409 
h 
