35.556 
34.681 
32.145 
27.119 
22.945 
22.937 
22.936 
22.936 
22.936 
22.935 
22.935 
22.935 
22.934 
h 
22.662 
22.633 
22.613 
22.586 
22.532 
22.424 
22.23 
21.936 
21.689 
21.479 
22.172 
21.421 
21.408 
21.385 
21.35 
21.286 
21.183 
21.053 
21.473 
21.012 
21.0 
20.985 
20.958 
20.915 
20.869 
20.8 
20.797 
21.319 
20.742 
20.736 
20.729 
20.717 
20.699 
20.68 
20.652 
20.656 
20.642 
h 
20.241 
20.203 
20.156 
20.136 
20.129 
20.114 
20.087 
20.039 
h 
19.763 
19.431 
19.386 
19.322 
19.272 
19.228 
19.202 
19.176 
19.151 
19.113 
19.046 
19.0 
18.993 
18.859 
18.827 
18.817 
18.799 
18.776 
18.751 
18.711 
18.676 
18.714 
18.638 
18.636 
18.63 
h 
