33.62 
32.963 
31.064 
27.28 
23.972 
23.956 
23.945 
23.934 
23.919 
23.907 
23.884 
23.853 
23.812 
h 
23.426 
23.399 
23.327 
23.311 
23.278 
23.213 
23.093 
22.907 
22.746 
23.403 
22.718 
22.625 
22.619 
22.61 
22.592 
22.562 
22.529 
22.51 
22.49 
22.478 
22.469 
22.458 
22.44 
22.416 
22.39 
22.347 
22.367 
h 
21.468 
21.349 
21.239 
21.202 
21.146 
21.115 
21.068 
21.021 
20.947 
20.887 
20.852 
20.756 
20.723 
20.674 
20.617 
20.557 
20.452 
20.313 
20.332 
20.223 
20.212 
20.191 
20.153 
20.09 
20.028 
20.029 
19.95 
19.866 
19.855 
19.835 
19.802 
19.743 
19.697 
20.216 
19.666 
19.663 
19.656 
19.643 
19.621 
19.62 
19.612 
19.599 
19.598 
h 
19.358 
19.327 
19.281 
19.26 
19.247 
19.22 
19.167 
19.069 
18.913 
18.726 
19.131 
18.679 
18.66 
18.632 
18.59 
18.562 
18.571 
18.53 
18.522 
18.513 
h 
