25.074 
25.026 
24.898 
24.682 
24.528 
24.509 
24.476 
24.433 
24.395 
24.35 
24.34 
24.369 
24.306 
24.303 
24.297 
24.287 
h 
23.815 
23.711 
23.706 
23.693 
23.667 
23.618 
23.527 
23.378 
23.2 
23.267 
23.185 
23.183 
23.18 
23.172 
23.158 
23.136 
23.152 
h 
23.044 
22.877 
22.828 
22.826 
22.823 
22.818 
22.807 
22.786 
22.746 
22.678 
22.602 
22.676 
22.563 
22.552 
22.544 
22.534 
22.518 
22.504 
22.492 
22.485 
22.473 
h 
22.1 
22.048 
22.033 
22.016 
21.982 
21.916 
21.808 
21.68 
21.592 
21.523 
21.448 
21.362 
21.346 
21.523 
21.284 
21.28 
21.273 
21.259 
21.238 
21.212 
21.175 
21.125 
21.239 
h 
