26.756 
26.598 
26.172 
25.448 
24.975 
24.956 
24.917 
24.84 
24.703 
24.51 
24.631 
24.759 
24.41 
24.407 
24.403 
24.398 
24.397 
24.394 
24.39 
24.387 
24.381 
h 
24.287 
24.343 
24.267 
24.239 
24.182 
24.078 
23.925 
23.815 
23.776 
23.741 
23.731 
23.714 
23.699 
23.69 
23.675 
23.664 
23.655 
23.637 
23.615 
23.597 
23.586 
23.566 
23.53 
h 
23.154 
23.034 
23.005 
22.981 
22.931 
22.832 
22.654 
22.414 
22.279 
22.249 
22.19 
22.149 
22.093 
22.031 
21.918 
21.731 
21.529 
23.335 
21.465 
21.451 
21.431 
21.405 
21.38 
21.362 
21.329 
21.312 
21.303 
h 
21.86 
21.608 
21.203 
20.944 
20.923 
20.887 
20.863 
20.842 
20.838 
20.831 
20.819 
20.807 
h 
