25.198 
25.161 
25.059 
24.858 
24.604 
24.363 
24.221 
24.095 
23.942 
23.896 
23.838 
23.728 
23.546 
23.3 
23.754 
23.22 
23.18 
23.176 
23.171 
23.162 
23.146 
23.126 
23.092 
23.074 
h 
22.904 
22.896 
22.883 
22.858 
22.813 
22.741 
22.625 
22.506 
22.477 
22.461 
22.454 
22.442 
22.427 
22.406 
22.382 
22.368 
22.342 
22.299 
22.249 
22.269 
22.28 
22.197 
22.192 
h 
21.765 
21.724 
21.697 
21.692 
21.683 
21.667 
21.641 
21.607 
h 
21.51 
21.437 
21.432 
21.423 
21.405 
21.379 
21.326 
21.243 
21.118 
21.04 
21.054 
20.984 
20.969 
20.947 
20.924 
20.896 
20.856 
20.934 
20.929 
20.838 
h 
