28.751 
28.505 
27.818 
26.53 
25.456 
25.371 
25.211 
24.935 
25.022 
24.766 
24.711 
24.699 
24.682 
24.649 
24.6 
24.555 
24.505 
24.427 
24.339 
24.673 
24.319 
24.316 
24.309 
24.297 
24.277 
24.279 
24.265 
24.262 
24.259 
h 
23.936 
23.908 
23.864 
23.764 
23.562 
23.179 
22.536 
21.78 
21.796 
21.498 
21.448 
21.401 
21.323 
21.195 
21.01 
20.79 
20.561 
20.305 
20.055 
20.566 
19.941 
19.908 
19.856 
19.759 
19.611 
19.451 
19.492 
19.667 
19.331 
19.327 
19.32 
19.306 
19.297 
19.279 
19.257 
19.247 
19.232 
h 
18.651 
18.643 
18.629 
18.605 
18.568 
18.519 
18.449 
18.334 
18.244 
18.219 
18.194 
18.182 
18.173 
18.156 
18.129 
18.091 
18.086 
h 
18.081 
17.438 
17.135 
17.122 
17.1 
17.072 
17.052 
17.02 
16.971 
16.906 
16.873 
16.844 
16.802 
16.763 
16.713 
16.649 
16.641 
16.751 
16.579 
16.572 
16.559 
16.539 
16.524 
16.499 
16.465 
16.552 
16.457 
16.455 
16.451 
16.444 
h 
16.237 
16.257 
16.23 
16.225 
16.213 
16.191 
16.151 
16.096 
h 
