26.928 
26.756 
26.266 
25.289 
24.213 
24.189 
24.185 
24.179 
24.17 
24.157 
24.171 
24.151 
24.151 
h 
23.803 
23.772 
23.703 
23.602 
23.547 
23.524 
23.482 
23.421 
23.334 
23.288 
23.248 
23.204 
23.188 
23.158 
23.104 
23.028 
22.988 
22.932 
22.882 
22.843 
22.796 
22.759 
22.813 
22.714 
22.708 
22.704 
22.696 
22.681 
22.652 
h 
22.289 
22.18 
22.158 
22.137 
22.116 
22.089 
22.044 
21.964 
21.844 
21.796 
22.117 
21.743 
21.741 
21.738 
21.735 
21.733 
21.731 
21.73 
21.73 
21.729 
h 
21.453 
21.425 
21.381 
21.351 
21.332 
21.311 
21.28 
21.229 
21.195 
21.22 
21.16 
21.152 
21.138 
21.116 
21.082 
21.034 
h 
