25.854 
25.841 
25.804 
25.729 
25.616 
25.482 
25.272 
24.927 
24.442 
25.032 
24.351 
24.335 
24.306 
24.262 
24.227 
24.167 
24.082 
24.155 
24.125 
24.036 
24.035 
24.033 
24.032 
24.03 
24.027 
h 
23.481 
23.35 
23.32 
23.313 
23.298 
23.267 
23.207 
23.093 
22.953 
22.839 
22.716 
22.645 
22.872 
22.542 
22.525 
22.503 
22.46 
22.397 
22.33 
22.248 
22.337 
22.605 
22.191 
22.187 
22.181 
22.171 
22.16 
22.158 
22.156 
22.151 
22.143 
h 
22.125 
21.748 
21.519 
21.514 
21.509 
21.5 
21.486 
21.473 
21.452 
21.416 
21.421 
h 
21.321 
21.216 
21.183 
21.177 
21.165 
21.143 
21.102 
21.046 
20.998 
20.965 
20.92 
20.863 
20.808 
20.712 
20.65 
20.738 
20.595 
20.589 
20.578 
20.56 
20.539 
20.564 
20.532 
h 
