25.16 
25.124 
25.028 
24.861 
24.72 
24.712 
24.694 
24.658 
24.594 
24.501 
24.43 
24.349 
24.365 
24.36 
24.294 
24.289 
24.281 
24.269 
24.252 
24.243 
24.244 
24.231 
24.228 
h 
23.311 
23.252 
23.168 
23.119 
23.048 
22.906 
22.649 
22.247 
21.902 
22.52 
21.727 
21.707 
21.667 
21.595 
21.481 
21.272 
20.936 
20.637 
21.808 
20.481 
20.453 
20.402 
20.326 
20.268 
20.231 
20.169 
20.14 
20.104 
20.088 
20.071 
20.064 
20.049 
20.021 
19.976 
19.95 
20.254 
19.906 
19.9 
19.891 
h 
19.454 
19.189 
19.074 
19.07 
19.06 
19.038 
18.994 
18.914 
18.77 
18.539 
18.337 
19.245 
18.294 
18.29 
18.284 
18.276 
18.265 
18.261 
18.256 
18.247 
18.241 
h 
18.068 
18.064 
18.056 
18.051 
18.041 
18.023 
17.993 
17.961 
h 
17.629 
17.707 
17.6 
17.585 
17.56 
17.514 
17.428 
17.288 
17.205 
17.16 
17.11 
17.068 
17.029 
16.968 
16.929 
16.901 
16.872 
16.847 
16.824 
16.801 
16.787 
16.777 
16.767 
16.751 
16.73 
16.711 
h 
