35.46 
35.057 
33.831 
30.965 
26.062 
25.393 
24.978 
24.968 
24.951 
24.921 
24.892 
24.911 
24.881 
24.878 
24.875 
h 
24.646 
24.621 
24.615 
24.6 
24.567 
24.504 
24.389 
24.212 
24.077 
24.979 
23.976 
23.952 
23.915 
23.859 
23.818 
23.915 
23.755 
23.734 
23.729 
23.724 
23.714 
23.695 
23.663 
23.626 
23.937 
23.619 
h 
23.316 
23.287 
23.236 
23.18 
23.18 
23.151 
23.121 
23.073 
23.023 
23.004 
22.971 
22.928 
22.908 
22.955 
22.883 
22.872 
h 
22.53 
22.511 
22.501 
22.482 
22.449 
22.392 
22.313 
22.202 
22.127 
22.16 
22.088 
22.066 
22.053 
22.039 
22.016 
21.978 
21.929 
22.142 
21.934 
21.901 
21.89 
21.876 
21.86 
21.845 
h 
