31.612 
31.143 
29.801 
27.163 
24.81 
24.78 
24.733 
24.66 
h 
23.039 
22.958 
22.838 
22.777 
22.656 
22.416 
21.974 
21.265 
h 
18.326 
19.525 
21.129 
17.933 
17.549 
17.093 
16.5 
15.917 
15.829 
15.737 
15.617 
h 
14.371 
14.376 
14.299 
14.256 
14.207 
14.137 
14.034 
13.912 
h 
13.234 
13.091 
13.048 
12.981 
12.924 
12.813 
12.6 
12.225 
h 
11.338 
11.626 
10.989 
10.852 
10.838 
10.816 
10.777 
10.702 
10.589 
10.525 
h 
10.281 
10.264 
10.245 
10.223 
10.191 
10.144 
10.094 
10.029 
h 
9.309 
9.209 
9.163 
9.218 
9.094 
9.047 
8.961 
8.804 
h 
8.285 
8.112 
8.184 
8.085 
8.08 
8.075 
8.068 
8.045 
h 
8.003 
7.921 
7.814 
7.751 
7.744 
7.739 
7.732 
7.719 
h 
7.31 
7.252 
7.209 
7.107 
7.126 
7.063 
7.019 
6.963 
h 
6.375 
6.339 
6.306 
6.262 
6.214 
6.355 
6.134 
6.107 
h 
