26.02 
25.962 
25.806 
25.531 
25.313 
25.273 
25.206 
25.121 
h 
23.071 
22.776 
22.685 
22.627 
22.505 
22.269 
21.868 
21.359 
h 
19.398 
19.689 
19.004 
18.779 
18.493 
18.002 
17.238 
16.447 
16.312 
18.067 
h 
17.022 
16.308 
16.185 
16.182 
16.177 
16.171 
16.163 
16.163 
h 
15.665 
15.651 
15.631 
15.605 
15.563 
15.508 
15.428 
15.308 
h 
14.599 
14.436 
14.422 
14.321 
14.149 
13.923 
13.541 
12.986 
h 
11.128 
11.158 
10.996 
10.941 
10.843 
10.746 
10.547 
10.329 
h 
9.83 
9.996 
9.84 
9.829 
9.807 
9.747 
9.655 
9.544 
9.305 
9.008 
h 
8.809 
8.872 
8.741 
8.726 
8.717 
8.703 
8.679 
8.624 
h 
8.552 
8.541 
8.53 
8.515 
8.495 
8.47 
8.425 
8.376 
h 
8.317 
8.159 
8.119 
8.074 
8.008 
7.965 
7.896 
7.783 
h 
8.973 
7.675 
7.614 
7.574 
7.559 
7.535 
7.49 
7.414 
h 
7.24 
7.169 
7.093 
7.059 
7.022 
6.985 
6.919 
6.813 
h 
6.305 
6.566 
6.275 
6.274 
6.269 
6.259 
6.24 
6.203 
6.187 
6.149 
h 
5.957 
5.939 
5.925 
5.915 
5.899 
5.884 
5.866 
5.839 
h 
5.439 
5.373 
5.352 
5.332 
5.308 
5.281 
5.245 
5.198 
h 
