35.645 
35.27 
34.123 
31.406 
26.511 
25.893 
25.096 
25.079 
h 
23.691 
23.535 
23.46 
23.418 
23.33 
23.165 
22.897 
22.615 
h 
21.317 
21.217 
21.137 
21.042 
20.891 
20.735 
20.512 
20.24 
h 
18.651 
18.499 
18.41 
18.084 
17.775 
17.203 
16.312 
15.49 
h 
14.733 
14.642 
14.597 
14.572 
14.559 
14.522 
14.514 
14.495 
h 
14.443 
14.388 
14.337 
14.274 
14.178 
14.095 
13.991 
13.859 
h 
13.334 
13.235 
13.157 
13.135 
13.108 
13.082 
13.048 
12.988 
h 
12.58 
12.524 
12.471 
12.39 
12.293 
12.234 
12.475 
12.137 
h 
11.452 
11.41 
11.348 
11.26 
11.159 
11.108 
11.038 
10.928 
h 
10.595 
10.468 
10.279 
10.048 
10.423 
10.142 
9.934 
9.79 
h 
9.493 
9.448 
9.373 
9.267 
9.156 
8.984 
8.858 
8.506 
h 
8.135 
8.098 
8.068 
8.045 
8.009 
7.943 
7.819 
7.635 
h 
7.19 
7.183 
7.041 
6.975 
6.937 
6.879 
6.785 
6.62 
h 
