26.87 
26.778 
26.523 
26.048 
25.585 
25.553 
25.51 
25.427 
h 
23.245 
23.028 
22.984 
22.923 
22.814 
22.639 
22.661 
22.122 
h 
21.283 
21.112 
21.05 
20.925 
20.713 
20.455 
19.969 
19.471 
h 
19.371 
19.376 
19.277 
19.275 
19.272 
19.266 
19.256 
19.239 
h 
18.959 
18.906 
18.908 
18.875 
18.848 
18.797 
18.717 
18.607 
h 
17.438 
17.356 
17.247 
17.084 
16.899 
16.572 
16.081 
15.8 
h 
15.938 
15.469 
15.431 
15.4 
15.36 
15.328 
15.307 
15.292 
h 
14.642 
14.611 
14.562 
14.502 
14.425 
14.295 
14.066 
13.782 
h 
14.41 
13.315 
13.266 
13.233 
13.19 
13.156 
13.091 
12.992 
h 
12.171 
12.115 
12.048 
12.011 
11.952 
11.859 
11.72 
11.558 
h 
11.003 
10.875 
10.783 
10.711 
10.687 
10.654 
10.608 
10.525 
h 
10.084 
10.037 
10.002 
9.953 
9.88 
9.792 
9.678 
9.516 
h 
8.838 
8.833 
8.753 
8.642 
8.583 
8.485 
8.335 
8.12 
h 
7.684 
7.633 
7.591 
7.558 
7.509 
7.463 
7.387 
7.283 
h 
6.856 
6.783 
6.732 
6.65 
6.585 
6.489 
6.339 
6.078 
h 
5.171 
5.011 
4.977 
4.889 
4.874 
4.852 
4.829 
4.778 
h 
3.988 
3.912 
3.903 
3.861 
3.81 
3.755 
3.696 
3.588 
h 
3.168 
3.111 
3.042 
3.016 
2.971 
2.892 
2.773 
2.633 
h 
2.109 
1.953 
1.91 
1.865 
1.812 
1.79 
1.758 
1.705 
h 
1.565 
1.53 
1.489 
1.468 
1.595 
1.454 
1.452 
1.448 
1.439 
1.427 
1.449 
1.434 
1.416 
h 
1.339 
1.335 
1.335 
1.333 
1.33 
1.323 
1.335 
1.297 
h 
1.149 
1.102 
1.04 
0.993 
0.989 
0.95 
0.934 
0.903 
h 
0.596 
0.574 
0.545 
0.52 
0.486 
0.484 
0.446 
0.418 
h 
0.246 
