30.2 
29.848 
28.859 
26.983 
25.452 
25.401 
25.364 
25.317 
h 
25.091 
25.026 
24.901 
24.667 
24.195 
23.339 
22.001 
20.942 
h 
20.541 
19.694 
19.662 
19.594 
19.458 
19.226 
18.858 
18.495 
h 
16.303 
16.007 
15.564 
15.424 
15.18 
14.886 
14.441 
14.013 
h 
12.537 
12.373 
12.319 
12.297 
12.266 
12.212 
12.123 
11.981 
h 
11.519 
11.451 
11.808 
11.404 
11.361 
11.276 
11.103 
10.819 
10.463 
10.416 
10.392 
h 
10.13 
10.08 
10.062 
10.066 
10.043 
10.014 
9.968 
9.901 
h 
9.627 
9.557 
9.465 
9.396 
9.318 
9.245 
9.166 
9.053 
h 
8.941 
8.895 
8.802 
8.766 
8.713 
8.63 
8.49 
8.258 
h 
8.237 
7.548 
7.462 
7.411 
7.358 
7.273 
7.17 
7.041 
h 
5.927 
5.881 
5.836 
5.77 
5.706 
5.649 
5.535 
5.419 
h 
5.259 
5.124 
5.076 
5.218 
4.884 
4.814 
4.732 
4.612 
h 
4.229 
4.187 
4.146 
4.112 
4.098 
4.084 
4.058 
4.018 
h 
3.564 
3.575 
3.548 
3.54 
3.529 
3.51 
3.492 
3.453 
h 
2.967 
2.946 
2.951 
2.923 
2.908 
2.881 
2.839 
2.802 
h 
2.688 
2.615 
2.578 
2.569 
2.552 
2.528 
2.504 
2.491 
h 
2.138 
2.101 
2.051 
2.006 
1.979 
1.947 
1.946 
1.875 
h 
1.691 
1.627 
1.555 
1.52 
1.486 
1.456 
1.441 
1.428 
h 
1.364 
1.331 
1.297 
1.278 
1.27 
1.26 
1.247 
1.233 
h 
1.175 
1.149 
1.144 
1.138 
1.126 
1.108 
1.097 
1.08 
h 
0.862 
0.841 
0.795 
0.734 
0.685 
0.666 
0.627 
0.557 
h 
0.388 
