25.641 
25.611 
25.528 
25.382 
25.255 
25.239 
25.219 
25.194 
h 
24.884 
24.825 
24.72 
24.531 
24.206 
23.684 
23.041 
22.85 
h 
20.621 
20.5 
20.444 
20.359 
20.191 
19.902 
19.49 
19.197 
h 
19.005 
18.994 
18.974 
18.938 
18.874 
18.754 
18.555 
18.318 
h 
18.154 
18.004 
17.907 
17.805 
17.635 
17.464 
17.199 
16.944 
h 
16.01 
16.119 
15.848 
15.809 
15.73 
15.583 
15.338 
15.07 
h 
14.784 
14.664 
14.534 
14.444 
14.325 
14.194 
14.019 
13.794 
h 
12.739 
12.708 
12.673 
12.637 
12.559 
12.411 
12.183 
11.845 
h 
11.647 
11.626 
11.519 
11.446 
11.377 
11.309 
11.242 
11.122 
h 
10.503 
10.471 
10.411 
10.334 
10.231 
10.117 
9.941 
9.689 
h 
9.064 
9.151 
9.085 
8.981 
8.948 
8.917 
8.886 
8.834 
h 
8.371 
8.141 
8.08 
8.068 
8.047 
8.01 
7.941 
7.823 
h 
