33.141 
32.715 
31.461 
28.771 
25.364 
25.175 
25.133 
25.066 
h 
24.84 
24.8 
24.712 
24.551 
24.245 
23.698 
22.871 
22.247 
h 
20.331 
20.342 
20.089 
19.951 
19.718 
19.289 
18.629 
18.303 
h 
17.976 
17.926 
17.853 
17.761 
17.729 
17.558 
17.331 
16.952 
h 
15.728 
15.947 
15.598 
15.51 
15.348 
15.05 
14.527 
13.686 
12.6 
11.844 
h 
11.784 
10.576 
10.261 
10.205 
10.122 
10.003 
9.824 
9.546 
h 
9.081 
9.095 
9.014 
8.992 
8.947 
8.865 
8.719 
8.476 
h 
7.772 
7.706 
7.643 
7.601 
7.536 
7.465 
7.362 
7.269 
h 
7.325 
7.168 
7.166 
7.161 
7.148 
7.128 
7.076 
7.0 
h 
6.488 
6.434 
6.398 
6.334 
6.242 
6.138 
5.957 
5.657 
h 
5.376 
5.386 
5.2 
5.168 
5.129 
5.066 
4.976 
4.979 
h 
4.449 
4.339 
4.312 
4.274 
4.218 
4.161 
4.11 
4.039 
h 
3.789 
3.564 
3.413 
3.346 
3.375 
3.197 
3.17 
3.122 
h 
2.744 
2.694 
2.595 
2.449 
2.342 
2.284 
2.278 
2.25 
h 
2.167 
2.114 
2.047 
1.958 
1.93 
1.919 
1.806 
1.721 
h 
1.28 
1.165 
1.045 
0.984 
0.956 
0.905 
0.867 
0.817 
h 
0.611 
0.554 
0.528 
0.512 
0.501 
0.485 
0.463 
0.436 
h 
0.28 
