25.466 
25.456 
25.428 
25.379 
25.332 
25.32 
25.303 
25.279 
h 
23.47 
23.362 
23.239 
23.192 
23.118 
22.983 
22.749 
22.434 
h 
21.107 
21.306 
21.022 
20.639 
20.518 
20.303 
20.009 
19.844 
h 
18.432 
18.394 
18.367 
18.327 
18.248 
18.111 
17.891 
17.643 
h 
16.153 
16.108 
16.062 
16.008 
15.929 
15.826 
15.671 
15.49 
h 
15.132 
15.116 
15.082 
15.07 
15.048 
15.013 
14.959 
14.887 
h 
14.621 
14.486 
14.417 
14.399 
14.367 
14.33 
14.31 
14.261 
h 
13.535 
13.47 
13.39 
13.335 
13.276 
13.213 
13.137 
13.052 
h 
12.131 
11.995 
11.968 
11.848 
11.765 
11.606 
11.339 
10.921 
h 
10.417 
10.213 
10.052 
9.91 
9.842 
9.783 
9.731 
9.685 
h 
9.057 
9.004 
8.983 
8.974 
8.956 
8.921 
8.858 
8.747 
h 
8.171 
8.096 
8.087 
8.025 
8.001 
7.972 
7.945 
7.898 
h 
7.521 
7.46 
7.413 
7.362 
7.307 
7.272 
7.236 
7.194 
h 
6.93 
6.91 
6.906 
6.899 
6.893 
6.87 
6.83 
6.75 
h 
6.442 
6.401 
6.331 
6.303 
6.277 
6.242 
6.215 
6.185 
h 
5.835 
5.775 
5.759 
5.748 
5.736 
5.717 
5.681 
5.622 
h 
5.375 
5.356 
5.312 
5.298 
5.29 
5.271 
5.24 
5.188 
h 
4.662 
4.567 
4.534 
4.539 
4.511 
4.459 
4.409 
4.324 
h 
4.129 
3.918 
3.662 
3.684 
3.621 
3.437 
3.373 
3.311 
h 
2.757 
2.748 
2.729 
2.703 
2.645 
2.587 
2.511 
2.505 
h 
2.067 
2.056 
2.035 
2.005 
1.964 
2.065 
1.945 
1.921 
h 
1.643 
1.604 
1.593 
1.588 
1.569 
1.543 
1.506 
1.459 
h 
1.274 
1.222 
1.192 
1.087 
1.083 
1.074 
1.069 
1.056 
h 
0.996 
1.005 
0.974 
0.974 
0.968 
0.958 
0.941 
0.94 
h 
0.911 
0.887 
0.858 
0.821 
0.808 
0.806 
0.805 
0.806 
h 
