26.258 
26.229 
26.149 
26.002 
25.827 
25.72 
25.663 
25.548 
h 
23.971 
23.817 
23.678 
23.555 
23.32 
22.9 
22.285 
21.696 
h 
20.162 
21.355 
19.897 
19.827 
19.705 
19.485 
19.097 
18.501 
18.105 
17.739 
h 
16.365 
16.096 
15.939 
15.889 
15.833 
15.738 
15.612 
15.498 
h 
14.412 
14.316 
14.285 
14.228 
14.151 
14.028 
13.913 
13.721 
h 
13.339 
13.365 
13.317 
13.306 
13.288 
13.262 
13.213 
13.098 
h 
12.824 
12.723 
12.736 
12.665 
12.61 
12.511 
12.333 
12.05 
h 
11.72 
11.648 
13.021 
11.588 
11.58 
11.563 
11.535 
11.489 
11.417 
11.349 
11.318 
h 
11.278 
11.203 
11.17 
11.119 
11.034 
10.946 
10.821 
10.629 
h 
10.707 
10.075 
10.032 
10.004 
9.964 
9.928 
9.902 
9.862 
h 
9.757 
9.748 
9.898 
9.676 
9.643 
9.584 
9.48 
9.318 
9.149 
9.109 
9.068 
h 
8.353 
8.293 
8.231 
8.147 
8.083 
8.012 
7.88 
7.673 
h 
7.141 
7.205 
6.914 
6.82 
6.682 
6.588 
6.566 
6.488 
h 
6.248 
6.127 
5.994 
5.827 
5.641 
5.509 
5.452 
5.113 
h 
4.304 
4.294 
4.28 
4.271 
4.261 
4.252 
4.23 
4.348 
4.143 
4.05 
3.937 
3.906 
3.865 
3.793 
3.697 
4.772 
3.688 
3.687 
3.689 
3.686 
3.679 
3.67 
3.651 
3.643 
h 
3.551 
3.512 
3.489 
3.488 
3.486 
3.482 
3.475 
3.463 
h 
3.407 
3.377 
3.362 
3.342 
3.315 
3.285 
3.263 
3.233 
h 
3.026 
2.999 
2.986 
2.961 
2.951 
2.929 
2.885 
2.807 
h 
2.438 
2.143 
1.829 
1.8 
1.782 
1.754 
1.733 
1.674 
h 
1.473 
1.404 
1.358 
1.354 
1.338 
1.294 
1.266 
1.214 
h 
1.024 
0.909 
0.793 
0.749 
0.705 
0.683 
0.678 
0.671 
h 
0.651 
0.649 
0.647 
0.646 
0.643 
0.641 
0.637 
0.629 
h 
0.545 
0.526 
0.5 
0.506 
0.481 
0.462 
0.454 
0.439 
h 
0.393 
0.35 
0.282 
