30.847 
30.512 
29.54 
27.515 
25.087 
25.008 
24.998 
24.991 
h 
24.327 
24.295 
24.241 
24.125 
23.892 
23.469 
22.868 
22.53 
h 
21.455 
21.425 
21.142 
20.916 
20.54 
19.864 
19.065 
18.639 
h 
17.369 
17.356 
17.35 
17.341 
17.327 
17.311 
17.287 
17.274 
h 
16.656 
16.508 
16.302 
16.219 
16.2 
16.162 
16.088 
15.975 
h 
14.228 
14.229 
14.067 
13.969 
13.786 
13.482 
13.207 
13.032 
h 
12.464 
12.299 
12.271 
12.22 
12.147 
12.093 
12.019 
11.928 
h 
10.812 
10.762 
10.732 
10.685 
10.618 
10.525 
10.367 
10.159 
h 
9.977 
9.959 
9.955 
9.946 
9.933 
9.913 
9.875 
9.818 
h 
9.294 
9.275 
9.228 
9.16 
9.116 
9.04 
8.957 
8.826 
h 
8.355 
8.249 
8.174 
8.058 
7.909 
7.909 
8.149 
7.672 
h 
7.438 
7.376 
7.317 
7.259 
7.169 
7.025 
6.792 
6.593 
h 
6.049 
5.955 
5.818 
5.805 
5.781 
5.76 
5.726 
5.696 
h 
5.55 
5.515 
5.487 
5.447 
5.388 
5.305 
5.431 
5.287 
h 
5.252 
5.245 
5.233 
5.213 
5.182 
5.151 
5.118 
5.135 
h 
