26.612 
26.487 
26.14 
25.486 
24.908 
24.855 
24.757 
24.598 
h 
23.183 
23.317 
22.933 
22.893 
22.815 
22.677 
22.449 
22.069 
h 
20.351 
20.867 
20.238 
19.945 
19.859 
19.711 
19.486 
19.32 
19.301 
19.232 
h 
18.533 
18.497 
18.488 
18.471 
18.437 
18.384 
18.312 
18.244 
h 
18.02 
18.028 
17.986 
17.945 
17.889 
17.784 
17.6 
17.339 
h 
16.186 
15.524 
15.482 
15.455 
15.41 
15.326 
15.181 
14.99 
h 
14.574 
14.542 
14.431 
14.406 
14.383 
14.354 
14.306 
14.23 
h 
13.798 
13.803 
13.641 
13.607 
13.575 
13.535 
13.459 
13.325 
h 
12.613 
12.512 
12.489 
12.447 
12.426 
12.391 
12.332 
12.238 
h 
11.998 
11.88 
11.835 
11.78 
11.751 
11.711 
11.685 
11.639 
h 
