33.193 
32.797 
31.619 
29.027 
25.388 
25.014 
24.955 
24.893 
h 
22.066 
21.865 
21.787 
21.729 
21.605 
21.36 
20.911 
20.178 
h 
19.045 
18.502 
26.474 
17.834 
17.715 
17.533 
17.254 
16.96 
16.924 
16.919 
16.914 
h 
16.823 
16.817 
16.802 
16.764 
16.684 
16.525 
16.231 
15.753 
h 
14.706 
14.647 
14.555 
14.458 
14.275 
13.945 
13.369 
12.642 
h 
12.737 
12.114 
11.847 
11.795 
11.744 
11.672 
11.617 
11.539 
h 
11.201 
11.045 
10.906 
10.867 
10.817 
10.765 
10.722 
10.695 
h 
9.752 
9.726 
9.677 
9.62 
9.565 
9.522 
9.374 
9.196 
h 
8.589 
8.573 
8.61 
8.475 
8.461 
8.442 
8.415 
8.369 
h 
8.212 
8.175 
8.133 
8.093 
8.042 
7.981 
7.841 
7.634 
h 
7.274 
7.102 
7.067 
7.051 
7.032 
7.01 
6.992 
6.974 
h 
6.4 
6.397 
6.385 
6.363 
6.314 
6.248 
6.13 
6.348 
h 
5.834 
5.39 
5.169 
5.131 
5.101 
5.06 
4.972 
4.838 
h 
4.487 
4.845 
4.37 
4.374 
4.368 
4.36 
4.338 
4.297 
4.228 
4.13 
h 
4.066 
4.044 
4.028 
3.928 
3.879 
3.827 
3.761 
3.657 
h 
3.167 
2.984 
2.89 
2.753 
2.621 
2.561 
2.55 
2.473 
h 
2.27 
2.248 
2.228 
2.231 
2.217 
2.204 
2.188 
2.166 
h 
2.12 
2.066 
2.01 
1.975 
1.928 
1.88 
1.835 
1.779 
h 
1.558 
1.419 
1.245 
1.194 
1.126 
1.092 
1.061 
1.017 
h 
0.706 
0.684 
0.662 
0.654 
0.644 
0.636 
0.625 
0.603 
h 
0.524 
0.511 
0.392 
0.275 
