35.027 
34.682 
33.634 
31.166 
26.742 
25.891 
25.119 
25.016 
h 
24.135 
23.95 
23.851 
23.639 
23.264 
22.775 
22.337 
22.104 
h 
21.208 
21.371 
21.089 
21.037 
20.935 
20.766 
20.537 
20.298 
h 
19.911 
19.676 
19.467 
19.198 
18.864 
18.488 
18.11 
17.893 
h 
17.185 
16.97 
16.723 
16.624 
16.627 
16.594 
16.55 
16.485 
h 
15.736 
15.628 
15.485 
15.411 
15.348 
15.24 
15.053 
14.774 
h 
14.202 
13.886 
13.716 
13.665 
13.595 
13.514 
13.442 
13.349 
h 
12.039 
11.924 
11.874 
11.811 
11.733 
11.599 
11.364 
11.025 
h 
10.488 
11.297 
10.423 
10.413 
10.403 
10.393 
10.374 
10.342 
10.29 
10.262 
h 
10.023 
9.912 
9.878 
9.851 
9.809 
9.73 
9.598 
9.428 
h 
9.637 
9.075 
8.835 
8.801 
8.745 
8.683 
8.645 
8.631 
h 
8.405 
8.33 
8.271 
8.267 
8.261 
8.247 
8.22 
8.17 
h 
7.873 
8.371 
7.832 
7.801 
7.775 
7.741 
7.679 
7.596 
7.547 
7.533 
h 
7.294 
7.278 
7.269 
7.253 
7.244 
7.241 
7.239 
7.236 
h 
6.914 
6.89 
6.862 
6.841 
6.83 
6.812 
6.782 
6.74 
h 
6.48 
6.506 
6.456 
6.414 
6.374 
6.335 
6.28 
6.198 
h 
5.825 
5.733 
5.724 
5.712 
5.699 
5.679 
5.636 
5.57 
h 
