26.668 
26.657 
26.625 
26.551 
26.398 
26.103 
25.624 
24.949 
h 
23.768 
23.609 
23.463 
23.363 
23.169 
22.848 
22.405 
22.272 
h 
20.886 
20.623 
20.385 
20.289 
20.172 
20.001 
19.732 
19.381 
h 
18.008 
17.92 
18.184 
17.407 
17.024 
16.367 
15.455 
14.591 
h 
13.868 
13.832 
13.765 
13.748 
13.715 
13.653 
13.538 
13.356 
h 
12.458 
12.424 
12.314 
12.223 
12.078 
11.935 
11.717 
11.459 
h 
10.38 
10.42 
10.364 
10.338 
10.284 
10.191 
10.072 
9.801 
h 
9.375 
9.226 
9.172 
9.141 
9.122 
9.072 
9.031 
8.966 
h 
8.534 
8.362 
8.326 
8.286 
8.239 
8.159 
8.021 
7.803 
h 
7.176 
6.926 
7.071 
6.827 
6.805 
6.768 
6.73 
6.664 
h 
6.296 
6.316 
6.228 
6.2 
6.161 
6.131 
6.103 
6.05 
h 
5.754 
5.654 
5.606 
5.581 
5.552 
5.523 
5.488 
5.452 
h 
5.136 
5.095 
5.086 
5.057 
5.02 
4.966 
4.865 
4.714 
h 
