31.301 
30.773 
29.266 
26.355 
24.021 
23.933 
23.814 
23.682 
h 
20.681 
20.533 
20.458 
20.352 
20.139 
19.745 
19.122 
18.485 
h 
17.318 
17.136 
16.995 
16.848 
16.55 
15.996 
15.114 
14.87 
h 
14.016 
13.939 
13.926 
13.922 
13.918 
13.911 
13.896 
13.873 
h 
13.052 
13.03 
12.995 
12.987 
12.972 
12.943 
12.889 
12.792 
h 
12.554 
12.502 
12.522 
12.442 
12.424 
12.387 
12.316 
12.182 
h 
11.772 
11.405 
11.229 
12.116 
10.779 
10.503 
10.034 
9.405 
9.17 
9.117 
9.043 
8.974 
h 
8.628 
8.551 
8.555 
8.547 
8.534 
8.514 
8.482 
8.438 
h 
7.953 
7.855 
7.769 
7.683 
7.57 
7.438 
7.813 
7.264 
h 
6.153 
6.061 
5.987 
5.935 
5.838 
5.753 
5.762 
5.657 
h 
5.342 
5.282 
5.236 
5.241 
5.191 
5.146 
5.102 
5.027 
h 
4.781 
4.681 
4.498 
4.535 
4.404 
4.397 
4.392 
4.373 
h 
3.7 
3.601 
3.482 
3.414 
3.394 
3.356 
3.283 
3.161 
h 
2.937 
2.681 
2.605 
2.526 
2.541 
2.471 
2.418 
2.337 
h 
1.993 
1.949 
1.871 
1.86 
1.803 
1.765 
1.714 
1.621 
h 
1.347 
1.248 
1.132 
1.108 
1.077 
1.08 
1.085 
1.081 
h 
1.063 
1.063 
1.055 
1.039 
1.02 
1.051 
0.995 
1.05 
h 
0.978 
0.956 
0.905 
0.765 
0.558 
0.348 
