28.388 
28.126 
27.408 
26.132 
25.251 
25.205 
25.13 
25.024 
h 
23.613 
23.566 
23.49 
23.367 
23.136 
22.763 
22.287 
22.069 
h 
20.06 
19.932 
19.834 
19.643 
19.296 
18.784 
18.662 
18.326 
h 
18.571 
18.425 
18.266 
18.224 
18.205 
18.199 
18.19 
18.175 
h 
17.917 
17.86 
17.821 
17.784 
17.78 
17.806 
17.775 
17.767 
h 
17.541 
17.532 
17.516 
17.498 
17.484 
17.461 
17.438 
17.467 
h 
16.524 
16.516 
16.504 
16.482 
16.437 
16.347 
16.263 
16.01 
h 
15.405 
15.328 
15.299 
15.259 
15.19 
15.114 
14.978 
14.826 
h 
14.27 
14.219 
14.191 
14.137 
14.039 
13.909 
14.112 
13.645 
h 
13.156 
13.043 
12.954 
12.921 
12.892 
12.874 
12.848 
12.801 
h 
12.275 
12.165 
12.073 
12.04 
11.999 
11.968 
11.948 
11.911 
h 
11.764 
11.698 
11.609 
11.584 
11.553 
11.489 
11.42 
11.295 
h 
