27.275 
27.075 
26.528 
25.566 
24.971 
24.956 
24.954 
24.951 
h 
23.074 
22.927 
22.686 
22.541 
22.441 
22.245 
21.882 
21.301 
h 
19.848 
19.944 
19.378 
19.209 
19.115 
18.94 
18.617 
18.102 
h 
16.715 
17.393 
18.258 
16.098 
15.933 
15.608 
15.032 
14.206 
13.655 
13.652 
13.303 
h 
13.525 
13.387 
13.268 
13.117 
13.043 
12.981 
12.952 
12.923 
h 
12.496 
12.431 
12.418 
12.395 
12.362 
12.311 
12.243 
12.171 
h 
11.781 
11.678 
11.67 
11.661 
11.641 
11.604 
11.54 
11.479 
h 
11.65 
11.263 
11.168 
11.156 
11.15 
11.14 
11.121 
11.096 
h 
10.524 
10.477 
10.444 
10.409 
10.342 
10.216 
10.039 
9.727 
h 
9.006 
8.95 
8.934 
8.93 
8.935 
8.912 
8.887 
8.854 
h 
8.409 
8.369 
8.345 
8.335 
8.319 
8.292 
8.245 
8.162 
h 
8.079 
7.926 
7.915 
7.893 
7.857 
7.798 
7.723 
7.774 
h 
7.71 
7.583 
7.56 
7.554 
7.545 
7.532 
7.518 
7.504 
h 
