27.127 
26.967 
26.532 
25.773 
25.232 
25.176 
25.074 
24.914 
h 
24.531 
24.382 
24.311 
24.173 
23.898 
23.416 
22.782 
22.508 
h 
20.79 
20.5 
20.271 
20.175 
19.98 
19.643 
19.121 
18.647 
h 
17.825 
17.628 
17.57 
17.467 
17.318 
17.046 
16.57 
15.909 
h 
13.771 
13.644 
13.688 
13.583 
13.515 
13.38 
13.138 
12.766 
h 
11.482 
11.43 
11.362 
11.315 
11.239 
11.122 
10.963 
10.768 
h 
10.53 
10.415 
10.391 
10.343 
10.313 
10.359 
10.285 
10.247 
h 
10.395 
10.236 
10.058 
10.001 
9.959 
9.939 
9.918 
9.883 
h 
9.459 
9.397 
9.337 
9.287 
9.28 
9.232 
9.199 
9.144 
h 
8.719 
8.643 
8.611 
8.576 
8.517 
8.425 
8.353 
8.28 
h 
8.035 
7.895 
7.85 
7.822 
7.81 
7.779 
7.761 
7.726 
h 
7.394 
7.337 
7.3 
7.253 
7.202 
7.127 
7.063 
7.142 
h 
6.957 
6.873 
6.837 
6.834 
6.828 
6.814 
6.802 
6.768 
h 
6.226 
6.255 
6.154 
6.141 
6.114 
6.066 
6.003 
5.886 
h 
5.6 
5.529 
5.41 
5.298 
5.266 
5.217 
5.138 
5.024 
h 
