25.047 
25.042 
25.027 
25.0 
24.973 
24.967 
24.96 
24.946 
h 
23.981 
23.895 
23.829 
23.726 
23.513 
23.115 
22.482 
21.894 
h 
21.074 
20.493 
20.46 
20.41 
20.303 
20.096 
19.744 
19.244 
h 
17.837 
17.584 
18.705 
16.89 
16.775 
16.551 
16.167 
15.566 
14.797 
16.212 
14.463 
h 
14.174 
14.191 
14.047 
14.035 
14.014 
13.977 
13.918 
13.865 
h 
13.81 
13.753 
13.739 
13.719 
13.681 
13.626 
13.551 
13.443 
h 
12.502 
12.475 
12.457 
12.452 
12.435 
12.403 
12.343 
12.235 
h 
11.94 
11.966 
11.886 
11.865 
11.837 
11.78 
11.708 
11.598 
h 
11.144 
11.026 
11.041 
10.929 
10.84 
10.671 
10.356 
9.838 
h 
8.939 
8.875 
9.545 
8.68 
8.643 
8.581 
8.51 
8.46 
8.423 
8.408 
8.377 
h 
8.178 
8.096 
8.001 
7.881 
7.734 
7.581 
7.493 
7.257 
h 
6.967 
6.846 
6.81 
6.756 
6.83 
6.751 
6.676 
6.603 
h 
6.212 
6.059 
5.979 
5.954 
5.938 
5.915 
5.884 
5.845 
h 
5.628 
5.552 
5.535 
5.516 
5.485 
5.438 
5.357 
5.288 
h 
5.272 
5.018 
4.956 
4.933 
4.919 
4.903 
4.878 
4.855 
h 
4.501 
4.465 
4.46 
4.447 
4.432 
4.42 
4.397 
4.359 
h 
4.061 
4.014 
3.974 
3.962 
3.948 
3.935 
3.921 
3.897 
h 
3.79 
3.743 
3.698 
3.679 
3.66 
3.652 
3.634 
3.604 
h 
