34.846 
34.359 
32.903 
29.672 
25.23 
24.951 
24.922 
24.914 
h 
23.889 
23.843 
23.815 
23.751 
23.62 
23.367 
22.931 
22.351 
h 
21.106 
21.02 
20.836 
20.66 
20.397 
20.011 
19.479 
19.052 
h 
18.708 
19.799 
18.675 
18.666 
18.649 
18.628 
18.621 
18.614 
18.604 
18.605 
h 
18.333 
18.32 
18.297 
18.26 
18.206 
18.167 
18.149 
18.114 
h 
17.136 
16.942 
16.851 
16.824 
16.789 
16.724 
16.613 
16.463 
h 
16.137 
16.066 
16.037 
16.024 
15.998 
15.951 
15.896 
15.869 
h 
15.654 
15.486 
15.365 
15.351 
15.342 
15.313 
15.27 
15.22 
h 
14.41 
14.309 
14.285 
14.259 
14.208 
14.119 
13.985 
13.774 
h 
13.218 
13.393 
13.172 
13.159 
13.133 
13.091 
13.022 
12.907 
12.747 
12.653 
h 
