28.799 
28.52 
27.735 
26.248 
25.04 
25.003 
24.981 
24.956 
24.92 
24.889 
24.834 
24.761 
24.769 
25.023 
24.675 
24.671 
24.665 
24.658 
24.655 
24.648 
24.639 
24.665 
24.643 
h 
24.432 
24.319 
24.285 
24.28 
24.27 
24.25 
24.213 
24.161 
24.073 
23.975 
23.892 
23.858 
23.84 
23.804 
23.738 
23.629 
23.525 
23.905 
23.502 
23.498 
23.49 
23.48 
23.471 
23.468 
23.465 
23.464 
23.463 
h 
23.9 
23.781 
23.506 
23.155 
23.107 
23.1 
23.087 
23.063 
23.025 
22.99 
23.19 
22.981 
h 
23.254 
23.204 
23.101 
22.987 
22.952 
22.911 
22.89 
22.869 
22.84 
22.83 
22.849 
22.826 
h 
