28.299 
28.029 
27.293 
25.999 
25.031 
24.962 
24.831 
24.612 
24.38 
24.219 
24.042 
23.837 
24.018 
23.835 
23.79 
23.786 
23.779 
23.766 
23.754 
23.769 
h 
23.553 
23.533 
23.51 
23.473 
23.395 
23.241 
22.958 
22.513 
22.13 
22.133 
21.967 
21.936 
21.876 
21.779 
21.678 
21.722 
21.677 
21.662 
21.662 
21.661 
21.659 
h 
21.572 
21.53 
21.469 
21.428 
21.415 
21.402 
21.38 
21.355 
21.355 
21.338 
21.332 
21.323 
21.31 
21.287 
21.257 
21.245 
h 
21.129 
21.051 
20.993 
20.977 
20.964 
20.964 
20.962 
20.961 
h 
