29.987 
29.577 
28.44 
26.371 
24.815 
24.759 
24.659 
24.517 
24.379 
24.309 
24.298 
24.277 
24.245 
24.223 
24.191 
24.142 
24.091 
24.021 
23.911 
23.814 
26.262 
23.811 
23.811 
23.81 
23.81 
23.81 
23.809 
23.809 
23.809 
23.809 
h 
23.658 
23.64 
23.623 
23.614 
23.594 
23.554 
23.48 
23.355 
23.198 
23.345 
23.151 
23.113 
23.104 
23.088 
23.068 
23.038 
23.008 
23.025 
22.995 
22.992 
h 
22.882 
22.868 
22.866 
22.863 
22.859 
22.856 
22.849 
22.841 
h 
22.515 
22.504 
22.483 
22.445 
22.383 
22.298 
22.148 
21.97 
21.898 
21.814 
21.735 
21.708 
21.693 
21.663 
21.636 
21.623 
21.601 
21.584 
21.573 
21.557 
21.53 
21.502 
h 
