29.492 
29.107 
28.039 
26.109 
24.841 
24.798 
24.785 
24.765 
24.744 
24.72 
24.687 
24.696 
24.798 
h 
24.586 
24.45 
24.386 
24.382 
24.377 
24.364 
24.339 
24.294 
24.237 
24.173 
24.158 
24.098 
24.078 
24.056 
24.025 
23.989 
23.935 
23.899 
24.112 
23.863 
23.859 
h 
23.103 
23.068 
23.048 
23.03 
22.999 
22.952 
22.891 
22.815 
22.766 
22.713 
22.715 
22.682 
22.64 
22.614 
22.58 
22.564 
22.545 
22.526 
22.508 
22.488 
22.464 
22.443 
22.403 
h 
21.564 
21.74 
21.495 
21.46 
21.39 
21.262 
21.046 
20.811 
20.748 
20.744 
20.736 
20.728 
20.72 
20.712 
20.703 
20.69 
h 
