25.874 
25.821 
25.677 
25.428 
25.225 
25.218 
25.204 
25.173 
25.113 
25.017 
25.238 
24.931 
24.895 
24.844 
24.752 
24.614 
24.616 
24.657 
24.514 
24.509 
24.501 
24.496 
24.493 
24.491 
h 
24.195 
24.186 
24.169 
24.149 
24.129 
24.091 
24.022 
23.92 
23.839 
23.965 
23.804 
23.795 
23.778 
23.745 
23.691 
23.705 
h 
23.527 
23.406 
23.389 
23.365 
23.317 
23.227 
23.078 
22.894 
22.907 
22.791 
22.757 
22.724 
22.705 
22.696 
22.678 
22.655 
22.642 
22.619 
22.618 
22.602 
22.598 
22.591 
22.587 
22.589 
h 
22.55 
22.521 
22.5 
22.497 
22.494 
22.49 
22.483 
22.471 
h 
