30.907 30.542 29.493 27.401 25.327 25.217 25.039 24.844 24.565 24.756 24.592 24.434 24.431 24.426 24.417 24.402 24.399 h 24.761 23.899 23.086 23.073 23.058 23.029 22.973 22.887 22.746 22.538 22.507 22.398 22.369 22.343 22.312 22.256 22.178 22.275 22.195 22.136 22.135 22.132 22.129 22.129 h 21.852 21.833 21.824 21.814 21.794 21.755 21.681 21.55 21.501 21.464 21.389 21.377 21.358 21.33 21.309 21.273 21.24 21.363 21.223 21.221 21.215 21.206 h 20.5 20.392 20.361 20.347 20.342 20.332 20.314 20.282 20.225 20.188 20.165 20.155 20.136 20.1 20.05 20.136 20.037 20.036 20.033 20.028 20.02 20.008 20.001 h 
26.021 25.904 25.592 25.068 24.746 24.716 24.659 24.568 24.513 24.795 24.481 24.48 24.477 24.475 24.473 24.469 24.471 24.469 24.467 h 24.321 24.314 24.289 24.243 24.192 24.187 24.183 24.173 h 23.985 23.965 23.936 23.884 23.811 23.846 23.712 23.703 23.7 23.693 23.682 23.664 23.649 23.675 23.637 h 23.449 23.434 23.416 23.399 23.377 23.335 23.262 23.168 23.095 22.965 22.831 22.931 23.419 22.678 22.634 22.604 22.576 22.548 22.516 22.497 22.578 22.476 h 
25.931 25.825 25.518 24.867 23.904 23.684 23.625 23.592 23.581 23.556 23.509 23.427 23.327 23.223 23.382 23.185 23.175 23.159 23.142 23.117 23.083 23.032 22.999 24.621 22.986 22.986 22.985 22.985 22.985 22.985 22.985 22.985 22.985 h 22.908 22.903 22.893 22.881 22.866 22.839 22.792 22.732 h 21.909 21.865 21.841 21.818 21.789 21.742 21.697 21.696 h 21.652 21.645 21.631 21.608 21.578 21.641 21.505 21.47 h 
25.366 25.337 25.254 25.103 24.955 24.86 24.768 24.687 24.654 24.639 24.611 24.571 24.542 24.502 24.449 24.418 24.409 24.396 24.387 24.377 24.364 24.353 h 24.355 24.229 24.158 24.119 24.092 24.043 23.979 23.949 23.944 23.932 23.927 23.922 23.911 h 23.672 23.533 23.439 23.365 23.383 23.36 23.357 23.352 23.343 23.325 23.302 23.284 h 23.332 23.088 22.795 22.74 22.716 22.669 22.587 22.475 22.467 22.649 22.398 22.392 22.381 22.36 22.323 22.274 h 
25.72 25.643 25.434 25.079 24.858 24.847 24.828 24.799 24.767 24.747 24.737 24.734 24.731 24.724 24.713 h 24.575 24.589 24.549 24.519 24.459 24.35 24.193 24.109 24.205 24.078 24.069 24.054 24.026 23.976 23.908 24.075 23.885 23.863 23.849 23.833 23.82 23.805 23.782 h 23.572 23.566 23.535 23.517 23.48 23.409 23.292 23.152 23.132 23.142 23.077 23.073 23.069 23.063 23.052 23.031 22.994 22.958 22.94 22.935 22.929 22.919 22.906 h 22.724 22.713 22.693 22.663 22.634 22.594 22.527 22.457 22.41 22.342 22.37 22.31 22.304 22.3 22.292 22.278 h 
28.985 28.769 28.142 26.842 25.213 25.043 24.984 24.882 24.766 24.694 24.63 24.592 24.531 24.478 24.455 24.453 24.448 24.44 24.432 h 24.081 23.982 23.789 23.596 23.589 23.585 23.576 23.557 23.52 23.455 23.34 23.172 23.102 24.18 23.039 23.034 23.029 23.02 23.003 22.988 22.974 22.956 22.928 h 22.612 22.579 22.556 22.532 22.507 22.569 22.461 22.425 h 22.037 21.883 21.866 21.915 21.812 21.775 21.715 21.652 21.641 21.628 21.605 21.569 21.539 21.55 21.501 21.475 21.455 21.427 21.398 21.384 h 
25.904 25.886 25.833 25.721 25.525 25.206 24.867 24.512 24.305 24.154 23.929 23.731 23.49 23.419 24.152 23.392 23.388 23.379 23.364 23.337 23.314 23.315 23.301 23.298 h 23.266 23.159 22.989 22.91 22.907 22.9 22.891 22.883 22.87 22.849 22.821 h 23.201 22.709 22.64 22.607 22.546 22.459 22.456 22.439 22.377 22.37 22.358 22.336 22.301 22.267 h 21.861 21.855 21.835 21.794 21.712 21.567 21.355 21.142 21.122 21.099 21.081 21.066 21.056 21.05 21.039 21.023 h 
31.594 31.175 29.982 27.65 25.508 25.387 25.162 24.802 24.587 24.475 24.428 24.403 24.4 24.391 24.373 24.342 24.302 24.339 h 24.551 24.36 24.303 24.303 24.302 24.301 24.299 24.296 24.292 24.298 24.292 h 24.163 24.158 24.15 24.137 24.117 24.103 24.088 24.075 h 23.788 23.746 23.701 23.673 23.63 23.591 23.532 23.432 23.304 23.211 23.122 22.988 23.049 23.162 22.91 22.904 22.899 22.896 22.896 22.894 22.891 22.886 22.88 h 
27.828 27.603 26.983 25.883 25.138 25.107 25.063 24.998 24.938 24.899 24.849 24.923 24.841 24.837 24.836 24.836 24.835 24.834 24.833 h 24.811 24.751 24.632 24.501 24.492 24.487 24.477 24.457 24.418 24.353 24.258 24.47 h 24.177 24.165 24.14 24.095 24.062 24.073 23.995 23.971 h 23.567 23.547 23.54 23.53 23.518 23.503 23.486 23.467 h 
25.162 25.115 24.987 24.752 24.536 24.515 24.486 24.43 24.334 24.208 24.116 24.723 24.072 24.069 24.065 24.059 24.055 24.049 24.043 24.04 24.037 h 24.192 24.122 23.963 23.72 23.624 23.613 23.595 23.571 23.545 23.506 23.47 23.491 23.459 23.457 23.455 23.451 23.444 23.443 23.432 h 23.985 23.848 23.571 23.251 23.234 23.234 23.233 23.232 23.231 23.23 23.228 23.224 h 23.169 23.114 23.113 23.111 23.105 23.094 23.073 23.03 h 
28.248 28.076 27.591 26.648 25.658 25.569 25.481 25.317 25.044 24.765 24.791 24.619 24.566 24.558 24.547 24.526 24.492 24.457 24.426 24.497 24.415 24.413 24.41 24.406 24.4 h 24.262 24.231 24.222 24.209 24.181 24.129 24.047 23.975 23.947 23.928 23.901 23.866 23.838 23.785 23.704 23.663 23.779 23.594 23.585 23.568 23.536 23.525 23.511 h 23.24 23.178 23.084 23.028 23.013 22.984 22.934 22.855 22.748 22.627 22.561 22.496 22.418 22.328 22.176 22.078 22.176 21.891 21.863 21.817 21.745 21.675 21.657 21.624 21.572 21.529 21.48 21.399 21.306 21.238 21.212 21.183 21.16 21.149 21.128 21.09 21.024 20.946 21.091 20.922 20.915 20.902 20.88 20.856 20.819 20.755 h 20.338 21.974 20.103 20.098 20.089 20.069 20.028 19.959 19.842 19.637 19.37 20.592 19.315 19.297 19.269 19.244 19.231 19.225 19.22 19.21 19.196 h 
28.299 28.029 27.293 25.999 25.031 24.962 24.831 24.612 24.38 24.219 24.042 23.837 24.018 23.835 23.79 23.786 23.779 23.766 23.754 23.769 h 23.553 23.533 23.51 23.473 23.395 23.241 22.958 22.513 22.13 22.133 21.967 21.936 21.876 21.779 21.678 21.722 21.677 21.662 21.662 21.661 21.659 h 21.572 21.53 21.469 21.428 21.415 21.402 21.38 21.355 21.355 21.338 21.332 21.323 21.31 21.287 21.257 21.245 h 21.129 21.051 20.993 20.977 20.964 20.964 20.962 20.961 h 
28.799 28.52 27.735 26.248 25.04 25.003 24.981 24.956 24.92 24.889 24.834 24.761 24.769 25.023 24.675 24.671 24.665 24.658 24.655 24.648 24.639 24.665 24.643 h 24.432 24.319 24.285 24.28 24.27 24.25 24.213 24.161 24.073 23.975 23.892 23.858 23.84 23.804 23.738 23.629 23.525 23.905 23.502 23.498 23.49 23.48 23.471 23.468 23.465 23.464 23.463 h 23.9 23.781 23.506 23.155 23.107 23.1 23.087 23.063 23.025 22.99 23.19 22.981 h 23.254 23.204 23.101 22.987 22.952 22.911 22.89 22.869 22.84 22.83 22.849 22.826 h 
25.165 25.161 25.147 25.116 25.057 24.966 24.883 24.795 24.701 24.647 24.606 24.589 24.557 24.522 24.504 24.473 24.427 24.386 24.356 24.322 24.286 24.39 24.28 24.28 24.278 24.276 24.272 h 23.957 23.813 23.688 23.685 23.678 23.662 23.634 23.582 23.497 23.372 23.272 23.378 23.231 23.222 23.209 23.196 23.18 23.158 h 22.804 22.839 22.787 22.782 22.775 22.762 22.746 22.734 h 22.573 22.566 22.553 22.525 22.475 22.387 22.251 22.162 22.153 22.139 22.121 22.114 22.109 22.105 22.097 h 
26.639 26.482 26.057 25.33 24.889 24.877 24.857 24.824 24.791 24.766 24.787 24.76 24.759 h 24.48 24.456 24.409 24.363 24.353 24.333 24.295 24.235 24.138 24.075 24.065 24.053 24.032 24.009 23.989 23.957 23.922 23.914 23.897 23.889 23.886 23.882 23.877 h 23.559 23.528 23.467 23.369 23.272 23.2 23.197 23.171 23.163 23.149 23.128 23.091 23.056 h 23.119 23.023 22.913 22.783 22.723 22.711 22.7 22.693 22.68 22.659 22.622 22.573 h 
29.987 29.577 28.44 26.371 24.815 24.759 24.659 24.517 24.379 24.309 24.298 24.277 24.245 24.223 24.191 24.142 24.091 24.021 23.911 23.814 26.262 23.811 23.811 23.81 23.81 23.81 23.809 23.809 23.809 23.809 h 23.658 23.64 23.623 23.614 23.594 23.554 23.48 23.355 23.198 23.345 23.151 23.113 23.104 23.088 23.068 23.038 23.008 23.025 22.995 22.992 h 22.882 22.868 22.866 22.863 22.859 22.856 22.849 22.841 h 22.515 22.504 22.483 22.445 22.383 22.298 22.148 21.97 21.898 21.814 21.735 21.708 21.693 21.663 21.636 21.623 21.601 21.584 21.573 21.557 21.53 21.502 h 
26.844 26.684 26.249 25.48 24.968 24.954 24.944 24.927 24.901 24.9 24.889 24.882 24.881 h 24.723 24.619 24.418 24.223 24.22 24.217 24.208 24.189 24.149 24.071 23.931 23.715 23.574 25.004 23.513 23.506 23.501 23.496 23.489 23.479 23.462 23.43 23.41 h 23.795 23.286 23.176 23.168 23.154 23.139 23.121 23.093 23.068 23.047 23.041 23.031 23.018 23.0 22.986 22.973 22.962 22.953 h 22.87 22.851 22.833 22.804 22.745 22.636 22.459 22.203 22.061 22.826 22.021 22.015 22.003 21.983 21.951 21.912 21.888 21.877 21.865 h 
25.874 25.821 25.677 25.428 25.225 25.218 25.204 25.173 25.113 25.017 25.238 24.931 24.895 24.844 24.752 24.614 24.616 24.657 24.514 24.509 24.501 24.496 24.493 24.491 h 24.195 24.186 24.169 24.149 24.129 24.091 24.022 23.92 23.839 23.965 23.804 23.795 23.778 23.745 23.691 23.705 h 23.527 23.406 23.389 23.365 23.317 23.227 23.078 22.894 22.907 22.791 22.757 22.724 22.705 22.696 22.678 22.655 22.642 22.619 22.618 22.602 22.598 22.591 22.587 22.589 h 22.55 22.521 22.5 22.497 22.494 22.49 22.483 22.471 h 
29.492 29.107 28.039 26.109 24.841 24.798 24.785 24.765 24.744 24.72 24.687 24.696 24.798 h 24.586 24.45 24.386 24.382 24.377 24.364 24.339 24.294 24.237 24.173 24.158 24.098 24.078 24.056 24.025 23.989 23.935 23.899 24.112 23.863 23.859 h 23.103 23.068 23.048 23.03 22.999 22.952 22.891 22.815 22.766 22.713 22.715 22.682 22.64 22.614 22.58 22.564 22.545 22.526 22.508 22.488 22.464 22.443 22.403 h 21.564 21.74 21.495 21.46 21.39 21.262 21.046 20.811 20.748 20.744 20.736 20.728 20.72 20.712 20.703 20.69 h 
27.717 27.532 27.019 26.077 25.328 25.267 25.158 24.974 24.743 24.656 25.375 24.647 24.647 24.647 24.647 24.647 24.647 24.646 24.646 24.646 h 24.639 24.631 24.609 24.563 24.477 24.349 24.3 24.268 24.253 24.238 24.211 24.17 24.144 24.293 h 24.036 24.024 24.005 23.981 23.959 23.919 23.853 23.767 23.643 23.593 23.607 23.414 23.386 23.336 23.263 23.169 23.111 23.347 23.005 22.973 22.963 22.952 22.931 22.89 22.837 22.868 22.816 22.81 22.8 22.791 22.788 h 22.738 22.715 22.657 22.554 22.449 22.406 22.392 22.381 22.362 22.325 22.258 22.174 22.4 22.142 22.126 22.102 22.06 21.99 21.897 22.824 23.465 21.852 21.848 21.841 21.837 21.834 21.831 21.827 21.818 21.804 h 
