30.907 
30.542 
29.493 
27.401 
25.327 
25.217 
25.039 
24.844 
24.565 
24.756 
24.592 
24.434 
24.431 
24.426 
24.417 
24.402 
24.399 
h 
24.761 
23.899 
23.086 
23.073 
23.058 
23.029 
22.973 
22.887 
22.746 
22.538 
22.507 
22.398 
22.369 
22.343 
22.312 
22.256 
22.178 
22.275 
22.195 
22.136 
22.135 
22.132 
22.129 
22.129 
h 
21.852 
21.833 
21.824 
21.814 
21.794 
21.755 
21.681 
21.55 
21.501 
21.464 
21.389 
21.377 
21.358 
21.33 
21.309 
21.273 
21.24 
21.363 
21.223 
21.221 
21.215 
21.206 
h 
20.5 
20.392 
20.361 
20.347 
20.342 
20.332 
20.314 
20.282 
20.225 
20.188 
20.165 
20.155 
20.136 
20.1 
20.05 
20.136 
20.037 
20.036 
20.033 
20.028 
20.02 
20.008 
20.001 
h 
