26.844 
26.684 
26.249 
25.48 
24.968 
24.954 
24.944 
24.927 
24.901 
24.9 
24.889 
24.882 
24.881 
h 
24.723 
24.619 
24.418 
24.223 
24.22 
24.217 
24.208 
24.189 
24.149 
24.071 
23.931 
23.715 
23.574 
25.004 
23.513 
23.506 
23.501 
23.496 
23.489 
23.479 
23.462 
23.43 
23.41 
h 
23.795 
23.286 
23.176 
23.168 
23.154 
23.139 
23.121 
23.093 
23.068 
23.047 
23.041 
23.031 
23.018 
23.0 
22.986 
22.973 
22.962 
22.953 
h 
22.87 
22.851 
22.833 
22.804 
22.745 
22.636 
22.459 
22.203 
22.061 
22.826 
22.021 
22.015 
22.003 
21.983 
21.951 
21.912 
21.888 
21.877 
21.865 
h 
