25.165 
25.161 
25.147 
25.116 
25.057 
24.966 
24.883 
24.795 
24.701 
24.647 
24.606 
24.589 
24.557 
24.522 
24.504 
24.473 
24.427 
24.386 
24.356 
24.322 
24.286 
24.39 
24.28 
24.28 
24.278 
24.276 
24.272 
h 
23.957 
23.813 
23.688 
23.685 
23.678 
23.662 
23.634 
23.582 
23.497 
23.372 
23.272 
23.378 
23.231 
23.222 
23.209 
23.196 
23.18 
23.158 
h 
22.804 
22.839 
22.787 
22.782 
22.775 
22.762 
22.746 
22.734 
h 
22.573 
22.566 
22.553 
22.525 
22.475 
22.387 
22.251 
22.162 
22.153 
22.139 
22.121 
22.114 
22.109 
22.105 
22.097 
h 
