26.021 
25.904 
25.592 
25.068 
24.746 
24.716 
24.659 
24.568 
24.513 
24.795 
24.481 
24.48 
24.477 
24.475 
24.473 
24.469 
24.471 
24.469 
24.467 
h 
24.321 
24.314 
24.289 
24.243 
24.192 
24.187 
24.183 
24.173 
h 
23.985 
23.965 
23.936 
23.884 
23.811 
23.846 
23.712 
23.703 
23.7 
23.693 
23.682 
23.664 
23.649 
23.675 
23.637 
h 
23.449 
23.434 
23.416 
23.399 
23.377 
23.335 
23.262 
23.168 
23.095 
22.965 
22.831 
22.931 
23.419 
22.678 
22.634 
22.604 
22.576 
22.548 
22.516 
22.497 
22.578 
22.476 
h 
