25.904 
25.886 
25.833 
25.721 
25.525 
25.206 
24.867 
24.512 
24.305 
24.154 
23.929 
23.731 
23.49 
23.419 
24.152 
23.392 
23.388 
23.379 
23.364 
23.337 
23.314 
23.315 
23.301 
23.298 
h 
23.266 
23.159 
22.989 
22.91 
22.907 
22.9 
22.891 
22.883 
22.87 
22.849 
22.821 
h 
23.201 
22.709 
22.64 
22.607 
22.546 
22.459 
22.456 
22.439 
22.377 
22.37 
22.358 
22.336 
22.301 
22.267 
h 
21.861 
21.855 
21.835 
21.794 
21.712 
21.567 
21.355 
21.142 
21.122 
21.099 
21.081 
21.066 
21.056 
21.05 
21.039 
21.023 
h 
