25.72 
25.643 
25.434 
25.079 
24.858 
24.847 
24.828 
24.799 
24.767 
24.747 
24.737 
24.734 
24.731 
24.724 
24.713 
h 
24.575 
24.589 
24.549 
24.519 
24.459 
24.35 
24.193 
24.109 
24.205 
24.078 
24.069 
24.054 
24.026 
23.976 
23.908 
24.075 
23.885 
23.863 
23.849 
23.833 
23.82 
23.805 
23.782 
h 
23.572 
23.566 
23.535 
23.517 
23.48 
23.409 
23.292 
23.152 
23.132 
23.142 
23.077 
23.073 
23.069 
23.063 
23.052 
23.031 
22.994 
22.958 
22.94 
22.935 
22.929 
22.919 
22.906 
h 
22.724 
22.713 
22.693 
22.663 
22.634 
22.594 
22.527 
22.457 
22.41 
22.342 
22.37 
22.31 
22.304 
22.3 
22.292 
22.278 
h 
