28.985 
28.769 
28.142 
26.842 
25.213 
25.043 
24.984 
24.882 
24.766 
24.694 
24.63 
24.592 
24.531 
24.478 
24.455 
24.453 
24.448 
24.44 
24.432 
h 
24.081 
23.982 
23.789 
23.596 
23.589 
23.585 
23.576 
23.557 
23.52 
23.455 
23.34 
23.172 
23.102 
24.18 
23.039 
23.034 
23.029 
23.02 
23.003 
22.988 
22.974 
22.956 
22.928 
h 
22.612 
22.579 
22.556 
22.532 
22.507 
22.569 
22.461 
22.425 
h 
22.037 
21.883 
21.866 
21.915 
21.812 
21.775 
21.715 
21.652 
21.641 
21.628 
21.605 
21.569 
21.539 
21.55 
21.501 
21.475 
21.455 
21.427 
21.398 
21.384 
h 
