28.248 
28.076 
27.591 
26.648 
25.658 
25.569 
25.481 
25.317 
25.044 
24.765 
24.791 
24.619 
24.566 
24.558 
24.547 
24.526 
24.492 
24.457 
24.426 
24.497 
24.415 
24.413 
24.41 
24.406 
24.4 
h 
24.262 
24.231 
24.222 
24.209 
24.181 
24.129 
24.047 
23.975 
23.947 
23.928 
23.901 
23.866 
23.838 
23.785 
23.704 
23.663 
23.779 
23.594 
23.585 
23.568 
23.536 
23.525 
23.511 
h 
23.24 
23.178 
23.084 
23.028 
23.013 
22.984 
22.934 
22.855 
22.748 
22.627 
22.561 
22.496 
22.418 
22.328 
22.176 
22.078 
22.176 
21.891 
21.863 
21.817 
21.745 
21.675 
21.657 
21.624 
21.572 
21.529 
21.48 
21.399 
21.306 
21.238 
21.212 
21.183 
21.16 
21.149 
21.128 
21.09 
21.024 
20.946 
21.091 
20.922 
20.915 
20.902 
20.88 
20.856 
20.819 
20.755 
h 
20.338 
21.974 
20.103 
20.098 
20.089 
20.069 
20.028 
19.959 
19.842 
19.637 
19.37 
20.592 
19.315 
19.297 
19.269 
19.244 
19.231 
19.225 
19.22 
19.21 
19.196 
h 
