27.717 
27.532 
27.019 
26.077 
25.328 
25.267 
25.158 
24.974 
24.743 
24.656 
25.375 
24.647 
24.647 
24.647 
24.647 
24.647 
24.647 
24.646 
24.646 
24.646 
h 
24.639 
24.631 
24.609 
24.563 
24.477 
24.349 
24.3 
24.268 
24.253 
24.238 
24.211 
24.17 
24.144 
24.293 
h 
24.036 
24.024 
24.005 
23.981 
23.959 
23.919 
23.853 
23.767 
23.643 
23.593 
23.607 
23.414 
23.386 
23.336 
23.263 
23.169 
23.111 
23.347 
23.005 
22.973 
22.963 
22.952 
22.931 
22.89 
22.837 
22.868 
22.816 
22.81 
22.8 
22.791 
22.788 
h 
22.738 
22.715 
22.657 
22.554 
22.449 
22.406 
22.392 
22.381 
22.362 
22.325 
22.258 
22.174 
22.4 
22.142 
22.126 
22.102 
22.06 
21.99 
21.897 
22.824 
23.465 
21.852 
21.848 
21.841 
21.837 
21.834 
21.831 
21.827 
21.818 
21.804 
h 
