25.366 
25.337 
25.254 
25.103 
24.955 
24.86 
24.768 
24.687 
24.654 
24.639 
24.611 
24.571 
24.542 
24.502 
24.449 
24.418 
24.409 
24.396 
24.387 
24.377 
24.364 
24.353 
h 
24.355 
24.229 
24.158 
24.119 
24.092 
24.043 
23.979 
23.949 
23.944 
23.932 
23.927 
23.922 
23.911 
h 
23.672 
23.533 
23.439 
23.365 
23.383 
23.36 
23.357 
23.352 
23.343 
23.325 
23.302 
23.284 
h 
23.332 
23.088 
22.795 
22.74 
22.716 
22.669 
22.587 
22.475 
22.467 
22.649 
22.398 
22.392 
22.381 
22.36 
22.323 
22.274 
h 
