24.689 
24.684 
24.672 
24.65 
24.629 
24.62 
24.61 
24.599 
h 
24.032 
23.97 
23.892 
23.856 
23.837 
23.82 
23.787 
23.737 
h 
23.356 
23.258 
23.117 
23.025 
22.999 
22.959 
22.892 
22.775 
h 
22.831 
22.45 
22.312 
22.174 
22.162 
22.158 
22.15 
22.134 
h 
21.613 
21.219 
20.987 
20.955 
20.944 
20.93 
20.899 
20.84 
h 
20.51 
20.406 
20.365 
20.347 
20.316 
20.279 
20.227 
20.15 
h 
19.513 
19.24 
19.174 
19.139 
19.113 
19.071 
18.996 
18.903 
h 
18.67 
18.496 
18.397 
18.379 
18.343 
18.286 
18.184 
18.043 
h 
17.245 
17.242 
17.175 
17.16 
17.134 
17.092 
17.05 
17.114 
h 
17.238 
17.088 
16.96 
16.932 
16.917 
16.905 
16.888 
16.859 
h 
