30.697 
30.334 
29.3 
27.275 
25.256 
25.098 
24.863 
24.432 
h 
22.406 
22.712 
22.282 
22.271 
22.251 
22.223 
22.184 
22.159 
22.153 
22.142 
h 
21.947 
21.915 
21.895 
21.857 
21.788 
21.684 
21.527 
21.392 
h 
20.997 
20.977 
20.936 
20.861 
20.742 
20.61 
20.572 
20.551 
h 
19.986 
19.869 
19.824 
19.814 
19.793 
19.759 
19.7 
19.634 
h 
19.077 
18.945 
18.933 
18.927 
18.92 
18.904 
18.874 
18.822 
h 
18.627 
18.796 
18.589 
18.581 
18.567 
18.539 
18.486 
18.402 
h 
18.011 
17.876 
17.789 
17.762 
17.717 
17.63 
17.48 
17.241 
h 
16.583 
18.376 
16.556 
16.543 
16.521 
16.501 
16.474 
16.439 
16.417 
16.39 
h 
16.276 
16.241 
16.219 
16.196 
16.17 
16.135 
16.102 
16.046 
h 
