25.426 
25.393 
25.305 
25.156 
25.041 
25.028 
25.004 
24.959 
h 
24.077 
24.178 
24.009 
24.0 
23.984 
23.965 
23.951 
23.932 
h 
23.709 
23.708 
23.633 
23.556 
23.411 
23.151 
22.725 
22.436 
h 
21.71 
21.631 
21.542 
21.441 
21.307 
21.123 
20.905 
20.828 
h 
19.797 
19.783 
19.759 
19.719 
19.645 
19.535 
19.445 
19.43 
h 
19.496 
19.288 
19.094 
19.072 
19.041 
19.035 
19.017 
19.006 
h 
18.707 
18.695 
18.684 
18.661 
18.618 
18.537 
18.41 
18.238 
h 
17.981 
17.982 
17.917 
17.866 
17.791 
17.682 
17.505 
17.318 
h 
16.643 
16.579 
16.557 
16.531 
16.501 
16.449 
16.359 
16.238 
h 
15.771 
15.663 
15.514 
15.49 
15.474 
15.453 
15.415 
15.348 
h 
