27.362 
27.18 
26.683 
25.805 
25.186 
25.143 
25.064 
24.927 
h 
24.623 
24.939 
24.564 
24.527 
24.46 
24.357 
24.241 
24.217 
24.209 
24.196 
h 
23.999 
23.986 
23.957 
23.938 
23.906 
23.869 
23.829 
23.792 
h 
23.334 
23.261 
23.138 
22.992 
22.941 
22.917 
22.878 
22.85 
h 
22.266 
22.23 
22.194 
22.135 
22.03 
21.875 
21.63 
21.43 
h 
20.977 
20.611 
20.356 
20.328 
20.306 
20.286 
20.261 
20.226 
h 
19.702 
19.515 
19.505 
19.491 
19.466 
19.429 
19.383 
19.317 
h 
18.737 
18.823 
18.656 
18.613 
18.528 
18.378 
18.127 
17.841 
h 
16.972 
16.951 
16.927 
16.888 
16.839 
16.805 
16.777 
16.736 
h 
16.082 
15.995 
16.032 
15.971 
15.895 
15.814 
15.691 
15.538 
h 
