26.611 
26.507 
26.219 
25.683 
25.208 
25.138 
25.014 
24.845 
h 
24.26 
23.968 
23.837 
23.824 
23.799 
23.753 
23.682 
23.559 
h 
22.112 
22.296 
22.181 
22.015 
21.989 
21.944 
21.882 
21.855 
h 
21.697 
21.623 
21.473 
21.304 
21.2 
21.055 
20.967 
20.94 
h 
20.047 
20.013 
20.0 
19.983 
19.953 
19.902 
19.841 
19.763 
h 
19.405 
19.398 
19.42 
19.328 
19.268 
19.158 
18.982 
18.811 
h 
17.738 
17.653 
17.583 
17.524 
17.473 
17.379 
17.231 
17.058 
h 
16.516 
16.142 
16.127 
16.114 
16.09 
16.044 
15.991 
15.904 
h 
15.539 
15.416 
15.313 
15.166 
14.995 
14.795 
14.468 
14.114 
h 
14.057 
13.582 
13.51 
13.488 
13.464 
13.425 
13.362 
13.308 
h 
