35.682 
35.099 
33.358 
29.548 
24.702 
24.509 
24.494 
24.479 
h 
24.35 
24.326 
24.298 
24.247 
24.15 
23.975 
23.688 
23.59 
h 
22.917 
22.877 
22.832 
22.785 
22.689 
22.502 
22.172 
21.714 
h 
20.949 
20.593 
20.524 
20.461 
20.377 
20.339 
20.279 
20.192 
h 
19.67 
19.658 
19.636 
19.616 
19.581 
19.524 
19.443 
19.352 
h 
18.695 
18.743 
18.667 
18.646 
18.612 
18.546 
18.436 
18.297 
h 
17.553 
17.477 
17.414 
17.384 
17.369 
17.341 
17.289 
17.202 
h 
16.661 
16.533 
16.419 
16.534 
16.345 
16.175 
16.01 
15.873 
h 
15.781 
15.723 
15.642 
15.597 
15.576 
15.557 
15.528 
15.477 
h 
15.394 
15.203 
15.092 
15.015 
15.013 
14.986 
14.961 
14.911 
h 
