25.198 
25.192 
25.175 
25.136 
25.059 
24.916 
24.705 
24.463 
h 
23.158 
23.293 
23.012 
23.009 
23.001 
22.984 
22.95 
22.886 
h 
22.407 
22.617 
22.391 
22.383 
22.368 
22.342 
22.308 
22.308 
h 
21.77 
21.721 
21.672 
21.655 
21.625 
21.574 
21.488 
21.342 
h 
20.915 
21.133 
20.837 
20.824 
20.811 
20.804 
20.802 
20.797 
20.789 
20.775 
h 
20.495 
20.377 
20.234 
20.185 
20.142 
20.108 
20.071 
20.045 
h 
19.624 
19.476 
19.268 
19.145 
19.092 
19.016 
18.886 
18.733 
h 
17.111 
17.019 
16.99 
16.951 
16.885 
16.769 
16.585 
16.36 
h 
15.606 
15.57 
15.544 
15.5 
15.427 
15.329 
15.179 
14.954 
h 
14.035 
13.883 
13.857 
13.813 
13.783 
13.737 
13.663 
13.559 
h 
