26.985 
26.866 
26.541 
25.968 
25.512 
25.374 
25.181 
25.01 
h 
24.191 
24.14 
24.107 
24.059 
23.982 
23.862 
23.728 
23.706 
h 
23.576 
23.55 
23.494 
23.393 
23.24 
22.974 
22.69 
22.44 
h 
22.261 
22.247 
22.235 
22.224 
22.204 
22.168 
22.121 
22.083 
h 
21.74 
21.702 
21.631 
21.544 
21.504 
21.493 
21.473 
21.436 
h 
21.116 
20.855 
20.659 
20.648 
20.624 
20.581 
20.509 
20.474 
h 
20.845 
19.658 
19.434 
19.404 
19.394 
19.375 
19.344 
19.307 
h 
19.012 
18.903 
18.798 
18.625 
18.463 
18.396 
18.354 
18.313 
h 
17.616 
17.519 
17.392 
17.279 
17.235 
17.153 
16.995 
16.714 
h 
15.681 
16.31 
15.531 
15.514 
15.487 
15.458 
15.43 
15.388 
15.341 
15.316 
h 
