24.795 
24.783 
24.752 
24.69 
24.593 
24.456 
24.379 
24.305 
h 
23.366 
23.334 
23.309 
23.295 
23.279 
23.248 
23.193 
23.107 
h 
22.724 
22.606 
22.587 
22.585 
22.58 
22.572 
22.555 
22.527 
h 
21.856 
21.493 
21.371 
21.308 
21.238 
21.212 
21.166 
21.075 
h 
20.901 
20.45 
20.202 
20.176 
20.163 
20.147 
20.131 
20.123 
h 
19.648 
19.544 
19.428 
19.407 
19.398 
19.385 
19.371 
19.355 
h 
19.014 
18.828 
18.575 
18.481 
18.442 
18.398 
18.367 
18.346 
h 
18.066 
18.037 
17.971 
17.881 
17.773 
17.585 
17.294 
17.003 
h 
16.653 
16.552 
16.537 
16.53 
16.518 
16.494 
16.455 
16.396 
h 
15.402 
15.241 
15.139 
15.119 
15.089 
15.032 
14.948 
14.808 
h 
