27.015 
26.91 
26.62 
26.092 
25.638 
25.581 
25.48 
25.339 
h 
24.115 
24.634 
24.064 
24.023 
23.941 
23.794 
23.587 
23.464 
23.393 
23.347 
h 
22.232 
22.115 
22.025 
21.938 
21.873 
21.752 
21.567 
21.383 
h 
21.194 
21.106 
21.007 
21.033 
20.886 
20.778 
20.635 
20.56 
h 
20.435 
20.414 
20.344 
20.285 
20.184 
20.032 
19.836 
19.616 
h 
18.807 
18.715 
18.686 
18.644 
18.59 
18.51 
18.402 
18.285 
h 
17.845 
17.816 
17.757 
17.738 
17.702 
17.639 
17.549 
17.603 
h 
17.249 
16.774 
16.735 
16.722 
16.71 
16.687 
16.648 
16.571 
h 
16.408 
15.862 
15.721 
15.697 
15.665 
15.609 
15.531 
15.416 
h 
16.246 
15.328 
15.219 
15.207 
15.185 
15.148 
15.087 
15.09 
h 
