25.304 
25.285 
25.235 
25.145 
25.064 
25.056 
25.039 
25.008 
h 
23.843 
23.843 
23.811 
23.797 
23.77 
23.716 
23.623 
23.503 
h 
22.986 
23.039 
22.851 
22.794 
22.75 
22.676 
22.553 
22.405 
h 
21.671 
21.574 
21.534 
21.523 
21.512 
21.505 
21.474 
21.437 
h 
21.238 
21.189 
21.14 
21.077 
21.081 
20.944 
20.849 
20.698 
h 
19.721 
19.651 
19.556 
19.5 
19.413 
19.284 
19.1 
18.859 
h 
18.626 
18.496 
18.471 
18.444 
18.416 
18.375 
18.319 
18.195 
h 
18.084 
18.035 
17.98 
17.949 
17.905 
17.842 
17.776 
17.684 
h 
17.206 
17.681 
17.158 
17.15 
17.141 
17.127 
17.104 
17.067 
17.025 
16.985 
h 
16.678 
16.668 
16.607 
16.556 
16.462 
16.284 
15.976 
15.466 
h 
