25.769 
25.745 
25.677 
25.545 
25.378 
25.258 
25.022 
24.593 
h 
22.72 
23.466 
22.65 
22.595 
22.489 
22.31 
22.064 
21.953 
21.939 
21.918 
h 
21.405 
21.359 
21.318 
21.251 
21.129 
20.924 
20.56 
20.054 
h 
19.606 
19.58 
19.558 
19.521 
19.455 
19.364 
19.223 
19.067 
h 
18.013 
17.916 
17.85 
17.819 
17.755 
17.634 
17.421 
17.12 
h 
16.798 
17.045 
16.705 
16.674 
16.628 
16.546 
16.41 
16.226 
16.067 
15.863 
h 
15.314 
15.24 
15.234 
15.229 
15.222 
15.212 
15.195 
15.169 
h 
14.903 
15.061 
14.783 
14.767 
14.761 
14.753 
14.737 
14.708 
14.66 
14.606 
h 
14.672 
14.437 
14.3 
14.29 
14.27 
14.24 
14.208 
14.189 
h 
14.561 
14.241 
14.003 
13.988 
13.974 
13.968 
13.962 
13.956 
h 
