26.516 
26.233 
25.474 
24.186 
23.332 
23.302 
23.252 
23.185 
h 
22.727 
22.543 
22.47 
22.456 
22.428 
22.379 
22.296 
22.169 
h 
21.99 
22.632 
21.907 
21.845 
21.732 
21.566 
21.386 
21.191 
21.137 
21.073 
h 
20.273 
20.054 
19.876 
19.863 
19.834 
19.785 
19.698 
19.588 
h 
19.608 
19.076 
18.819 
18.806 
18.795 
18.786 
18.773 
18.752 
h 
18.005 
17.978 
17.94 
17.891 
17.812 
17.713 
17.641 
17.381 
h 
17.119 
16.912 
16.711 
16.724 
16.981 
16.556 
16.541 
16.514 
h 
15.183 
15.093 
15.008 
14.918 
14.805 
14.593 
14.234 
13.775 
h 
13.386 
13.328 
13.153 
13.138 
13.121 
13.095 
13.054 
12.994 
h 
12.091 
12.072 
12.017 
11.996 
11.966 
11.922 
11.859 
11.77 
h 
11.272 
11.274 
11.22 
11.217 
11.215 
11.212 
11.204 
11.191 
h 
11.006 
10.978 
10.936 
10.891 
10.821 
10.761 
10.662 
10.48 
h 
9.695 
9.681 
9.656 
9.614 
9.555 
9.511 
9.463 
9.372 
h 
9.275 
9.243 
9.222 
9.215 
9.183 
9.129 
9.036 
8.907 
h 
8.466 
8.455 
8.39 
8.332 
8.254 
8.163 
8.057 
7.905 
h 
7.161 
7.108 
7.038 
6.998 
6.982 
6.947 
6.888 
6.78 
h 
6.136 
6.056 
5.998 
5.968 
5.939 
5.906 
5.842 
5.769 
h 
