24.973 
24.963 
24.933 
24.876 
24.804 
24.74 
24.632 
24.494 
h 
24.37 
24.256 
24.138 
24.059 
24.204 
23.81 
23.706 
23.586 
h 
23.438 
23.408 
23.362 
23.289 
23.195 
23.05 
22.846 
22.734 
h 
22.25 
22.214 
22.203 
22.197 
22.189 
22.175 
22.151 
22.117 
h 
21.812 
21.568 
21.346 
21.326 
21.308 
21.285 
21.242 
21.202 
h 
21.0 
20.948 
20.89 
20.803 
20.67 
20.619 
20.615 
20.445 
h 
20.022 
19.83 
19.59 
19.461 
19.845 
19.432 
19.418 
19.392 
h 
19.21 
19.153 
19.089 
19.017 
18.974 
18.824 
18.656 
18.525 
h 
17.8 
17.703 
17.608 
17.556 
17.494 
17.432 
17.358 
17.27 
h 
16.882 
16.812 
16.823 
16.747 
16.719 
16.669 
16.59 
16.506 
h 
