26.72 
26.571 
26.154 
25.37 
24.687 
24.684 
24.68 
24.674 
h 
24.73 
24.64 
24.498 
24.419 
24.407 
24.392 
24.365 
24.336 
h 
23.891 
23.819 
23.807 
23.79 
23.766 
23.74 
23.703 
23.646 
h 
22.562 
22.51 
22.478 
22.422 
22.338 
22.258 
22.188 
22.09 
h 
21.8 
21.631 
21.541 
21.513 
21.491 
21.472 
21.448 
21.401 
h 
20.834 
20.801 
20.785 
20.766 
20.735 
20.698 
20.643 
20.567 
h 
19.983 
19.933 
19.877 
19.826 
19.751 
19.65 
19.476 
19.214 
h 
18.762 
19.92 
18.546 
18.53 
18.527 
18.524 
18.516 
18.501 
18.477 
18.441 
h 
18.22 
18.152 
18.138 
18.132 
18.114 
18.085 
18.038 
17.964 
h 
17.428 
17.364 
17.196 
17.16 
17.149 
17.133 
17.115 
17.09 
h 
