29.557 
29.209 
28.221 
26.3 
24.566 
24.562 
24.558 
24.553 
h 
23.778 
23.619 
23.431 
23.388 
23.364 
23.313 
23.208 
23.01 
h 
22.201 
23.252 
22.072 
21.985 
21.844 
21.651 
21.46 
21.408 
21.402 
21.391 
h 
21.313 
21.309 
21.297 
21.285 
21.261 
21.216 
21.139 
21.043 
h 
21.107 
20.765 
20.7 
20.686 
20.668 
20.659 
20.645 
20.627 
h 
20.567 
20.543 
20.5 
20.459 
20.413 
20.367 
20.347 
20.335 
h 
20.31 
20.179 
20.061 
20.056 
20.051 
20.043 
20.032 
20.019 
h 
19.847 
19.714 
19.645 
19.64 
19.634 
19.628 
19.62 
19.605 
h 
19.412 
19.266 
19.189 
19.175 
19.166 
19.149 
19.127 
19.095 
h 
18.681 
18.637 
18.625 
18.604 
18.576 
18.537 
18.485 
18.458 
h 
