24.107 
24.101 
24.087 
24.063 
24.039 
24.03 
24.022 
24.006 
h 
23.321 
22.894 
22.689 
22.68 
22.658 
22.612 
22.527 
22.395 
h 
21.152 
21.073 
21.023 
20.929 
20.768 
20.489 
20.116 
19.881 
h 
19.224 
19.184 
19.173 
19.151 
19.139 
19.116 
19.08 
19.013 
h 
18.666 
18.826 
18.642 
18.54 
18.526 
18.498 
18.444 
18.346 
h 
17.36 
17.266 
17.325 
17.005 
16.976 
16.92 
16.819 
16.667 
h 
16.177 
16.012 
15.929 
15.9 
15.86 
15.839 
15.785 
15.695 
h 
15.339 
15.297 
15.246 
15.201 
15.109 
14.959 
14.727 
14.45 
h 
13.558 
13.378 
13.287 
13.234 
13.177 
13.104 
13.017 
12.807 
h 
12.463 
12.182 
12.053 
11.979 
11.876 
11.755 
11.634 
11.522 
h 
