29.691 
29.395 
28.547 
26.857 
25.12 
25.004 
24.848 
24.571 
h 
23.307 
23.784 
23.187 
23.098 
22.921 
22.608 
22.146 
21.79 
21.693 
21.656 
h 
20.524 
20.479 
20.404 
20.345 
20.316 
20.259 
20.155 
19.996 
h 
18.346 
18.483 
18.294 
18.173 
18.077 
17.896 
17.597 
17.253 
h 
16.92 
16.878 
16.868 
16.864 
16.856 
16.838 
16.805 
16.749 
h 
16.539 
16.338 
16.265 
16.206 
16.162 
16.15 
16.124 
16.075 
h 
15.438 
15.19 
15.097 
15.032 
14.963 
14.921 
14.866 
14.793 
h 
13.9 
13.763 
13.717 
13.669 
13.573 
13.393 
13.101 
12.724 
h 
12.089 
12.141 
12.075 
12.031 
11.999 
11.966 
11.9 
11.775 
h 
10.655 
10.51 
10.424 
10.312 
10.17 
10.219 
9.836 
9.55 
h 
8.493 
8.443 
8.402 
8.379 
8.336 
8.265 
8.175 
8.107 
h 
7.83 
7.807 
7.778 
7.758 
7.728 
7.697 
7.656 
7.567 
h 
7.363 
7.294 
7.241 
7.196 
7.147 
7.089 
7.001 
6.876 
h 
6.297 
6.069 
6.21 
5.988 
5.953 
5.932 
5.89 
5.812 
h 
5.219 
5.137 
5.073 
4.993 
4.975 
4.933 
4.877 
4.785 
h 
4.218 
4.167 
4.115 
4.054 
4.006 
3.958 
3.915 
3.875 
h 
3.81 
3.751 
3.692 
3.681 
3.663 
3.635 
3.595 
3.557 
h 
3.776 
3.491 
3.468 
3.457 
3.447 
3.443 
3.435 
3.435 
h 
3.418 
3.406 
3.383 
3.34 
3.262 
3.129 
3.232 
3.006 
h 
2.606 
2.536 
2.456 
2.462 
2.447 
2.431 
2.406 
2.359 
h 
2.043 
1.993 
1.964 
1.926 
1.901 
1.888 
1.866 
1.843 
h 
1.789 
1.744 
1.699 
1.665 
1.657 
1.629 
1.623 
1.617 
h 
1.554 
1.545 
1.533 
1.522 
1.513 
1.524 
1.508 
1.504 
h 
1.426 
1.412 
1.403 
1.402 
1.399 
1.394 
1.395 
1.387 
h 
1.198 
1.192 
1.186 
1.179 
1.169 
1.156 
1.156 
1.127 
h 
