24.871 
24.844 
24.771 
24.638 
24.497 
24.404 
24.344 
24.279 
h 
22.907 
22.74 
22.685 
22.659 
22.607 
22.515 
22.386 
22.281 
h 
21.317 
21.273 
21.208 
21.152 
21.103 
21.018 
20.904 
20.803 
h 
20.382 
20.201 
20.175 
20.169 
20.155 
20.127 
20.072 
19.975 
h 
19.236 
19.164 
19.116 
19.085 
19.06 
19.03 
18.993 
18.946 
h 
18.863 
18.839 
18.839 
18.803 
18.766 
18.701 
18.604 
18.538 
h 
17.385 
17.338 
17.269 
17.164 
17.051 
17.064 
16.945 
16.793 
h 
16.221 
16.159 
16.106 
16.075 
16.038 
15.954 
15.837 
15.747 
h 
15.293 
15.179 
15.02 
14.933 
14.911 
14.868 
14.789 
14.678 
h 
14.769 
14.521 
14.473 
14.435 
14.378 
14.299 
14.199 
14.151 
h 
