25.826 
25.652 
25.188 
24.415 
24.001 
23.998 
23.993 
23.988 
h 
23.21 
23.0 
22.777 
22.763 
22.752 
22.727 
22.676 
22.574 
h 
21.065 
21.024 
20.996 
20.953 
20.894 
20.8 
20.674 
20.605 
h 
20.405 
20.387 
20.364 
20.348 
20.322 
20.273 
20.186 
20.062 
h 
19.173 
19.012 
18.928 
18.873 
18.846 
18.856 
18.791 
18.744 
h 
18.46 
18.313 
18.244 
18.228 
18.209 
18.196 
18.175 
18.139 
h 
17.078 
17.009 
16.987 
16.942 
16.85 
16.677 
16.397 
16.095 
h 
15.237 
15.137 
15.117 
15.0 
14.97 
14.918 
14.84 
14.719 
h 
14.317 
14.263 
14.248 
14.232 
14.2 
14.143 
14.037 
13.872 
h 
13.374 
13.304 
13.252 
13.186 
13.099 
12.977 
12.811 
12.62 
h 
