25.17 
25.148 
25.088 
24.987 
24.914 
24.908 
24.895 
24.874 
h 
24.372 
24.331 
24.276 
24.153 
23.906 
23.469 
22.861 
22.5 
h 
21.745 
21.512 
21.172 
20.795 
19.94 
18.773 
17.105 
16.148 
h 
15.987 
15.877 
15.744 
15.686 
15.675 
15.669 
15.663 
15.658 
h 
15.26 
15.238 
15.201 
15.158 
15.104 
15.012 
14.887 
14.707 
h 
13.363 
13.274 
13.168 
13.061 
12.961 
12.787 
12.538 
12.163 
h 
11.745 
11.674 
11.638 
11.6 
11.544 
11.455 
11.358 
11.233 
h 
10.623 
10.605 
10.595 
10.587 
10.576 
10.552 
10.507 
10.433 
h 
9.981 
9.974 
9.959 
9.933 
9.889 
9.835 
9.758 
9.654 
h 
