29.777 
29.477 
28.619 
26.918 
25.236 
25.205 
25.162 
25.115 
h 
22.137 
21.711 
21.644 
21.555 
21.37 
21.009 
20.373 
19.454 
h 
15.57 
15.408 
15.493 
14.932 
14.575 
13.963 
13.121 
12.424 
h 
12.11 
12.092 
12.082 
12.068 
12.038 
11.982 
11.893 
11.746 
h 
11.38 
11.442 
11.332 
11.323 
11.306 
11.28 
11.243 
11.176 
h 
10.476 
10.344 
10.713 
10.276 
10.241 
10.17 
10.035 
9.805 
9.516 
9.417 
9.38 
h 
9.26 
9.245 
9.228 
9.212 
9.185 
9.15 
9.08 
9.0 
h 
8.589 
8.56 
8.512 
8.447 
8.42 
8.371 
8.289 
8.175 
h 
7.715 
7.62 
7.603 
7.601 
7.593 
7.576 
7.543 
7.501 
h 
