26.47 
26.34 
25.98 
25.33 
24.875 
24.86 
24.857 
24.851 
h 
24.434 
24.402 
24.358 
24.264 
24.077 
23.738 
23.242 
22.883 
h 
21.64 
21.411 
21.306 
21.115 
20.835 
20.339 
19.67 
19.234 
h 
18.574 
18.774 
18.581 
18.464 
18.414 
18.359 
18.292 
18.236 
18.217 
18.204 
h 
17.519 
17.462 
17.44 
17.41 
17.364 
17.289 
17.197 
17.123 
h 
15.908 
15.518 
15.437 
15.407 
15.292 
15.148 
14.893 
14.487 
h 
13.84 
13.715 
13.581 
13.466 
13.301 
13.043 
12.752 
12.447 
h 
12.101 
12.011 
12.01 
11.999 
11.981 
11.949 
11.902 
11.838 
h 
11.471 
11.389 
11.337 
11.265 
11.156 
11.001 
10.795 
10.598 
h 
