26.543 
26.431 
26.115 
25.508 
24.897 
24.856 
24.819 
24.801 
h 
23.78 
23.645 
23.568 
23.447 
23.201 
22.763 
22.104 
21.568 
h 
20.501 
20.309 
20.007 
19.685 
19.11 
18.499 
17.852 
17.474 
h 
16.337 
16.351 
16.277 
16.26 
16.228 
16.176 
16.155 
16.064 
h 
15.787 
15.72 
15.634 
15.489 
15.238 
14.869 
14.25 
13.508 
h 
12.439 
12.179 
11.823 
11.7 
11.498 
11.135 
10.592 
10.02 
h 
10.073 
9.601 
9.392 
9.378 
9.36 
9.325 
9.278 
9.218 
h 
8.75 
8.652 
8.585 
8.54 
8.479 
8.439 
8.387 
8.36 
h 
8.069 
7.998 
7.936 
7.899 
7.797 
7.661 
7.483 
7.306 
h 
