26.089 
26.019 
25.833 
25.512 
25.264 
25.253 
25.231 
25.186 
h 
23.277 
23.101 
23.079 
23.038 
22.953 
22.792 
22.517 
22.204 
h 
20.756 
20.536 
20.593 
20.404 
20.022 
19.595 
19.004 
18.642 
h 
17.847 
17.613 
17.525 
17.44 
17.304 
17.107 
16.764 
16.185 
h 
14.266 
14.278 
13.989 
13.836 
13.53 
12.972 
12.165 
11.126 
h 
10.016 
9.871 
9.748 
9.663 
9.473 
9.353 
9.2 
8.987 
h 
8.372 
8.326 
8.299 
8.25 
8.21 
8.18 
8.119 
8.019 
h 
7.375 
7.356 
7.334 
7.296 
7.237 
7.154 
7.015 
6.793 
h 
6.09 
5.933 
5.67 
6.22 
5.529 
5.465 
5.347 
5.14 
4.832 
4.606 
4.549 
4.495 
h 
4.265 
4.244 
4.211 
4.153 
4.064 
3.998 
3.941 
3.888 
h 
3.819 
3.765 
3.694 
3.587 
3.499 
4.089 
3.474 
3.465 
3.45 
3.426 
3.383 
3.323 
3.288 
3.523 
h 
3.215 
3.209 
3.209 
3.2 
3.184 
3.165 
3.125 
3.093 
h 
