33.428 32.986 31.67 28.799 25.043 24.866 24.847 24.845 h 23.377 23.334 23.24 23.106 23.037 22.955 22.8 22.546 h 20.585 20.076 20.05 19.926 19.749 19.59 19.334 19.071 h 18.691 18.668 18.632 18.592 18.584 18.577 18.574 18.572 h 18.259 18.244 18.22 18.186 18.156 18.122 18.063 17.972 h 17.627 17.583 17.549 17.518 17.471 17.39 17.274 17.104 h 
25.481 25.439 25.328 25.139 24.994 24.957 24.9 24.826 h 23.45 23.283 23.248 23.177 23.035 22.771 22.35 21.93 h 21.73 21.54 21.509 21.44 21.299 21.043 20.644 20.116 h 17.797 19.089 17.66 17.59 17.507 17.351 17.1 16.879 16.841 16.806 h 16.545 16.476 16.384 16.346 16.324 16.318 16.31 16.294 h 16.187 16.151 16.105 16.067 16.06 16.032 16.003 15.958 h 15.206 15.183 15.14 15.1 15.075 15.022 14.939 14.794 h 
25.17 25.148 25.088 24.987 24.914 24.908 24.895 24.874 h 24.372 24.331 24.276 24.153 23.906 23.469 22.861 22.5 h 21.745 21.512 21.172 20.795 19.94 18.773 17.105 16.148 h 15.987 15.877 15.744 15.686 15.675 15.669 15.663 15.658 h 15.26 15.238 15.201 15.158 15.104 15.012 14.887 14.707 h 13.363 13.274 13.168 13.061 12.961 12.787 12.538 12.163 h 11.745 11.674 11.638 11.6 11.544 11.455 11.358 11.233 h 10.623 10.605 10.595 10.587 10.576 10.552 10.507 10.433 h 9.981 9.974 9.959 9.933 9.889 9.835 9.758 9.654 h 
25.394 25.387 25.366 25.325 25.259 25.165 25.101 25.023 h 24.279 24.2 24.133 23.904 23.592 23.049 22.306 21.926 h 20.147 19.944 19.784 19.62 19.366 19.079 19.311 18.524 h 18.236 18.229 18.193 18.151 18.079 17.986 17.827 17.664 h 16.593 16.558 16.485 16.345 16.147 15.85 15.358 14.657 h 12.527 12.331 12.264 12.193 12.143 12.08 11.99 11.91 h 11.744 11.727 11.711 11.694 11.67 11.642 11.593 11.528 h 11.277 11.222 11.186 11.156 11.114 11.05 10.976 10.893 h 10.679 10.525 10.285 10.523 10.346 10.007 9.903 9.753 h 
25.033 25.031 25.026 25.016 25.0 24.98 24.971 24.962 h 23.506 23.433 23.331 23.261 23.14 22.907 22.531 22.094 h 20.598 20.161 20.039 19.851 19.675 19.41 19.024 18.749 h 18.622 18.501 18.413 18.263 18.082 18.054 17.695 17.523 h 15.732 15.679 15.558 15.316 14.872 14.225 13.444 12.378 h 11.93 11.894 11.873 11.834 11.771 11.657 11.521 11.427 h 10.629 10.624 10.588 10.574 10.542 10.484 10.388 10.288 h 9.912 9.892 9.867 9.83 9.883 9.747 9.647 9.482 h 
26.089 26.019 25.833 25.512 25.264 25.253 25.231 25.186 h 23.277 23.101 23.079 23.038 22.953 22.792 22.517 22.204 h 20.756 20.536 20.593 20.404 20.022 19.595 19.004 18.642 h 17.847 17.613 17.525 17.44 17.304 17.107 16.764 16.185 h 14.266 14.278 13.989 13.836 13.53 12.972 12.165 11.126 h 10.016 9.871 9.748 9.663 9.473 9.353 9.2 8.987 h 8.372 8.326 8.299 8.25 8.21 8.18 8.119 8.019 h 7.375 7.356 7.334 7.296 7.237 7.154 7.015 6.793 h 6.09 5.933 5.67 6.22 5.529 5.465 5.347 5.14 4.832 4.606 4.549 4.495 h 4.265 4.244 4.211 4.153 4.064 3.998 3.941 3.888 h 3.819 3.765 3.694 3.587 3.499 4.089 3.474 3.465 3.45 3.426 3.383 3.323 3.288 3.523 h 3.215 3.209 3.209 3.2 3.184 3.165 3.125 3.093 h 
25.457 25.455 25.449 25.436 25.41 25.365 25.312 25.263 h 24.417 24.355 24.278 24.144 23.877 23.4 22.679 22.065 h 21.197 20.975 21.177 20.383 19.937 19.126 18.03 17.273 h 16.618 16.29 16.102 16.004 15.929 15.846 15.766 15.709 h 15.546 15.546 15.524 15.509 15.481 15.423 15.313 15.12 h 14.167 14.597 14.072 14.026 13.934 13.765 13.56 13.197 13.079 13.045 h 
24.986 24.984 24.98 24.972 24.962 24.953 24.946 24.936 h 23.733 23.535 23.269 23.186 23.112 22.959 22.667 22.159 h 19.826 20.247 19.7 19.599 19.395 19.026 18.477 18.013 17.961 17.929 h 17.414 17.327 17.309 17.284 17.242 17.185 17.187 17.15 h 17.041 16.989 16.936 16.909 16.865 16.808 16.804 16.742 h 16.291 16.228 16.138 16.036 16.022 15.994 15.945 15.857 h 
34.22 33.779 32.463 29.556 25.521 25.209 25.171 25.147 h 23.833 23.679 23.558 23.513 23.418 23.238 22.938 22.559 h 22.31 22.339 22.051 21.907 21.639 21.134 20.266 19.127 h 17.852 19.283 17.556 17.284 17.044 16.599 15.911 15.278 15.166 15.138 h 14.675 14.632 14.612 14.577 14.528 14.498 14.455 14.397 h 14.012 13.984 13.954 13.939 13.932 13.923 13.909 13.886 h 13.809 13.686 13.605 13.572 13.558 13.548 13.543 13.535 h 
26.543 26.431 26.115 25.508 24.897 24.856 24.819 24.801 h 23.78 23.645 23.568 23.447 23.201 22.763 22.104 21.568 h 20.501 20.309 20.007 19.685 19.11 18.499 17.852 17.474 h 16.337 16.351 16.277 16.26 16.228 16.176 16.155 16.064 h 15.787 15.72 15.634 15.489 15.238 14.869 14.25 13.508 h 12.439 12.179 11.823 11.7 11.498 11.135 10.592 10.02 h 10.073 9.601 9.392 9.378 9.36 9.325 9.278 9.218 h 8.75 8.652 8.585 8.54 8.479 8.439 8.387 8.36 h 8.069 7.998 7.936 7.899 7.797 7.661 7.483 7.306 h 
29.777 29.477 28.619 26.918 25.236 25.205 25.162 25.115 h 22.137 21.711 21.644 21.555 21.37 21.009 20.373 19.454 h 15.57 15.408 15.493 14.932 14.575 13.963 13.121 12.424 h 12.11 12.092 12.082 12.068 12.038 11.982 11.893 11.746 h 11.38 11.442 11.332 11.323 11.306 11.28 11.243 11.176 h 10.476 10.344 10.713 10.276 10.241 10.17 10.035 9.805 9.516 9.417 9.38 h 9.26 9.245 9.228 9.212 9.185 9.15 9.08 9.0 h 8.589 8.56 8.512 8.447 8.42 8.371 8.289 8.175 h 7.715 7.62 7.603 7.601 7.593 7.576 7.543 7.501 h 
27.086 26.96 26.61 25.965 25.391 25.344 25.259 25.13 h 24.788 24.754 24.57 24.372 24.041 23.482 22.805 22.634 h 20.434 20.242 20.081 19.935 19.661 19.192 18.521 18.103 h 18.021 18.007 17.996 17.977 17.946 17.895 17.817 17.708 h 16.824 16.774 16.732 16.648 16.478 16.161 15.664 15.479 h 14.572 14.464 14.437 14.43 14.421 14.405 14.375 14.311 h 
37.063 36.263 33.906 28.999 23.975 23.891 23.841 23.767 h 22.191 22.128 22.089 22.021 21.881 21.606 21.123 20.457 h 19.396 19.239 19.04 18.866 18.576 18.08 17.363 16.833 h 16.343 16.269 16.177 16.13 16.085 16.045 15.999 15.92 h 14.752 14.326 14.249 14.207 14.155 14.046 13.849 13.517 h 12.949 12.598 12.348 12.204 12.032 11.838 11.543 11.114 h 10.647 10.568 10.512 10.466 10.431 10.366 10.267 10.3 h 10.029 9.954 9.904 9.881 9.835 9.758 9.654 9.532 h 9.315 9.129 9.105 9.065 8.999 8.894 8.749 8.611 h 
27.302 27.077 26.466 25.403 24.713 24.706 24.699 24.694 h 23.353 23.198 22.999 22.931 22.871 22.746 22.499 22.039 h 20.154 20.563 19.813 19.63 19.293 18.713 17.954 17.66 17.696 17.522 h 17.104 17.102 17.089 17.063 17.019 16.935 16.783 16.568 h 15.966 15.864 15.796 15.711 15.563 15.326 15.013 15.002 h 14.648 14.58 14.512 14.372 14.111 13.694 13.147 12.715 h 12.078 11.919 11.868 11.858 11.827 11.767 11.658 11.488 h 11.266 11.182 11.11 11.066 11.003 10.895 10.73 10.503 h 10.084 10.059 10.039 10.012 9.99 9.973 9.941 9.909 h 
25.91 25.83 25.613 25.237 25.004 24.998 24.993 24.99 h 23.714 23.616 23.492 23.432 23.328 23.121 22.744 22.159 h 20.727 21.418 20.503 20.371 20.161 19.922 19.663 19.512 19.289 19.009 h 18.845 18.676 18.601 18.589 18.563 18.51 18.41 18.234 h 
26.104 25.977 25.637 25.068 24.746 24.739 24.728 24.713 h 23.025 22.864 22.659 22.596 22.535 22.41 22.165 21.723 h 19.571 20.173 19.293 19.18 18.978 18.641 18.156 17.667 17.622 17.64 h 17.321 17.313 17.309 17.304 17.295 17.278 17.248 17.201 h 17.243 16.919 16.526 16.459 16.454 16.444 16.426 16.398 h 16.107 16.008 15.909 15.919 15.849 15.799 15.728 15.617 h 
25.728 25.681 25.554 25.336 25.184 25.165 25.131 25.078 h 23.814 23.373 23.277 23.242 23.178 23.066 22.887 22.564 h 20.904 20.864 20.104 19.999 19.868 19.818 19.724 19.607 h 18.661 18.592 18.553 18.497 18.425 18.34 18.224 18.095 h 
26.332 26.261 26.067 25.723 25.445 25.394 25.314 25.229 h 23.649 23.658 23.502 23.397 23.185 22.8 22.235 21.825 h 20.7 20.558 20.364 20.103 19.652 18.951 18.2 18.0 h 17.315 17.277 17.219 17.116 16.959 16.782 16.554 16.458 h 15.433 15.351 15.282 15.258 15.224 15.153 15.037 14.842 h 14.564 14.502 14.435 14.39 14.313 14.21 14.112 14.147 h 
37.819 37.327 35.822 32.253 26.07 25.227 24.737 24.733 h 24.512 24.494 24.456 24.371 24.203 23.906 23.497 23.29 h 21.042 20.893 20.801 20.691 20.492 20.2 20.146 19.819 h 19.574 19.548 19.501 19.43 19.362 19.326 19.302 19.296 h 
24.988 24.982 24.966 24.939 24.92 24.915 24.907 24.9 h 24.762 24.743 24.694 24.586 24.37 23.988 23.458 23.156 h 22.73 22.546 22.304 22.1 21.567 20.835 19.784 19.177 h 18.986 18.913 18.862 18.757 18.566 18.266 17.848 17.559 h 17.312 17.246 17.195 17.109 17.011 16.826 16.491 15.977 h 14.733 14.809 14.696 14.693 14.688 14.68 14.657 14.606 h 
