28.705 
28.43 
27.662 
26.223 
25.036 
25.018 
24.993 
24.971 
h 
24.265 
24.231 
24.143 
23.961 
23.601 
22.977 
22.196 
22.011 
h 
20.224 
19.761 
19.515 
19.362 
19.057 
18.504 
17.659 
16.877 
h 
15.979 
15.686 
15.626 
15.538 
15.436 
15.391 
15.268 
15.127 
h 
14.928 
14.805 
14.756 
14.59 
14.37 
13.974 
13.251 
12.126 
h 
10.74 
10.3 
10.702 
9.983 
9.863 
9.661 
9.402 
9.114 
h 
8.441 
8.427 
8.41 
8.39 
8.349 
8.312 
8.238 
8.227 
h 
7.908 
7.895 
7.888 
7.87 
7.837 
7.788 
7.729 
7.705 
h 
7.224 
7.135 
7.138 
7.095 
7.086 
7.084 
7.078 
7.072 
h 
