32.888 
32.454 
31.183 
28.502 
25.28 
25.154 
25.126 
25.076 
h 
23.257 
22.977 
22.935 
22.855 
22.701 
22.408 
21.872 
20.997 
h 
19.711 
21.383 
22.971 
18.695 
18.576 
18.53 
18.465 
18.355 
18.159 
17.859 
17.585 
h 
17.206 
17.731 
17.2 
17.153 
17.096 
17.026 
16.905 
16.74 
16.669 
16.659 
h 
16.365 
16.329 
16.307 
16.276 
16.209 
16.076 
15.846 
15.465 
h 
13.763 
13.71 
13.619 
13.524 
13.376 
13.161 
12.842 
12.414 
h 
11.886 
11.874 
11.858 
11.847 
11.724 
11.654 
11.526 
11.316 
h 
10.593 
10.558 
10.456 
10.366 
10.26 
10.081 
9.879 
9.942 
h 
9.314 
8.94 
8.882 
8.837 
8.828 
8.763 
8.626 
8.487 
h 
