27.302 
27.077 
26.466 
25.403 
24.713 
24.706 
24.699 
24.694 
h 
23.353 
23.198 
22.999 
22.931 
22.871 
22.746 
22.499 
22.039 
h 
20.154 
20.563 
19.813 
19.63 
19.293 
18.713 
17.954 
17.66 
17.696 
17.522 
h 
17.104 
17.102 
17.089 
17.063 
17.019 
16.935 
16.783 
16.568 
h 
15.966 
15.864 
15.796 
15.711 
15.563 
15.326 
15.013 
15.002 
h 
14.648 
14.58 
14.512 
14.372 
14.111 
13.694 
13.147 
12.715 
h 
12.078 
11.919 
11.868 
11.858 
11.827 
11.767 
11.658 
11.488 
h 
11.266 
11.182 
11.11 
11.066 
11.003 
10.895 
10.73 
10.503 
h 
10.084 
10.059 
10.039 
10.012 
9.99 
9.973 
9.941 
9.909 
h 
