25.033 
25.031 
25.026 
25.016 
25.0 
24.98 
24.971 
24.962 
h 
23.506 
23.433 
23.331 
23.261 
23.14 
22.907 
22.531 
22.094 
h 
20.598 
20.161 
20.039 
19.851 
19.675 
19.41 
19.024 
18.749 
h 
18.622 
18.501 
18.413 
18.263 
18.082 
18.054 
17.695 
17.523 
h 
15.732 
15.679 
15.558 
15.316 
14.872 
14.225 
13.444 
12.378 
h 
11.93 
11.894 
11.873 
11.834 
11.771 
11.657 
11.521 
11.427 
h 
10.629 
10.624 
10.588 
10.574 
10.542 
10.484 
10.388 
10.288 
h 
9.912 
9.892 
9.867 
9.83 
9.883 
9.747 
9.647 
9.482 
h 
