37.063 
36.263 
33.906 
28.999 
23.975 
23.891 
23.841 
23.767 
h 
22.191 
22.128 
22.089 
22.021 
21.881 
21.606 
21.123 
20.457 
h 
19.396 
19.239 
19.04 
18.866 
18.576 
18.08 
17.363 
16.833 
h 
16.343 
16.269 
16.177 
16.13 
16.085 
16.045 
15.999 
15.92 
h 
14.752 
14.326 
14.249 
14.207 
14.155 
14.046 
13.849 
13.517 
h 
12.949 
12.598 
12.348 
12.204 
12.032 
11.838 
11.543 
11.114 
h 
10.647 
10.568 
10.512 
10.466 
10.431 
10.366 
10.267 
10.3 
h 
10.029 
9.954 
9.904 
9.881 
9.835 
9.758 
9.654 
9.532 
h 
9.315 
9.129 
9.105 
9.065 
8.999 
8.894 
8.749 
8.611 
h 
