26.001 
25.913 
25.678 
25.282 
25.045 
25.029 
24.999 
24.949 
h 
24.407 
24.257 
24.168 
24.003 
23.655 
22.978 
21.802 
20.277 
h 
18.785 
21.256 
18.35 
18.065 
17.657 
16.907 
15.673 
14.283 
13.95 
13.912 
h 
13.156 
13.046 
12.988 
12.968 
12.932 
12.878 
12.809 
12.69 
h 
11.795 
11.672 
11.462 
11.31 
11.039 
10.689 
10.07 
9.136 
h 
8.001 
7.963 
7.941 
7.925 
7.886 
7.82 
7.712 
7.587 
h 
6.773 
6.744 
6.715 
6.694 
6.653 
6.577 
6.448 
6.367 
h 
5.648 
5.536 
5.543 
5.529 
5.513 
5.494 
5.476 
5.449 
h 
5.075 
5.081 
5.066 
5.034 
4.998 
4.925 
4.792 
4.575 
h 
4.087 
3.839 
3.49 
3.363 
3.283 
3.228 
3.17 
3.085 
h 
2.895 
2.822 
2.82 
2.796 
2.759 
2.706 
2.769 
2.644 
h 
2.379 
2.307 
2.26 
2.234 
2.195 
2.158 
2.157 
2.11 
h 
1.703 
1.685 
1.667 
1.663 
1.633 
1.588 
1.541 
1.461 
h 
1.189 
1.176 
1.149 
1.123 
1.091 
1.045 
0.994 
0.984 
h 
1.042 
0.87 
0.864 
0.855 
0.839 
0.813 
0.779 
0.759 
h 
0.908 
0.672 
0.705 
0.653 
0.651 
0.648 
0.645 
0.642 
h 
0.519 
0.52 
0.515 
0.513 
0.511 
0.507 
0.499 
0.482 
h 
0.339 
0.295 
