30.592 
30.265 
29.323 
27.408 
25.317 
25.261 
25.235 
25.188 
25.113 
25.117 
25.062 
25.048 
25.042 
25.036 
25.027 
25.017 
25.015 
25.013 
25.011 
h 
22.477 
22.413 
22.266 
22.065 
21.857 
21.542 
20.969 
19.95 
19.221 
18.705 
18.525 
18.205 
17.704 
16.858 
16.228 
20.732 
15.429 
15.278 
15.234 
15.154 
15.021 
14.82 
14.535 
14.12 
14.928 
14.119 
13.699 
13.673 
13.643 
13.587 
13.494 
13.368 
13.618 
13.879 
13.127 
13.12 
13.113 
13.1 
13.078 
13.048 
13.014 
12.965 
12.893 
12.83 
12.919 
12.799 
12.793 
12.782 
12.764 
12.745 
12.723 
12.714 
h 
12.346 
12.317 
12.314 
12.308 
12.295 
12.268 
12.219 
12.133 
12.006 
11.997 
12.291 
11.905 
11.905 
11.906 
11.905 
11.905 
11.907 
11.901 
11.9 
11.898 
h 
11.203 
11.175 
11.138 
11.103 
11.038 
10.92 
10.69 
10.268 
9.561 
8.717 
9.786 
8.496 
8.349 
8.336 
8.306 
8.244 
8.134 
7.972 
7.828 
7.729 
7.709 
7.688 
7.665 
7.624 
7.545 
7.392 
7.123 
6.678 
6.134 
6.494 
15.208 
5.996 
5.97 
5.931 
5.885 
5.93 
5.816 
5.759 
5.709 
5.661 
5.646 
5.628 
5.603 
5.563 
5.667 
5.536 
5.523 
5.504 
5.471 
5.427 
5.382 
5.472 
5.37 
5.363 
5.351 
5.339 
5.318 
5.284 
5.253 
5.622 
5.218 
5.214 
5.208 
5.194 
5.169 
5.142 
5.148 
5.119 
5.111 
5.108 
5.106 
5.105 
5.106 
5.102 
h 
4.771 
4.751 
4.744 
4.738 
4.727 
4.704 
4.661 
4.584 
4.462 
4.273 
4.264 
4.387 
4.113 
4.097 
4.075 
4.051 
4.017 
3.983 
3.978 
3.894 
3.857 
3.832 
3.807 
3.765 
3.695 
3.629 
3.6 
3.559 
3.541 
3.527 
3.503 
3.466 
3.421 
3.384 
3.378 
3.357 
3.302 
3.299 
3.294 
3.291 
3.283 
3.27 
3.256 
3.239 
3.252 
3.321 
3.23 
3.223 
3.21 
3.191 
3.173 
3.16 
3.158 
3.154 
3.148 
3.146 
3.141 
3.139 
3.136 
3.131 
3.122 
3.107 
3.089 
3.101 
3.079 
3.077 
3.073 
3.066 
3.058 
3.053 
3.059 
3.039 
3.034 
3.027 
3.025 
3.018 
3.008 
2.994 
2.969 
3.018 
2.978 
2.961 
2.959 
2.957 
2.956 
2.957 
2.953 
2.95 
2.944 
2.935 
h 
2.406 
2.386 
2.357 
2.344 
2.328 
2.304 
2.268 
2.197 
2.071 
1.863 
1.618 
1.421 
1.423 
1.355 
1.302 
1.273 
1.254 
1.252 
1.245 
1.24 
1.232 
1.219 
1.205 
1.193 
1.212 
1.188 
1.185 
1.181 
1.176 
1.167 
1.172 
1.17 
1.16 
1.158 
1.154 
1.149 
1.149 
1.144 
1.143 
1.139 
1.134 
1.129 
1.144 
1.124 
1.122 
1.12 
1.117 
1.113 
1.11 
1.107 
1.1 
1.09 
1.094 
1.087 
1.083 
1.082 
1.081 
1.078 
1.072 
1.066 
1.066 
1.062 
1.06 
1.057 
1.054 
1.051 
1.045 
1.044 
1.037 
1.033 
1.032 
1.029 
1.025 
1.024 
1.021 
1.019 
1.016 
1.009 
1.007 
1.015 
1.003 
1.003 
1.002 
0.999 
0.995 
0.988 
0.98 
0.982 
0.975 
0.974 
0.973 
0.971 
0.967 
0.965 
0.963 
0.961 
0.959 
0.957 
0.955 
0.954 
h 
0.782 
0.782 
0.78 
0.778 
0.773 
0.765 
0.772 
0.748 
0.726 
0.687 
0.619 
0.523 
