25.711 
25.647 
25.475 
25.18 
24.994 
24.986 
24.976 
24.963 
24.95 
24.938 
24.932 
24.93 
h 
24.767 
24.729 
24.631 
24.405 
23.942 
23.078 
21.987 
21.514 
21.033 
20.305 
19.623 
20.121 
19.271 
19.179 
18.995 
18.64 
17.998 
17.8 
19.942 
17.113 
17.057 
16.985 
16.868 
16.694 
16.389 
15.901 
15.481 
21.273 
15.246 
15.198 
15.167 
15.112 
15.028 
14.89 
14.839 
15.141 
14.74 
14.732 
14.716 
14.686 
14.679 
14.654 
14.647 
14.638 
14.619 
h 
13.987 
13.966 
13.92 
13.855 
13.725 
13.478 
13.06 
12.528 
12.121 
11.974 
11.817 
11.639 
11.59 
11.502 
11.32 
11.008 
10.809 
10.852 
10.6 
10.559 
10.501 
10.413 
10.256 
10.035 
10.289 
9.891 
9.856 
9.824 
9.771 
9.713 
9.635 
9.523 
9.387 
9.322 
9.253 
9.241 
9.22 
9.199 
9.163 
9.096 
8.99 
8.916 
9.576 
8.88 
8.875 
8.866 
8.85 
8.824 
8.787 
8.75 
8.699 
8.7 
8.683 
8.674 
8.661 
8.66 
8.661 
8.658 
8.652 
8.641 
8.621 
h 
8.466 
8.452 
8.447 
8.44 
8.426 
8.4 
8.355 
8.288 
8.226 
8.202 
8.168 
8.147 
8.237 
8.117 
8.111 
8.11 
8.107 
8.104 
8.102 
8.097 
8.103 
8.091 
h 
8.045 
8.045 
8.043 
8.035 
8.019 
7.995 
7.944 
7.863 
7.743 
7.662 
7.655 
7.644 
7.673 
7.644 
7.64 
7.634 
7.632 
7.626 
h 
7.048 
7.037 
7.028 
7.013 
6.977 
6.908 
6.792 
6.572 
6.207 
5.839 
5.688 
5.568 
5.471 
5.274 
5.2 
5.12 
5.096 
5.075 
5.055 
5.029 
5.001 
4.96 
4.896 
4.851 
4.823 
4.811 
4.777 
4.75 
4.734 
4.711 
4.685 
4.647 
4.636 
4.671 
4.61 
4.605 
4.597 
4.597 
4.593 
4.584 
4.569 
4.56 
4.547 
4.526 
4.527 
4.513 
4.514 
4.512 
4.51 
4.5 
4.491 
4.482 
h 
4.206 
4.208 
4.188 
4.168 
4.144 
4.127 
4.09 
4.04 
3.958 
3.859 
3.804 
3.71 
3.599 
3.512 
3.493 
3.412 
3.39 
3.392 
3.375 
3.361 
3.342 
3.332 
3.309 
3.296 
3.285 
3.266 
3.24 
3.259 
3.229 
3.22 
3.209 
3.2 
3.189 
3.166 
3.133 
3.234 
3.125 
3.119 
3.112 
3.099 
3.086 
3.074 
3.058 
3.089 
3.094 
3.025 
3.02 
3.015 
3.01 
3.0 
2.982 
2.946 
2.891 
3.048 
3.635 
2.874 
2.856 
2.846 
2.842 
2.836 
2.832 
2.831 
2.83 
2.827 
2.818 
2.807 
2.791 
2.826 
2.789 
2.788 
2.786 
2.781 
2.776 
2.766 
2.747 
2.723 
3.08 
2.702 
2.689 
2.685 
2.68 
2.678 
2.678 
2.674 
2.666 
2.655 
2.64 
2.657 
2.624 
2.619 
2.618 
2.617 
2.614 
2.605 
2.607 
2.605 
2.603 
2.601 
2.596 
2.605 
h 
2.439 
2.423 
2.414 
2.402 
2.387 
2.377 
2.366 
2.349 
2.33 
2.297 
2.245 
2.2 
2.184 
2.17 
2.153 
2.13 
2.108 
2.091 
2.082 
2.065 
2.045 
2.024 
2.005 
1.976 
1.944 
2.048 
1.929 
1.917 
1.909 
1.904 
1.898 
1.892 
1.891 
1.882 
1.873 
1.865 
1.86 
1.856 
1.85 
1.843 
1.844 
1.884 
1.828 
1.819 
1.81 
1.807 
1.8 
1.787 
1.784 
1.776 
1.772 
1.764 
1.758 
1.756 
1.751 
1.748 
1.745 
1.739 
1.734 
1.73 
1.723 
1.723 
1.718 
1.711 
1.705 
1.699 
1.69 
1.682 
1.675 
1.672 
1.669 
1.665 
1.658 
1.648 
1.665 
1.672 
1.623 
1.617 
1.61 
1.605 
1.595 
1.585 
1.598 
1.575 
1.572 
1.575 
1.571 
1.567 
1.561 
1.554 
1.557 
1.554 
1.552 
1.548 
1.543 
1.543 
1.54 
1.537 
1.53 
1.524 
h 
1.431 
1.367 
1.342 
1.327 
1.323 
1.317 
1.313 
1.301 
1.287 
1.277 
1.257 
1.228 
1.19 
1.174 
1.171 
1.164 
1.15 
1.129 
1.093 
1.073 
1.051 
1.045 
1.037 
1.035 
1.03 
1.028 
1.021 
1.01 
0.987 
0.947 
0.933 
