28.038 
27.803 
27.155 
25.985 
25.201 
25.166 
25.149 
25.123 
25.098 
25.061 
25.058 
25.042 
25.039 
h 
23.688 
23.591 
23.466 
23.301 
22.967 
22.362 
21.483 
20.864 
20.31 
19.743 
19.339 
19.038 
18.754 
18.29 
17.842 
19.832 
17.585 
17.54 
17.449 
17.278 
16.958 
16.516 
17.535 
16.268 
16.173 
16.041 
15.925 
15.841 
15.716 
15.524 
15.422 
15.349 
15.296 
15.208 
15.117 
15.055 
14.936 
14.728 
14.662 
15.139 
14.469 
14.453 
14.423 
14.371 
14.33 
14.324 
14.278 
14.263 
14.241 
14.208 
14.179 
14.154 
14.111 
14.044 
13.994 
14.06 
13.96 
13.956 
13.948 
13.935 
13.913 
13.872 
13.829 
14.066 
13.786 
13.779 
13.764 
13.734 
13.678 
13.574 
13.432 
14.27 
13.402 
13.378 
13.376 
13.374 
13.368 
13.358 
13.339 
13.31 
13.363 
h 
13.72 
13.367 
13.109 
13.105 
13.099 
13.092 
13.083 
13.069 
13.058 
13.052 
13.05 
h 
11.817 
11.773 
11.697 
11.606 
11.528 
11.394 
11.135 
10.666 
9.935 
9.171 
9.298 
8.681 
8.526 
8.482 
8.419 
8.301 
8.119 
7.943 
7.774 
7.627 
7.52 
7.436 
7.315 
7.196 
7.148 
7.124 
7.1 
7.071 
7.05 
7.01 
6.935 
6.809 
6.647 
7.614 
6.586 
6.566 
6.541 
6.521 
6.501 
6.465 
6.439 
6.415 
6.406 
6.4 
6.391 
6.374 
6.342 
6.281 
6.189 
6.513 
6.157 
6.154 
6.148 
6.14 
6.13 
6.115 
6.091 
6.057 
6.048 
6.05 
6.049 
6.047 
6.043 
6.037 
6.03 
6.017 
5.997 
5.982 
5.951 
5.942 
5.937 
5.932 
5.919 
5.9 
5.893 
5.886 
5.871 
5.841 
5.819 
5.834 
5.797 
5.795 
5.791 
5.786 
5.775 
5.758 
5.727 
5.668 
5.642 
6.756 
5.579 
5.577 
5.573 
5.564 
5.547 
5.544 
5.53 
5.528 
5.527 
h 
5.32 
5.296 
5.292 
5.289 
5.284 
5.275 
5.258 
5.221 
5.178 
5.13 
5.093 
5.052 
5.032 
5.013 
5.003 
4.991 
4.978 
4.983 
5.009 
4.975 
4.975 
4.974 
4.974 
4.974 
4.973 
h 
4.811 
4.814 
4.803 
4.792 
4.771 
4.737 
4.672 
4.545 
4.333 
4.102 
4.068 
4.047 
4.04 
4.027 
4.008 
3.981 
3.948 
3.914 
3.915 
3.88 
3.87 
3.867 
3.862 
3.848 
3.839 
3.84 
3.837 
3.83 
3.818 
3.808 
3.792 
3.862 
3.786 
3.782 
3.78 
3.777 
3.774 
3.769 
3.789 
3.771 
3.77 
h 
3.523 
3.507 
3.492 
3.482 
3.485 
3.461 
3.432 
3.378 
3.287 
3.176 
3.12 
3.038 
2.955 
3.102 
2.925 
2.919 
2.908 
2.889 
2.869 
2.832 
2.784 
2.779 
2.777 
2.73 
2.724 
2.716 
2.704 
2.682 
2.641 
2.589 
2.986 
2.721 
2.575 
2.551 
2.543 
2.541 
2.538 
2.535 
2.529 
2.52 
2.501 
2.529 
2.509 
2.496 
2.492 
2.486 
2.475 
2.455 
2.472 
2.445 
2.444 
2.442 
2.439 
2.432 
2.421 
2.401 
2.402 
2.383 
2.376 
2.374 
2.371 
2.361 
2.353 
2.347 
2.338 
2.32 
2.285 
2.283 
2.429 
2.232 
2.226 
2.222 
2.22 
2.216 
2.211 
2.199 
2.195 
2.185 
2.18 
2.168 
2.146 
2.104 
2.072 
3.883 
2.041 
2.027 
2.023 
2.017 
2.008 
1.994 
1.991 
2.032 
1.968 
1.961 
1.955 
1.948 
1.951 
1.947 
1.942 
1.937 
h 
1.636 
1.632 
1.629 
1.628 
1.624 
1.616 
1.598 
1.567 
1.508 
1.406 
1.277 
1.257 
1.25 
1.223 
1.203 
1.181 
1.166 
1.168 
1.152 
1.145 
1.137 
1.126 
1.113 
1.097 
1.081 
1.093 
1.063 
1.056 
1.052 
1.047 
1.041 
1.038 
1.033 
1.028 
1.02 
1.026 
1.015 
1.01 
1.005 
1.001 
1.0 
0.997 
0.997 
0.994 
0.994 
0.992 
0.989 
0.989 
0.988 
0.987 
0.986 
0.985 
0.983 
0.979 
0.98 
0.98 
0.979 
0.977 
0.975 
0.974 
0.974 
0.971 
h 
0.954 
0.953 
0.954 
0.954 
0.954 
0.953 
0.952 
0.947 
h 
0.897 
0.894 
0.89 
0.885 
0.885 
0.883 
0.879 
0.873 
0.87 
0.867 
0.864 
0.858 
0.857 
0.852 
0.851 
0.848 
0.846 
0.843 
0.843 
0.841 
0.84 
0.839 
0.838 
0.836 
0.833 
0.833 
0.858 
0.827 
0.828 
0.828 
0.827 
0.827 
0.827 
0.826 
0.826 
0.824 
h 
0.762 
0.762 
0.758 
0.757 
0.756 
0.755 
0.751 
0.745 
0.733 
0.717 
0.832 
0.675 
0.657 
0.652 
0.645 
0.638 
0.624 
0.613 
0.606 
0.596 
0.585 
0.575 
0.58 
0.57 
0.569 
0.568 
0.565 
0.561 
0.557 
0.554 
0.548 
0.538 
0.521 
0.52 
0.519 
0.499 
0.496 
0.493 
0.489 
0.48 
0.465 
0.444 
0.63 
0.447 
0.444 
0.444 
0.443 
0.442 
0.44 
0.435 
0.429 
0.428 
0.423 
0.422 
0.422 
0.42 
0.418 
0.414 
0.407 
0.393 
0.43 
0.601 
0.375 
0.37 
0.367 
0.366 
0.365 
0.363 
0.359 
0.352 
0.348 
0.343 
0.342 
0.34 
0.339 
0.337 
0.333 
0.325 
