35.011 
34.568 
33.232 
30.203 
25.628 
25.174 
25.082 
25.074 
25.06 
25.044 
25.035 
25.02 
25.012 
25.01 
h 
22.697 
22.602 
22.413 
22.201 
22.009 
21.643 
21.019 
20.216 
19.614 
19.077 
18.276 
18.983 
18.666 
17.531 
17.449 
17.398 
17.29 
17.076 
16.67 
15.961 
14.929 
26.715 
14.71 
14.761 
14.679 
14.665 
14.645 
14.625 
14.596 
14.539 
14.43 
14.236 
13.957 
16.737 
14.077 
13.867 
13.866 
13.864 
13.86 
13.854 
13.842 
13.82 
13.828 
13.815 
h 
13.63 
13.618 
13.585 
13.513 
13.365 
13.075 
12.547 
11.682 
11.068 
17.396 
10.678 
10.632 
10.616 
10.583 
10.523 
10.43 
10.267 
9.979 
9.489 
11.758 
9.723 
8.787 
8.759 
8.719 
8.641 
8.586 
8.487 
8.405 
8.519 
8.32 
8.311 
8.296 
8.278 
8.231 
8.232 
8.228 
8.227 
8.217 
8.199 
8.167 
8.133 
8.106 
8.25 
8.089 
8.045 
8.045 
8.045 
8.031 
8.028 
8.024 
8.023 
8.025 
h 
8.466 
8.167 
7.936 
7.931 
7.925 
7.918 
7.914 
7.908 
7.888 
7.857 
7.822 
7.797 
7.902 
7.773 
7.767 
7.756 
7.76 
7.754 
7.743 
7.721 
7.719 
7.686 
7.692 
7.693 
7.693 
7.694 
7.678 
7.673 
7.671 
7.667 
h 
7.319 
7.331 
7.317 
7.311 
7.3 
7.277 
7.235 
7.169 
7.077 
6.95 
6.859 
6.776 
6.819 
6.738 
6.723 
6.696 
6.655 
6.607 
6.574 
6.556 
6.535 
6.524 
6.513 
6.492 
6.449 
6.37 
6.243 
6.467 
6.196 
6.189 
6.175 
6.15 
6.095 
5.992 
6.002 
6.145 
5.859 
5.846 
5.843 
5.836 
5.823 
5.804 
5.793 
5.782 
5.771 
5.762 
5.752 
5.738 
5.711 
5.663 
5.76 
5.654 
5.651 
5.647 
5.637 
5.618 
5.582 
5.566 
5.554 
5.533 
5.53 
5.524 
5.512 
5.496 
5.477 
5.444 
5.414 
5.414 
5.391 
5.388 
5.382 
5.375 
5.36 
5.344 
5.314 
5.345 
5.301 
5.298 
5.298 
5.298 
5.296 
5.293 
5.287 
h 
5.198 
5.189 
5.189 
5.169 
5.155 
5.126 
5.071 
4.972 
4.823 
4.786 
4.727 
4.715 
4.694 
4.66 
4.674 
4.642 
4.633 
4.628 
4.62 
4.605 
4.584 
4.544 
4.479 
4.43 
4.853 
4.394 
4.391 
4.387 
4.379 
4.37 
4.365 
4.358 
4.352 
4.342 
4.337 
4.332 
4.325 
4.315 
4.312 
4.309 
4.305 
4.296 
4.28 
4.272 
4.269 
4.258 
4.255 
4.251 
4.243 
4.23 
4.234 
4.225 
4.223 
4.221 
4.216 
4.212 
h 
4.083 
4.079 
4.071 
4.061 
4.05 
4.035 
4.006 
3.952 
3.858 
3.72 
3.585 
3.46 
3.514 
3.406 
3.386 
3.382 
3.378 
3.368 
3.35 
3.317 
3.274 
3.438 
3.277 
3.235 
3.234 
3.23 
3.223 
3.208 
3.179 
3.126 
3.161 
3.096 
3.079 
3.075 
3.067 
3.05 
3.024 
2.999 
2.974 
2.968 
2.945 
2.942 
2.935 
2.923 
2.903 
2.877 
2.876 
2.858 
2.856 
2.851 
2.843 
2.828 
2.824 
2.819 
2.802 
2.797 
2.791 
2.789 
2.783 
2.774 
2.756 
2.722 
2.871 
2.707 
2.702 
2.702 
2.701 
2.7 
2.697 
2.692 
2.68 
2.702 
h 
2.501 
2.484 
2.472 
2.474 
2.475 
2.471 
2.461 
2.446 
2.419 
2.37 
2.292 
2.218 
2.157 
2.15 
2.674 
2.042 
2.033 
2.021 
2.006 
1.985 
2.028 
1.991 
1.953 
1.953 
1.95 
1.944 
1.932 
1.907 
1.898 
1.878 
1.884 
1.879 
1.872 
1.87 
1.868 
1.86 
1.848 
1.834 
2.651 
1.828 
1.831 
1.831 
1.831 
1.827 
1.823 
1.818 
1.813 
1.806 
1.793 
1.769 
1.901 
1.77 
1.754 
1.755 
1.754 
1.753 
1.752 
1.744 
1.747 
1.746 
1.745 
1.742 
1.736 
1.725 
1.713 
1.834 
1.71 
1.71 
1.709 
1.709 
1.709 
1.708 
1.704 
1.719 
1.706 
h 
1.609 
1.61 
1.611 
1.609 
1.604 
1.596 
1.579 
1.581 
1.532 
1.474 
1.381 
1.281 
1.272 
1.255 
1.27 
1.242 
1.23 
1.209 
1.186 
1.204 
1.173 
1.176 
1.171 
1.163 
1.16 
1.154 
1.209 
1.163 
1.163 
1.164 
1.165 
1.128 
1.147 
1.151 
1.157 
1.144 
1.135 
1.131 
1.131 
1.13 
1.196 
1.138 
1.132 
1.14 
1.149 
1.143 
1.135 
1.133 
1.133 
1.133 
h 
1.11 
1.117 
1.109 
1.677 
1.131 
1.129 
1.136 
1.135 
1.128 
1.116 
1.095 
1.067 
1.052 
1.001 
0.954 
0.78 
0.735 
0.62 
0.566 
0.544 
0.548 
0.537 
0.522 
0.52 
0.522 
0.522 
0.518 
0.512 
0.506 
0.506 
0.506 
0.506 
0.508 
0.509 
0.508 
0.506 
0.5 
0.494 
0.493 
0.49 
0.491 
0.487 
0.485 
0.485 
0.485 
0.484 
0.483 
0.481 
0.478 
0.483 
0.485 
0.473 
0.473 
0.472 
0.47 
0.473 
0.469 
0.47 
0.471 
0.471 
h 
0.461 
0.46 
0.459 
0.458 
0.454 
0.46 
0.451 
0.447 
0.44 
0.426 
0.399 
0.361 
0.319 
