25.575 
25.542 
25.45 
25.291 
25.175 
25.151 
25.112 
25.07 
25.03 
25.041 
25.01 
25.006 
25.003 
24.999 
24.991 
24.98 
24.983 
h 
23.644 
23.349 
23.239 
23.126 
22.891 
22.428 
21.686 
20.843 
20.132 
19.557 
19.469 
18.796 
18.546 
18.119 
17.67 
17.399 
17.232 
17.175 
17.068 
16.895 
16.74 
16.87 
16.413 
16.299 
16.195 
16.052 
15.887 
15.796 
15.85 
15.655 
15.64 
15.623 
15.595 
15.549 
15.472 
15.361 
15.219 
14.999 
15.069 
15.093 
14.783 
14.769 
14.741 
14.692 
14.634 
14.635 
14.601 
14.591 
14.574 
14.553 
14.519 
14.462 
14.465 
14.436 
14.394 
14.39 
14.382 
14.367 
14.342 
14.314 
14.304 
14.295 
14.287 
14.277 
14.267 
14.248 
14.226 
14.236 
h 
13.903 
13.893 
13.871 
13.826 
13.735 
13.565 
13.26 
12.79 
12.441 
13.892 
12.324 
12.309 
12.278 
12.218 
12.111 
11.989 
12.16 
11.88 
11.809 
11.781 
11.746 
11.676 
11.542 
11.297 
10.891 
13.202 
11.581 
10.786 
10.753 
10.715 
10.657 
10.571 
10.496 
10.495 
10.484 
10.467 
10.431 
10.361 
10.229 
10.011 
10.641 
9.953 
9.949 
9.942 
9.929 
9.902 
9.848 
9.748 
9.592 
10.054 
9.717 
9.464 
9.45 
9.427 
9.391 
9.357 
9.343 
9.354 
9.312 
9.305 
9.294 
9.269 
9.225 
9.16 
9.122 
9.086 
9.073 
9.061 
9.039 
8.997 
8.923 
8.853 
9.306 
8.811 
8.805 
8.793 
8.77 
8.736 
8.726 
8.706 
8.697 
8.681 
8.659 
8.62 
8.568 
8.547 
8.674 
8.493 
8.488 
8.479 
8.464 
8.434 
8.38 
8.289 
8.252 
11.168 
8.168 
8.162 
8.15 
8.129 
h 
7.974 
7.938 
7.895 
7.871 
7.814 
7.709 
7.507 
7.135 
6.531 
5.887 
6.803 
5.861 
5.859 
5.851 
5.836 
5.821 
5.805 
5.78 
5.742 
5.72 
5.683 
5.856 
5.645 
5.643 
5.64 
5.638 
5.63 
5.611 
5.584 
5.577 
5.566 
5.548 
5.523 
5.608 
5.512 
5.507 
5.5 
5.485 
5.469 
5.462 
5.449 
5.435 
5.425 
5.492 
5.419 
5.418 
5.415 
5.409 
5.396 
h 
5.367 
5.331 
5.419 
5.292 
5.28 
5.255 
5.207 
5.117 
5.007 
4.912 
4.887 
4.841 
4.777 
4.703 
4.754 
4.67 
4.652 
4.624 
4.595 
4.563 
4.501 
4.382 
4.189 
4.163 
6.386 
4.002 
4.001 
3.997 
3.99 
3.987 
3.969 
3.943 
3.91 
3.898 
3.879 
3.868 
3.853 
3.823 
3.772 
3.713 
4.253 
3.661 
3.652 
3.635 
3.603 
3.534 
3.481 
3.568 
3.546 
3.464 
3.459 
3.454 
3.447 
3.437 
3.419 
3.394 
3.375 
3.363 
3.363 
3.361 
3.36 
3.358 
3.355 
3.347 
3.342 
h 
3.262 
3.261 
3.257 
3.25 
3.264 
3.217 
3.163 
3.085 
2.961 
2.833 
2.798 
2.742 
2.649 
2.541 
2.484 
2.475 
2.434 
2.426 
2.416 
2.404 
2.393 
2.387 
2.355 
2.348 
2.341 
2.33 
2.312 
2.3 
2.53 
2.294 
2.293 
2.293 
2.288 
2.284 
2.283 
2.281 
2.281 
2.28 
h 
2.233 
2.232 
2.237 
2.233 
2.224 
2.215 
2.199 
2.172 
2.121 
2.035 
1.932 
1.859 
1.812 
1.764 
1.703 
1.65 
1.621 
1.583 
1.527 
1.488 
1.433 
1.367 
1.312 
1.245 
1.148 
1.039 
1.515 
1.061 
1.027 
1.012 
0.998 
0.984 
0.97 
0.961 
0.948 
0.942 
0.93 
0.923 
0.911 
0.896 
0.884 
0.883 
0.873 
0.869 
0.865 
0.859 
0.852 
0.845 
0.833 
0.838 
0.819 
0.816 
0.813 
0.809 
0.807 
0.804 
0.803 
0.802 
0.803 
0.8 
0.797 
0.794 
0.791 
0.785 
0.781 
0.78 
0.772 
0.773 
0.77 
0.769 
0.768 
0.765 
0.761 
0.766 
0.762 
0.758 
0.756 
0.754 
0.751 
0.75 
0.75 
0.749 
0.748 
0.747 
0.746 
0.744 
0.742 
0.747 
0.755 
0.742 
0.734 
0.733 
0.732 
0.731 
0.73 
0.729 
0.729 
0.728 
0.728 
h 
0.679 
0.676 
0.674 
0.671 
0.668 
0.662 
0.655 
0.65 
0.645 
0.636 
0.62 
0.595 
0.575 
0.565 
0.55 
0.534 
0.523 
0.504 
0.482 
0.463 
0.456 
0.448 
0.435 
0.429 
