34.868 
34.472 
33.279 
30.544 
26.067 
25.428 
25.167 
25.153 
25.126 
25.077 
25.017 
25.185 
25.005 
25.003 
24.999 
h 
23.48 
23.401 
23.291 
23.158 
22.883 
22.353 
21.45 
20.297 
19.524 
19.264 
18.979 
18.759 
18.537 
18.305 
17.926 
17.469 
16.842 
16.308 
17.573 
15.891 
15.778 
15.707 
15.625 
15.508 
15.409 
15.228 
14.948 
14.683 
15.117 
14.752 
14.246 
14.201 
14.159 
14.088 
13.959 
13.767 
13.852 
14.035 
13.545 
13.524 
13.5 
13.47 
13.43 
13.355 
13.238 
13.116 
14.797 
13.059 
13.048 
13.041 
13.031 
13.015 
12.99 
12.988 
12.973 
12.968 
h 
12.313 
12.254 
12.183 
12.144 
12.084 
11.979 
11.773 
11.397 
11.016 
10.934 
10.802 
10.585 
10.35 
10.736 
10.251 
10.213 
10.152 
10.062 
9.95 
9.795 
9.599 
9.576 
9.431 
9.387 
9.363 
9.325 
9.251 
9.115 
8.884 
8.812 
8.818 
8.614 
8.591 
8.55 
8.493 
8.428 
8.323 
8.151 
8.51 
8.92 
7.816 
7.797 
7.761 
7.707 
7.654 
7.618 
7.606 
7.591 
7.583 
7.57 
7.545 
7.504 
7.466 
7.446 
7.434 
7.426 
7.41 
7.381 
7.342 
7.386 
7.328 
7.325 
7.318 
7.305 
7.285 
7.275 
7.261 
7.253 
7.247 
7.239 
7.224 
7.198 
7.17 
7.294 
7.158 
7.156 
7.152 
7.145 
7.131 
7.108 
7.084 
7.238 
7.064 
7.061 
7.055 
7.046 
7.031 
7.007 
7.102 
7.037 
6.981 
6.98 
6.977 
6.973 
6.969 
6.964 
6.963 
6.959 
6.959 
h 
6.833 
6.831 
6.826 
6.817 
6.802 
6.779 
6.741 
6.665 
6.578 
6.544 
6.522 
6.512 
6.499 
6.485 
6.463 
6.457 
6.451 
6.442 
6.424 
6.396 
6.377 
6.35 
6.338 
6.319 
6.284 
6.232 
6.389 
6.314 
6.146 
6.139 
6.126 
6.104 
6.101 
6.091 
6.081 
6.073 
6.069 
6.062 
6.05 
6.029 
5.993 
5.953 
6.666 
5.938 
5.925 
5.911 
5.897 
5.896 
5.89 
5.884 
5.872 
5.851 
5.817 
5.786 
5.924 
5.965 
5.79 
5.767 
5.765 
5.769 
5.766 
5.767 
5.764 
5.76 
5.745 
h 
5.365 
5.355 
5.356 
5.355 
5.342 
5.318 
5.284 
5.229 
5.121 
4.931 
4.63 
4.314 
10.156 
4.224 
4.219 
4.215 
4.209 
4.196 
4.17 
4.123 
4.049 
4.32 
4.023 
4.004 
4.002 
3.999 
3.993 
3.981 
3.96 
3.939 
4.014 
3.928 
3.926 
3.923 
3.917 
3.908 
3.889 
3.853 
3.801 
4.139 
3.819 
3.774 
3.773 
3.772 
3.772 
3.774 
3.778 
3.774 
3.774 
3.773 
h 
3.617 
3.605 
3.589 
3.579 
3.563 
3.548 
3.536 
3.52 
3.487 
3.433 
3.37 
3.341 
3.398 
3.322 
3.304 
3.272 
3.218 
3.168 
3.135 
3.112 
3.118 
3.105 
3.105 
3.104 
3.102 
3.102 
3.102 
3.102 
3.158 
3.097 
3.097 
3.096 
3.095 
3.095 
3.092 
3.13 
3.093 
3.093 
3.092 
3.092 
3.093 
3.098 
3.1 
3.151 
3.105 
3.106 
3.107 
3.109 
3.117 
3.115 
3.113 
3.11 
3.111 
h 
3.057 
3.057 
3.059 
3.06 
3.064 
3.06 
3.054 
3.046 
h 
2.921 
2.89 
2.857 
2.823 
2.778 
2.751 
2.751 
2.732 
2.714 
2.681 
2.648 
2.607 
2.568 
2.507 
2.518 
2.47 
2.466 
2.459 
2.442 
2.412 
2.375 
2.349 
2.315 
2.347 
2.31 
2.304 
2.295 
2.285 
2.275 
2.266 
2.248 
2.211 
2.245 
2.197 
2.186 
2.169 
2.15 
2.122 
2.096 
2.219 
2.089 
2.085 
2.08 
2.079 
2.078 
2.074 
2.067 
2.056 
2.116 
2.057 
2.061 
2.061 
2.06 
2.057 
2.052 
2.043 
2.044 
2.035 
2.035 
2.035 
2.035 
2.034 
2.03 
2.028 
2.021 
2.022 
h 
1.95 
1.949 
1.95 
1.95 
1.948 
1.942 
1.929 
1.907 
1.867 
1.797 
1.684 
1.556 
1.552 
1.562 
1.496 
1.493 
1.488 
1.478 
1.474 
1.465 
1.472 
1.461 
1.458 
1.458 
1.457 
1.456 
1.454 
1.451 
1.442 
1.55 
1.447 
1.446 
1.444 
1.441 
1.443 
1.441 
1.438 
1.442 
1.427 
1.435 
1.434 
1.433 
1.432 
1.43 
1.427 
1.422 
1.444 
1.413 
1.419 
1.418 
1.416 
1.413 
1.408 
1.432 
1.413 
1.412 
1.41 
1.406 
1.401 
1.408 
1.389 
1.396 
1.396 
1.397 
1.395 
1.393 
1.378 
1.392 
1.385 
h 
1.362 
1.357 
1.353 
1.352 
1.351 
1.348 
1.344 
1.338 
1.342 
1.327 
1.307 
1.29 
1.291 
1.277 
1.273 
1.267 
1.255 
1.238 
1.232 
1.35 
1.22 
1.221 
1.222 
1.221 
1.22 
1.219 
1.236 
1.219 
1.219 
1.219 
1.218 
1.215 
1.214 
1.2 
1.216 
1.202 
1.202 
1.2 
1.2 
1.199 
1.206 
1.201 
1.2 
1.199 
h 
1.131 
1.134 
1.131 
1.128 
1.127 
1.125 
1.123 
1.12 
h 
1.088 
1.087 
1.069 
1.055 
1.05 
1.036 
1.038 
1.039 
1.043 
1.034 
1.036 
1.034 
1.032 
1.03 
h 
