27.598 
27.444 
27.02 
26.245 
25.59 
25.561 
25.502 
25.393 
25.221 
25.09 
25.382 
25.074 
25.07 
25.067 
25.061 
25.049 
25.034 
h 
23.364 
23.099 
22.934 
22.822 
22.594 
22.176 
21.536 
21.009 
20.631 
20.054 
19.544 
18.841 
17.876 
19.746 
20.882 
17.122 
16.956 
16.92 
16.894 
16.854 
16.783 
16.656 
16.51 
16.373 
16.141 
15.73 
15.313 
17.88 
15.089 
15.056 
14.996 
14.9 
14.82 
14.781 
14.755 
14.732 
14.721 
14.699 
14.655 
14.571 
14.448 
14.633 
14.414 
14.408 
14.394 
14.37 
14.337 
14.307 
14.286 
14.26 
14.232 
14.216 
14.205 
14.186 
14.151 
14.099 
14.022 
13.932 
14.382 
13.895 
13.865 
13.861 
13.855 
13.845 
13.831 
13.814 
13.785 
13.744 
13.84 
13.865 
13.719 
13.718 
13.716 
13.712 
13.703 
13.687 
h 
12.521 
12.392 
12.378 
12.345 
12.277 
12.136 
11.859 
11.332 
10.398 
9.011 
9.437 
27.615 
8.526 
8.785 
7.84 
7.818 
7.781 
7.728 
7.698 
7.677 
7.669 
7.653 
7.631 
7.605 
7.595 
7.583 
7.563 
7.542 
7.527 
7.514 
7.501 
7.485 
7.474 
7.461 
7.443 
7.427 
7.42 
7.412 
7.404 
7.398 
7.387 
7.371 
7.362 
7.351 
7.343 
7.33 
7.317 
7.304 
7.29 
7.272 
7.255 
7.239 
7.235 
7.229 
7.226 
7.222 
7.217 
7.207 
7.189 
7.174 
7.178 
7.157 
7.154 
7.15 
7.14 
7.124 
7.103 
7.091 
7.087 
7.08 
7.074 
7.07 
7.062 
7.05 
7.047 
7.044 
7.038 
7.029 
7.016 
7.004 
6.997 
h 
6.646 
6.581 
6.526 
6.5 
6.46 
6.426 
6.4 
6.373 
6.301 
6.198 
6.075 
6.06 
6.073 
5.969 
5.951 
5.921 
5.895 
5.872 
5.85 
5.818 
5.809 
5.793 
5.793 
5.79 
5.784 
5.774 
5.756 
5.78 
5.757 
5.753 
5.747 
5.735 
5.729 
5.716 
5.706 
h 
5.467 
5.455 
5.434 
5.46 
5.379 
5.338 
5.273 
5.154 
4.954 
4.717 
4.663 
4.632 
4.57 
4.482 
4.367 
4.796 
4.347 
4.335 
4.313 
4.271 
4.207 
4.157 
4.067 
4.067 
3.989 
3.982 
3.979 
3.973 
3.955 
3.935 
3.915 
3.878 
3.876 
3.864 
3.857 
3.854 
3.851 
3.845 
3.835 
3.821 
3.836 
3.817 
3.817 
3.813 
3.816 
3.81 
3.811 
h 
3.763 
3.763 
3.755 
3.747 
3.733 
3.701 
3.65 
3.548 
3.388 
3.218 
3.182 
3.155 
3.126 
3.057 
3.013 
2.948 
2.878 
2.849 
2.791 
2.733 
2.717 
2.688 
2.659 
2.599 
2.634 
2.599 
2.602 
2.607 
2.622 
2.609 
2.564 
2.561 
2.519 
2.536 
2.534 
2.525 
2.491 
2.469 
2.423 
2.82 
2.471 
2.431 
2.436 
2.437 
2.431 
2.418 
2.394 
2.354 
2.311 
3.183 
2.292 
2.277 
2.276 
2.275 
2.271 
2.263 
2.257 
2.254 
2.236 
2.251 
2.24 
2.23 
2.228 
2.225 
2.221 
2.209 
2.266 
2.195 
2.2 
2.198 
2.193 
2.195 
2.192 
2.184 
2.177 
2.157 
2.161 
2.178 
2.163 
2.157 
2.148 
2.13 
2.107 
2.075 
2.065 
2.395 
2.025 
2.022 
2.021 
2.021 
2.022 
2.023 
2.027 
2.024 
2.019 
h 
1.887 
1.891 
1.883 
1.871 
1.858 
1.852 
1.849 
1.838 
1.81 
1.757 
1.674 
1.567 
1.564 
1.508 
1.505 
1.503 
1.489 
1.469 
1.453 
1.439 
1.416 
1.368 
1.36 
1.394 
1.354 
1.354 
1.354 
1.354 
1.353 
1.348 
1.341 
1.347 
1.363 
1.33 
1.33 
1.334 
1.333 
1.334 
1.33 
1.331 
1.329 
1.326 
h 
1.21 
1.212 
1.218 
1.222 
1.223 
1.221 
1.211 
1.2 
1.196 
1.164 
1.125 
1.072 
1.052 
1.031 
1.094 
1.009 
1.02 
1.032 
1.033 
1.032 
1.029 
1.024 
1.01 
1.114 
1.006 
1.01 
1.013 
1.013 
1.012 
1.009 
1.005 
1.001 
1.003 
h 
0.983 
0.992 
0.988 
0.986 
0.983 
0.983 
0.982 
0.975 
h 
0.914 
0.891 
0.855 
0.798 
0.779 
0.778 
0.771 
0.755 
0.725 
0.68 
0.703 
0.638 
0.637 
0.632 
0.624 
0.618 
0.616 
0.61 
0.604 
0.604 
0.608 
0.593 
0.587 
0.586 
0.585 
0.581 
0.576 
0.563 
0.574 
0.553 
0.554 
0.554 
0.553 
0.548 
0.542 
0.542 
0.534 
0.533 
0.532 
0.53 
0.525 
0.52 
0.509 
0.516 
0.507 
0.503 
0.5 
0.495 
0.487 
0.475 
0.483 
0.475 
0.471 
0.469 
0.467 
0.465 
0.461 
0.456 
0.444 
0.45 
0.445 
0.441 
0.44 
0.438 
0.435 
0.429 
0.419 
0.403 
0.524 
0.458 
0.407 
0.394 
0.392 
0.391 
0.39 
0.387 
0.382 
0.374 
0.367 
0.354 
0.398 
0.355 
0.354 
0.352 
0.35 
0.35 
0.348 
0.346 
0.339 
0.334 
0.329 
