28.078 
27.886 
27.339 
26.253 
25.07 
25.035 
25.017 
24.986 
24.948 
24.932 
24.933 
24.911 
24.908 
h 
24.387 
24.335 
24.224 
23.971 
23.463 
22.552 
21.264 
20.44 
19.87 
19.408 
18.901 
18.294 
17.482 
16.329 
16.113 
17.256 
14.75 
14.597 
14.465 
14.268 
13.971 
13.6 
13.921 
13.369 
13.312 
13.223 
13.115 
12.917 
12.651 
12.571 
12.957 
12.296 
12.262 
12.195 
12.068 
11.869 
11.803 
12.242 
11.656 
11.645 
11.623 
11.581 
11.503 
11.375 
11.532 
13.188 
11.287 
11.279 
11.273 
11.261 
11.239 
11.202 
11.152 
11.139 
11.133 
11.123 
11.103 
11.096 
11.083 
11.074 
11.057 
h 
10.733 
10.708 
10.69 
10.649 
10.564 
10.395 
10.069 
9.488 
9.145 
8.93 
8.684 
8.625 
8.583 
8.524 
8.413 
8.213 
7.894 
7.56 
7.991 
7.482 
7.361 
7.33 
7.275 
7.18 
7.134 
7.102 
7.061 
7.023 
7.017 
6.979 
6.961 
6.927 
6.86 
6.737 
6.552 
7.403 
6.484 
6.467 
6.434 
6.372 
6.263 
6.347 
6.246 
6.15 
6.142 
6.128 
6.098 
6.051 
6.054 
6.022 
6.013 
5.997 
5.967 
5.916 
5.963 
5.896 
5.888 
5.872 
5.85 
5.829 
5.809 
5.806 
5.802 
5.796 
5.784 
5.766 
5.772 
5.755 
5.752 
5.745 
5.736 
5.725 
5.697 
5.719 
5.688 
5.684 
5.676 
5.663 
5.643 
5.632 
5.628 
5.612 
5.609 
5.605 
5.596 
5.584 
5.583 
5.57 
5.568 
5.567 
5.566 
5.562 
5.554 
5.547 
5.552 
5.545 
h 
5.398 
5.397 
5.394 
5.385 
5.374 
5.346 
5.31 
5.251 
5.169 
5.132 
5.12 
5.108 
5.096 
5.074 
5.045 
5.032 
5.257 
5.022 
5.02 
5.016 
5.009 
4.997 
4.979 
4.978 
4.977 
4.963 
4.96 
4.954 
4.947 
4.934 
4.927 
4.914 
4.913 
4.912 
4.911 
4.907 
4.9 
4.888 
4.89 
4.878 
4.864 
4.862 
4.859 
4.85 
4.844 
4.842 
4.838 
4.833 
4.824 
4.823 
h 
4.62 
4.619 
4.613 
4.603 
4.59 
4.584 
4.573 
4.552 
4.518 
4.453 
4.375 
4.264 
4.264 
4.286 
4.132 
4.122 
4.114 
4.098 
4.085 
4.058 
4.042 
4.028 
4.007 
4.002 
4.002 
3.993 
3.977 
3.953 
3.933 
3.906 
3.856 
3.767 
3.728 
4.642 
3.838 
3.545 
3.542 
3.545 
3.553 
3.563 
3.554 
3.553 
3.551 
3.546 
h 
3.206 
3.206 
3.199 
3.195 
3.191 
3.177 
3.149 
3.095 
3.016 
2.9 
2.82 
2.766 
2.726 
2.677 
2.68 
2.675 
2.611 
2.607 
2.599 
2.589 
2.58 
2.556 
2.539 
2.532 
2.518 
2.494 
2.459 
2.399 
2.369 
3.105 
2.323 
2.329 
2.325 
2.324 
2.323 
2.321 
2.316 
2.318 
2.318 
h 
2.065 
2.049 
2.028 
2.011 
2.008 
2.004 
1.989 
1.958 
1.901 
1.808 
1.711 
1.68 
1.617 
1.619 
1.616 
1.594 
1.621 
1.587 
1.561 
1.519 
1.492 
1.469 
1.462 
1.466 
1.471 
1.474 
1.464 
1.458 
1.449 
1.451 
1.418 
1.435 
1.434 
1.434 
1.434 
1.425 
1.429 
1.428 
1.428 
1.428 
h 
1.284 
1.288 
1.296 
1.301 
1.301 
1.301 
1.293 
1.29 
1.281 
1.271 
1.221 
1.161 
1.157 
1.123 
1.15 
1.147 
1.146 
1.142 
1.131 
1.37 
1.097 
1.121 
1.137 
1.132 
1.127 
1.118 
1.108 
1.096 
1.088 
1.095 
1.099 
1.096 
1.099 
1.113 
1.086 
1.085 
1.087 
1.091 
1.101 
1.089 
1.139 
1.086 
1.09 
1.093 
1.093 
1.089 
1.113 
1.09 
1.099 
1.087 
1.087 
1.086 
1.093 
1.097 
1.11 
1.099 
1.098 
1.129 
1.076 
1.095 
1.101 
1.104 
1.102 
1.097 
1.089 
1.09 
1.085 
1.1 
h 
1.061 
1.067 
1.077 
1.071 
1.064 
1.073 
1.05 
1.058 
1.057 
1.054 
1.047 
1.014 
0.902 
0.67 
0.715 
0.502 
0.436 
0.398 
0.37 
0.365 
0.352 
0.333 
0.31 
