26.84 
26.697 
26.309 
25.635 
25.212 
25.196 
25.17 
25.138 
25.116 
25.08 
25.048 
25.01 
24.991 
h 
23.877 
23.593 
23.51 
23.377 
23.102 
22.569 
21.636 
20.327 
19.34 
20.235 
18.749 
18.515 
18.344 
18.198 
18.004 
17.827 
17.492 
16.926 
17.062 
16.728 
16.377 
16.336 
16.252 
16.088 
15.795 
15.339 
16.051 
19.684 
14.827 
14.797 
14.781 
14.771 
14.754 
14.73 
14.692 
14.633 
14.718 
14.614 
14.596 
14.594 
14.59 
14.582 
14.564 
14.568 
h 
13.369 
13.318 
13.229 
13.144 
13.079 
12.974 
12.792 
12.477 
11.949 
11.54 
11.382 
11.295 
11.176 
11.073 
10.957 
10.836 
10.752 
10.616 
10.431 
11.163 
10.245 
10.15 
10.137 
10.105 
10.039 
9.898 
9.668 
9.757 
9.499 
9.47 
9.469 
9.456 
9.429 
9.376 
9.301 
9.327 
9.218 
9.201 
9.169 
9.108 
9.014 
8.993 
8.945 
8.893 
8.881 
8.862 
8.82 
8.76 
8.734 
8.675 
8.671 
8.66 
8.645 
8.618 
8.568 
8.491 
8.574 
8.475 
8.468 
8.455 
8.437 
8.401 
8.328 
8.277 
8.3 
8.202 
8.193 
8.175 
8.146 
8.091 
8.092 
8.077 
8.057 
8.052 
8.05 
8.045 
8.037 
8.026 
h 
7.621 
7.601 
7.592 
7.575 
7.542 
7.475 
7.36 
7.167 
6.939 
6.889 
6.811 
6.748 
6.665 
6.597 
6.522 
6.446 
6.428 
6.318 
6.301 
6.289 
6.267 
6.226 
6.165 
6.117 
6.284 
6.094 
6.089 
6.079 
6.063 
6.041 
6.004 
6.078 
5.971 
5.948 
5.947 
5.947 
5.942 
5.94 
5.933 
5.932 
5.927 
h 
5.548 
5.536 
5.51 
5.501 
5.483 
5.446 
5.366 
5.242 
5.036 
4.787 
4.675 
4.633 
4.533 
4.492 
4.434 
4.405 
4.4 
4.383 
4.37 
4.365 
4.338 
4.311 
4.304 
4.306 
4.291 
4.265 
4.223 
4.194 
4.183 
4.174 
4.17 
4.16 
4.141 
4.108 
4.099 
4.066 
4.052 
4.012 
4.009 
4.007 
4.001 
3.987 
3.962 
3.922 
3.881 
3.869 
3.842 
3.915 
3.77 
3.765 
3.755 
3.728 
3.696 
3.683 
3.707 
3.661 
3.644 
3.631 
3.625 
3.612 
3.589 
3.557 
3.571 
3.59 
3.545 
3.535 
3.526 
3.509 
3.492 
3.475 
3.509 
3.461 
3.459 
3.456 
3.446 
3.434 
3.504 
3.438 
3.417 
3.416 
3.415 
3.405 
3.399 
3.39 
3.371 
3.362 
3.3 
3.3 
3.281 
3.278 
3.271 
3.266 
3.26 
3.238 
3.246 
3.237 
3.237 
3.236 
3.235 
3.233 
h 
3.218 
3.205 
3.197 
3.305 
3.176 
3.155 
3.115 
3.038 
2.911 
2.794 
2.679 
2.79 
2.687 
2.675 
2.656 
2.625 
2.56 
2.482 
2.408 
2.498 
2.379 
2.381 
2.379 
2.373 
2.362 
2.346 
2.326 
2.291 
2.33 
2.286 
2.287 
2.288 
2.289 
2.289 
2.282 
2.3 
2.289 
2.289 
h 
2.0 
1.998 
1.995 
1.997 
2.001 
2.002 
1.999 
1.983 
h 
1.828 
1.79 
1.727 
1.632 
1.676 
1.578 
1.577 
1.571 
1.543 
1.535 
1.582 
1.586 
1.551 
1.545 
1.537 
1.527 
1.512 
1.514 
1.514 
1.513 
1.512 
1.509 
1.505 
1.5 
1.529 
1.507 
1.512 
1.513 
1.515 
1.514 
1.514 
1.494 
1.514 
1.504 
h 
1.496 
1.497 
1.502 
1.508 
1.516 
1.501 
1.518 
1.504 
1.493 
1.48 
1.474 
1.469 
1.461 
1.453 
1.493 
1.485 
1.469 
1.473 
1.474 
1.475 
1.48 
1.495 
1.498 
1.435 
1.422 
1.404 
1.378 
1.359 
1.325 
1.326 
1.766 
1.278 
1.274 
1.271 
1.266 
1.264 
1.264 
1.265 
1.262 
1.261 
1.26 
1.257 
1.256 
1.254 
h 
1.248 
1.235 
1.235 
1.235 
1.235 
1.234 
1.232 
1.228 
1.22 
1.206 
1.18 
1.14 
1.088 
1.118 
1.063 
1.039 
1.042 
1.034 
1.032 
1.028 
1.023 
1.018 
1.008 
1.011 
1.004 
1.003 
1.002 
0.999 
0.995 
0.986 
0.972 
0.951 
0.933 
6.526 
0.933 
0.933 
0.933 
0.933 
0.933 
0.933 
0.932 
0.932 
0.931 
h 
0.891 
0.889 
0.888 
0.888 
0.887 
0.885 
0.885 
0.881 
0.877 
0.867 
0.852 
0.833 
0.831 
0.83 
0.828 
0.823 
0.817 
0.816 
0.814 
0.812 
0.81 
0.806 
0.801 
0.797 
0.8 
0.798 
0.794 
0.794 
0.793 
0.793 
0.793 
0.793 
h 
0.711 
0.705 
0.701 
0.7 
0.7 
0.7 
0.696 
0.691 
0.682 
0.664 
0.637 
0.591 
0.549 
0.544 
0.537 
0.533 
0.525 
0.512 
0.501 
0.491 
0.481 
0.487 
0.476 
0.474 
0.472 
0.469 
0.465 
0.472 
0.462 
0.461 
0.461 
0.46 
0.459 
0.457 
0.457 
0.455 
0.453 
0.45 
0.447 
0.454 
0.442 
0.44 
0.438 
0.437 
0.435 
0.432 
0.427 
0.421 
0.408 
0.425 
0.457 
0.392 
0.39 
0.389 
0.388 
0.388 
0.388 
0.387 
0.387 
0.387 
0.388 
0.387 
0.386 
h 
0.305 
