26.045 
25.971 
25.771 
25.431 
25.21 
25.175 
25.113 
25.027 
24.969 
25.172 
24.935 
24.932 
24.927 
24.92 
24.914 
24.913 
24.91 
24.909 
24.907 
24.905 
24.901 
24.898 
h 
23.579 
23.525 
23.43 
23.307 
23.087 
22.668 
21.99 
21.231 
20.753 
20.381 
19.853 
19.144 
19.364 
18.76 
18.687 
18.6 
18.454 
18.279 
18.17 
17.994 
17.727 
17.579 
17.609 
17.123 
16.984 
16.935 
16.907 
16.855 
16.753 
16.567 
16.284 
15.927 
18.419 
15.888 
15.878 
15.863 
15.843 
15.81 
15.755 
15.735 
15.732 
15.686 
15.683 
15.677 
15.665 
15.645 
15.615 
15.592 
15.556 
15.525 
15.515 
15.503 
15.493 
15.483 
15.471 
15.463 
15.451 
15.429 
h 
15.107 
15.111 
15.047 
14.996 
14.89 
14.68 
14.284 
13.603 
12.672 
12.62 
12.262 
12.019 
11.949 
11.839 
11.696 
11.598 
11.537 
11.51 
11.459 
11.36 
11.172 
10.835 
10.355 
18.3 
10.314 
10.263 
10.257 
10.248 
10.23 
10.195 
10.141 
10.043 
9.879 
9.67 
9.741 
10.098 
9.464 
9.456 
9.442 
9.416 
9.372 
9.327 
9.843 
9.313 
9.31 
9.304 
9.292 
9.274 
9.226 
9.206 
9.188 
9.165 
9.12 
9.045 
8.938 
9.305 
9.0 
8.888 
8.887 
8.884 
8.879 
8.869 
8.857 
8.837 
8.796 
8.824 
8.798 
8.789 
8.775 
8.768 
8.756 
8.722 
8.731 
h 
8.593 
8.593 
8.593 
8.588 
8.58 
8.559 
8.52 
8.447 
8.393 
8.377 
8.379 
8.397 
8.396 
8.351 
8.323 
8.289 
8.289 
8.292 
8.286 
8.275 
8.255 
8.218 
8.167 
8.177 
8.149 
8.096 
8.09 
8.079 
8.059 
8.06 
8.039 
8.038 
8.037 
8.034 
8.03 
8.016 
h 
7.804 
7.805 
7.773 
7.752 
7.738 
7.733 
7.718 
7.679 
7.62 
7.529 
7.458 
7.414 
7.414 
7.389 
7.381 
7.375 
7.373 
7.376 
7.372 
7.369 
h 
7.015 
7.01 
7.005 
7.002 
6.993 
6.97 
6.923 
6.836 
6.681 
6.452 
6.212 
6.269 
6.166 
6.082 
6.059 
6.009 
6.017 
5.967 
5.943 
5.92 
5.875 
5.795 
5.721 
5.789 
5.644 
5.637 
5.633 
5.621 
5.655 
5.618 
5.603 
5.584 
5.586 
5.592 
5.591 
5.59 
5.586 
5.576 
5.614 
5.571 
h 
5.51 
5.487 
5.47 
5.447 
5.438 
5.403 
5.329 
5.188 
4.96 
4.718 
4.518 
4.605 
4.492 
4.452 
4.424 
4.411 
4.391 
4.366 
4.348 
4.318 
4.281 
4.26 
4.911 
4.253 
4.247 
4.237 
4.217 
4.181 
4.141 
4.153 
4.111 
4.112 
4.1 
4.08 
4.046 
3.989 
4.026 
3.901 
3.923 
3.928 
3.935 
3.92 
3.901 
3.892 
3.877 
3.863 
h 
3.732 
3.614 
3.628 
3.622 
3.608 
3.577 
3.601 
3.569 
3.553 
3.523 
3.465 
3.385 
3.287 
3.353 
3.312 
3.283 
3.236 
3.146 
3.179 
3.138 
3.109 
3.052 
3.053 
3.048 
3.046 
3.059 
3.034 
3.025 
2.988 
2.998 
2.993 
2.982 
2.98 
2.892 
2.946 
2.94 
2.933 
2.928 
2.901 
2.893 
2.839 
2.952 
2.873 
2.862 
2.843 
2.844 
2.836 
2.8 
2.858 
2.806 
2.81 
2.811 
2.803 
2.789 
2.769 
2.811 
2.723 
2.756 
2.759 
2.764 
2.752 
2.739 
2.745 
2.734 
2.729 
2.717 
2.655 
3.275 
2.694 
2.696 
2.7 
2.692 
2.685 
2.699 
2.673 
2.716 
2.689 
h 
2.683 
2.672 
2.675 
2.671 
2.667 
2.653 
2.67 
2.639 
2.669 
2.634 
2.621 
2.621 
2.628 
2.66 
2.646 
2.648 
2.648 
2.65 
2.629 
2.627 
2.606 
2.598 
2.588 
2.574 
2.549 
2.534 
2.505 
2.629 
2.466 
2.474 
2.479 
2.479 
2.477 
2.473 
2.463 
2.456 
2.439 
2.484 
2.463 
2.434 
2.431 
2.43 
2.428 
2.423 
2.409 
2.42 
2.411 
2.41 
2.409 
2.407 
2.397 
2.405 
2.401 
h 
2.353 
2.341 
2.329 
2.316 
2.313 
2.313 
2.312 
2.308 
2.298 
2.277 
2.236 
2.167 
2.084 
2.095 
2.038 
2.024 
2.017 
2.006 
1.975 
1.966 
1.963 
1.961 
1.941 
1.932 
1.927 
1.927 
1.909 
1.902 
1.899 
1.895 
1.891 
1.886 
1.876 
1.849 
1.858 
1.831 
1.833 
1.83 
1.824 
1.825 
1.829 
1.826 
1.821 
1.811 
1.8 
1.795 
1.778 
1.789 
1.771 
1.772 
1.77 
1.765 
1.755 
1.762 
1.773 
1.736 
1.73 
1.726 
1.723 
1.717 
1.727 
1.718 
1.714 
1.71 
1.705 
1.695 
1.678 
1.647 
1.636 
2.477 
1.594 
1.596 
1.597 
1.598 
1.599 
1.598 
1.591 
1.592 
1.585 
h 
1.542 
1.532 
1.517 
1.512 
1.513 
1.513 
1.514 
1.515 
1.516 
1.507 
1.496 
1.496 
1.489 
1.481 
1.485 
1.47 
1.468 
1.466 
1.462 
1.456 
1.448 
1.443 
1.438 
1.499 
1.432 
1.432 
1.432 
1.429 
1.425 
1.423 
1.418 
1.607 
1.422 
1.423 
1.423 
1.423 
1.424 
1.424 
1.455 
1.427 
1.428 
1.428 
1.428 
1.427 
1.427 
1.426 
1.425 
1.428 
h 
1.38 
1.381 
1.382 
1.383 
1.383 
1.382 
1.378 
1.371 
h 
1.322 
1.299 
1.25 
1.183 
1.179 
1.167 
1.145 
1.188 
1.118 
1.125 
1.119 
1.113 
1.103 
1.091 
1.086 
1.076 
1.062 
1.096 
1.066 
1.062 
1.071 
1.07 
1.063 
1.063 
1.063 
1.066 
1.064 
h 
1.049 
1.066 
1.058 
1.057 
1.055 
1.052 
1.049 
1.045 
1.036 
1.022 
0.998 
0.944 
0.915 
0.891 
0.863 
0.826 
0.797 
0.787 
0.781 
0.772 
0.764 
0.755 
0.747 
0.74 
0.731 
0.714 
0.696 
0.679 
0.675 
0.66 
0.656 
0.65 
0.638 
0.619 
0.585 
0.6 
1.093 
0.536 
0.53 
0.518 
0.501 
0.495 
0.496 
0.488 
0.486 
0.484 
0.481 
0.475 
0.463 
0.441 
0.4 
0.514 
0.74 
0.371 
0.349 
