26.626 
26.478 
26.076 
25.386 
24.982 
24.977 
24.975 
24.973 
24.97 
24.968 
24.965 
24.963 
24.961 
h 
23.016 
22.976 
22.875 
22.705 
22.502 
22.226 
21.712 
20.875 
19.897 
18.832 
22.77 
18.305 
18.046 
17.829 
17.57 
17.33 
17.078 
16.856 
16.887 
16.651 
16.549 
16.378 
16.159 
15.832 
15.694 
16.274 
15.386 
15.361 
15.313 
15.233 
15.129 
15.054 
14.935 
14.823 
14.842 
14.763 
14.746 
14.711 
14.653 
14.556 
14.383 
14.114 
13.946 
19.382 
13.853 
13.829 
13.823 
13.814 
13.796 
13.761 
13.695 
13.581 
13.441 
14.944 
13.415 
13.412 
13.408 
13.405 
13.399 
13.387 
13.371 
13.354 
13.376 
h 
12.748 
12.696 
12.656 
12.629 
12.57 
12.459 
12.235 
11.827 
11.153 
10.3 
11.436 
12.099 
9.85 
9.81 
9.751 
9.647 
9.491 
9.395 
9.575 
9.295 
9.275 
9.238 
9.168 
9.057 
9.007 
8.954 
8.927 
8.911 
8.896 
8.873 
8.849 
8.822 
8.788 
8.758 
8.716 
8.663 
8.596 
8.528 
8.495 
8.485 
8.47 
8.442 
8.391 
8.316 
8.26 
8.229 
8.213 
8.187 
8.151 
8.131 
8.095 
8.041 
7.997 
7.963 
7.949 
7.93 
7.911 
7.882 
7.844 
7.823 
7.802 
7.767 
7.742 
7.742 
7.717 
7.71 
7.697 
7.675 
7.638 
7.611 
7.591 
7.58 
7.569 
7.559 
7.539 
7.503 
7.446 
7.428 
7.408 
7.378 
7.372 
7.361 
7.347 
7.342 
7.336 
7.324 
7.302 
7.292 
7.29 
7.263 
7.26 
7.253 
7.242 
7.223 
7.229 
7.208 
7.205 
7.203 
h 
6.983 
6.975 
6.964 
6.961 
6.956 
6.945 
6.924 
6.885 
6.82 
6.757 
6.648 
6.776 
6.615 
6.614 
6.613 
6.616 
6.603 
6.586 
6.553 
6.518 
6.492 
6.467 
6.423 
6.413 
6.392 
6.353 
6.293 
6.318 
6.291 
6.29 
6.29 
6.29 
6.291 
6.293 
h 
6.079 
6.089 
6.082 
6.078 
6.07 
6.033 
6.032 
6.01 
5.969 
5.927 
5.9 
5.876 
5.858 
5.855 
5.852 
5.852 
5.857 
5.849 
5.863 
5.836 
5.836 
h 
5.158 
5.131 
5.087 
5.058 
5.053 
5.039 
5.006 
4.952 
4.795 
4.529 
4.238 
4.105 
4.044 
3.839 
3.809 
3.779 
3.737 
3.669 
3.662 
3.557 
3.563 
3.55 
3.531 
3.488 
3.509 
3.488 
3.476 
3.461 
3.436 
3.442 
3.436 
3.428 
3.415 
3.412 
3.412 
3.38 
3.394 
3.381 
3.376 
3.379 
3.383 
3.388 
3.399 
3.427 
3.531 
3.656 
3.463 
3.456 
3.448 
3.434 
3.421 
3.42 
3.421 
3.423 
3.427 
3.434 
3.439 
3.462 
3.427 
3.439 
3.441 
3.442 
3.437 
3.436 
3.432 
3.426 
3.408 
h 
3.445 
3.307 
3.249 
3.248 
3.245 
3.242 
3.248 
3.245 
3.223 
3.206 
3.178 
3.163 
3.078 
3.072 
3.047 
3.056 
3.025 
2.985 
2.986 
2.973 
2.989 
2.922 
2.939 
2.936 
2.942 
2.937 
2.929 
2.932 
2.885 
2.912 
2.909 
2.903 
2.893 
2.878 
2.896 
2.854 
2.907 
2.874 
2.874 
2.874 
2.874 
2.876 
2.859 
2.938 
2.872 
2.872 
2.872 
2.873 
2.857 
2.847 
2.872 
2.875 
2.864 
h 
2.625 
2.625 
2.624 
2.623 
2.63 
2.628 
2.636 
2.648 
h 
2.419 
2.417 
2.422 
2.436 
2.458 
2.457 
2.453 
2.446 
2.419 
2.379 
2.329 
2.279 
2.282 
2.778 
2.231 
2.207 
2.204 
2.203 
2.203 
2.214 
2.209 
2.236 
2.204 
2.188 
2.17 
2.164 
2.158 
2.162 
2.145 
2.151 
2.153 
2.154 
2.152 
2.149 
2.151 
2.125 
2.146 
h 
2.125 
2.127 
2.133 
2.137 
2.139 
2.138 
2.136 
2.133 
h 
2.048 
2.04 
2.029 
2.027 
2.022 
2.009 
1.979 
1.948 
1.937 
1.924 
1.899 
1.893 
1.885 
1.873 
1.856 
1.871 
1.839 
1.822 
1.812 
1.805 
1.801 
1.798 
1.792 
1.783 
1.77 
1.774 
1.757 
1.75 
1.744 
1.735 
1.72 
1.717 
1.732 
1.708 
1.703 
1.699 
1.696 
1.691 
1.687 
1.677 
1.666 
1.657 
1.653 
1.659 
1.647 
1.642 
1.635 
1.623 
1.602 
1.581 
1.618 
1.567 
1.562 
1.557 
1.549 
1.536 
1.527 
1.526 
1.522 
1.516 
1.51 
1.499 
1.528 
1.494 
1.492 
1.489 
1.483 
1.478 
1.47 
1.46 
1.471 
1.457 
1.455 
1.453 
1.449 
1.441 
1.428 
1.412 
1.941 
1.402 
1.399 
1.395 
1.392 
1.387 
1.382 
1.373 
1.359 
1.38 
1.358 
1.357 
1.355 
1.353 
1.354 
1.353 
1.354 
1.352 
1.351 
h 
1.254 
1.251 
1.246 
1.24 
1.238 
1.236 
1.228 
1.216 
1.193 
1.15 
1.084 
1.009 
1.042 
0.986 
0.966 
0.959 
0.952 
0.946 
0.943 
0.937 
0.929 
0.921 
0.95 
0.914 
0.912 
0.911 
0.911 
0.91 
0.91 
0.909 
0.905 
0.902 
0.897 
0.891 
0.885 
0.878 
0.88 
0.879 
0.874 
0.872 
0.87 
0.866 
0.86 
0.853 
0.85 
0.85 
0.847 
0.845 
0.844 
0.842 
0.84 
0.837 
0.834 
0.833 
0.828 
0.821 
0.818 
0.835 
0.814 
0.813 
0.809 
0.805 
0.8 
0.806 
0.8 
0.799 
0.799 
0.798 
0.796 
0.794 
0.795 
0.79 
0.79 
0.789 
0.788 
0.785 
0.782 
0.776 
0.768 
0.83 
0.782 
0.763 
0.757 
0.757 
0.757 
0.756 
0.755 
0.753 
0.754 
0.753 
0.751 
0.751 
0.751 
0.75 
0.749 
h 
0.718 
0.719 
0.718 
0.717 
0.716 
0.713 
0.71 
0.699 
0.681 
0.647 
0.596 
0.559 
0.562 
0.545 
0.54 
0.534 
0.526 
0.528 
0.515 
0.511 
0.507 
0.496 
0.481 
0.458 
0.48 
0.462 
0.444 
0.443 
0.442 
0.441 
0.438 
0.435 
0.429 
0.43 
0.431 
0.423 
0.423 
0.421 
0.42 
0.418 
0.412 
0.411 
0.403 
0.402 
0.401 
0.397 
0.392 
0.386 
0.387 
0.383 
0.378 
0.377 
0.374 
0.368 
0.36 
0.365 
0.36 
0.352 
0.35 
0.348 
0.345 
0.344 
0.341 
0.335 
0.324 
0.328 
0.333 
0.319 
