25.359 
25.354 
25.339 
25.313 
25.28 
25.24 
25.22 
25.194 
h 
25.09 
25.021 
24.879 
24.589 
24.166 
23.273 
22.183 
21.778 
21.595 
21.333 
21.075 
21.014 
20.537 
20.381 
20.231 
20.161 
20.021 
19.833 
19.633 
19.382 
19.08 
18.838 
18.729 
18.508 
18.091 
17.389 
16.852 
16.602 
16.335 
15.953 
15.819 
15.699 
15.544 
15.317 
14.979 
14.578 
14.909 
14.54 
14.151 
14.116 
14.068 
13.977 
13.877 
13.817 
13.778 
13.736 
13.685 
13.63 
13.555 
13.492 
13.475 
13.444 
13.399 
13.357 
13.332 
13.281 
13.184 
13.009 
12.783 
14.659 
12.734 
12.722 
12.711 
12.697 
12.676 
12.641 
12.598 
12.571 
12.581 
12.546 
12.542 
12.535 
12.526 
12.513 
12.491 
h 
11.557 
11.381 
11.336 
11.27 
11.207 
11.108 
10.929 
10.615 
10.146 
9.703 
9.455 
9.618 
9.261 
9.229 
9.193 
9.14 
9.09 
9.028 
8.918 
8.768 
8.597 
8.479 
8.396 
8.262 
8.157 
8.094 
8.048 
7.959 
7.813 
7.579 
7.235 
8.144 
7.172 
6.956 
6.938 
6.905 
6.849 
6.76 
6.686 
6.661 
6.642 
6.618 
6.6 
6.579 
6.544 
6.494 
6.399 
6.231 
5.977 
5.731 
9.914 
5.659 
5.645 
5.633 
5.627 
5.619 
5.605 
5.581 
5.549 
5.576 
5.539 
5.535 
5.528 
5.515 
5.492 
5.468 
5.45 
5.443 
5.437 
5.431 
5.421 
5.402 
5.375 
5.343 
5.654 
5.294 
5.273 
5.269 
5.265 
5.258 
5.245 
5.229 
5.2 
5.154 
5.191 
6.173 
5.102 
5.093 
5.082 
5.068 
5.06 
5.055 
5.052 
5.047 
5.037 
5.019 
4.99 
5.021 
4.982 
4.981 
h 
4.948 
4.943 
4.931 
4.918 
4.897 
4.855 
4.778 
4.664 
4.51 
4.522 
4.415 
4.403 
4.392 
4.386 
4.382 
4.377 
4.362 
4.337 
4.293 
4.223 
4.205 
4.172 
4.151 
4.142 
4.129 
4.113 
4.093 
4.081 
4.061 
4.056 
4.049 
4.045 
4.04 
4.037 
4.031 
4.019 
4.001 
3.999 
4.151 
3.978 
3.974 
3.969 
3.959 
3.942 
3.916 
3.942 
3.896 
3.891 
3.882 
3.869 
3.844 
3.824 
3.891 
3.799 
3.795 
3.786 
3.769 
3.738 
3.689 
3.86 
3.677 
3.674 
3.672 
3.67 
3.665 
3.655 
3.639 
3.615 
3.731 
3.643 
3.594 
3.59 
3.583 
3.577 
3.568 
3.567 
3.563 
3.561 
3.559 
h 
3.314 
3.284 
3.253 
3.245 
3.242 
3.236 
3.225 
3.203 
3.167 
3.125 
3.182 
3.034 
3.014 
2.978 
2.919 
2.833 
2.736 
2.749 
2.669 
2.654 
2.648 
2.64 
2.624 
2.595 
2.55 
2.511 
2.629 
2.486 
2.475 
2.454 
2.416 
2.358 
2.3 
2.349 
2.286 
2.23 
2.22 
2.205 
2.184 
2.148 
2.101 
2.222 
2.099 
2.065 
2.061 
2.052 
2.039 
2.016 
1.992 
2.057 
1.98 
1.978 
1.975 
1.97 
1.963 
1.948 
1.93 
1.9 
1.874 
1.886 
1.863 
1.861 
1.857 
1.849 
1.84 
1.864 
1.836 
1.833 
1.832 
1.83 
1.825 
1.816 
1.799 
1.771 
1.729 
1.739 
2.254 
1.681 
1.678 
1.675 
1.67 
1.661 
1.646 
1.631 
1.61 
1.596 
1.593 
1.588 
1.583 
1.58 
1.576 
1.569 
1.559 
1.558 
1.573 
1.539 
1.536 
1.53 
1.52 
1.502 
h 
1.297 
1.329 
1.274 
1.27 
1.263 
1.252 
1.238 
1.218 
1.183 
1.121 
1.038 
1.183 
0.946 
0.933 
0.92 
0.904 
0.887 
0.872 
0.863 
0.848 
0.819 
0.779 
0.974 
0.769 
0.763 
0.763 
0.762 
0.761 
0.759 
0.757 
0.755 
0.749 
0.74 
0.726 
0.729 
0.826 
0.714 
0.713 
0.712 
0.71 
0.707 
0.702 
0.703 
0.7 
0.7 
0.699 
0.698 
0.696 
0.698 
0.695 
0.695 
0.694 
0.693 
0.692 
0.69 
0.689 
0.687 
0.685 
0.682 
0.677 
0.677 
0.677 
0.671 
0.67 
0.669 
0.667 
0.665 
0.665 
0.681 
0.663 
0.662 
0.662 
0.661 
0.66 
0.658 
0.656 
0.653 
0.654 
0.651 
0.65 
0.649 
0.647 
0.645 
0.647 
0.644 
0.644 
0.643 
0.643 
0.643 
h 
0.609 
0.608 
0.606 
0.603 
0.601 
0.6 
0.594 
0.588 
0.577 
0.555 
0.516 
0.45 
0.355 
