27.001 
26.856 
26.461 
25.75 
25.238 
25.218 
25.189 
25.159 
25.136 
25.116 
25.11 
25.1 
25.087 
h 
23.839 
23.798 
23.72 
23.543 
23.191 
22.567 
21.715 
21.238 
20.816 
20.155 
19.374 
18.509 
19.786 
17.85 
17.616 
17.354 
16.877 
16.131 
17.026 
15.779 
15.669 
15.621 
15.569 
15.486 
15.363 
15.267 
15.17 
15.115 
15.034 
14.931 
14.756 
14.505 
14.485 
15.733 
14.237 
14.221 
14.192 
14.137 
14.038 
13.895 
13.796 
13.87 
13.734 
13.718 
13.692 
13.657 
13.593 
13.478 
13.304 
13.245 
13.662 
13.145 
13.139 
13.126 
13.103 
13.071 
13.084 
13.058 
13.053 
13.044 
h 
12.813 
12.785 
12.743 
12.701 
12.598 
12.421 
12.119 
11.712 
11.496 
11.477 
11.453 
11.424 
11.418 
11.405 
11.381 
11.332 
11.244 
11.099 
10.995 
10.919 
10.892 
10.84 
10.745 
10.659 
10.609 
10.551 
10.488 
10.402 
10.38 
10.316 
10.279 
10.254 
10.239 
10.214 
10.169 
10.094 
10.006 
9.879 
9.672 
9.881 
11.29 
9.235 
9.198 
9.164 
9.125 
9.088 
9.155 
9.058 
9.05 
9.041 
9.029 
9.01 
8.976 
8.923 
8.87 
8.848 
8.835 
8.813 
8.786 
8.76 
8.738 
8.703 
8.647 
8.591 
8.758 
8.526 
8.517 
8.498 
8.464 
8.449 
8.429 
8.422 
8.409 
8.392 
8.374 
8.341 
8.284 
8.184 
8.284 
8.356 
8.084 
8.079 
8.07 
8.052 
8.021 
8.069 
7.998 
7.982 
7.976 
7.968 
7.951 
7.924 
7.89 
7.893 
7.89 
7.857 
7.852 
7.841 
7.825 
7.803 
h 
7.492 
7.595 
7.532 
7.458 
7.432 
7.381 
7.287 
7.122 
6.872 
6.669 
6.612 
6.593 
6.535 
6.51 
6.486 
6.449 
6.437 
6.412 
6.371 
6.339 
6.353 
6.319 
6.312 
6.305 
6.309 
6.296 
6.286 
6.277 
6.268 
6.243 
6.209 
6.219 
6.212 
6.192 
6.188 
6.183 
6.175 
6.171 
6.168 
h 
6.127 
6.126 
6.165 
6.114 
6.093 
6.052 
5.974 
5.849 
5.705 
5.694 
5.676 
5.646 
5.595 
5.52 
5.398 
5.327 
5.297 
5.235 
5.218 
5.185 
5.128 
5.047 
4.983 
4.982 
4.945 
4.914 
4.862 
4.785 
4.669 
4.562 
4.863 
4.643 
4.552 
4.535 
4.516 
4.5 
4.485 
4.455 
4.436 
4.41 
4.403 
4.389 
4.384 
4.38 
4.37 
4.355 
4.354 
4.375 
4.36 
4.336 
4.331 
4.324 
4.315 
4.309 
4.301 
4.283 
4.263 
4.237 
4.215 
4.215 
4.207 
4.206 
4.201 
4.197 
4.181 
4.169 
4.161 
4.155 
4.151 
4.143 
4.13 
4.114 
4.133 
4.131 
4.094 
4.093 
4.09 
4.083 
4.074 
4.058 
4.042 
4.119 
4.039 
4.025 
4.024 
4.022 
4.019 
4.013 
4.008 
4.01 
4.013 
h 
3.88 
3.873 
3.865 
3.848 
3.832 
3.802 
3.759 
3.674 
3.538 
3.389 
3.299 
3.15 
3.028 
2.865 
2.887 
2.817 
2.8 
2.762 
2.744 
2.731 
2.689 
2.676 
2.673 
2.677 
2.668 
2.672 
2.666 
2.684 
2.665 
h 
2.554 
2.555 
2.555 
2.555 
2.552 
2.549 
2.525 
2.485 
2.412 
2.294 
2.169 
2.123 
2.131 
2.023 
1.973 
1.912 
1.948 
1.913 
1.897 
1.871 
1.84 
1.881 
1.833 
1.851 
1.837 
1.832 
1.824 
1.824 
1.816 
1.833 
1.811 
1.811 
1.811 
1.806 
1.797 
1.783 
1.783 
1.77 
1.766 
1.771 
1.77 
1.771 
1.77 
1.769 
h 
1.536 
1.537 
1.532 
1.533 
1.535 
1.537 
1.53 
1.51 
1.477 
1.419 
1.332 
1.26 
1.234 
1.192 
1.16 
1.101 
1.121 
1.134 
1.135 
1.14 
1.128 
1.112 
1.133 
1.115 
1.102 
1.117 
1.114 
1.09 
1.093 
1.1 
1.089 
1.097 
1.084 
1.079 
1.109 
1.068 
1.081 
1.089 
1.095 
1.089 
1.08 
1.096 
1.063 
1.068 
1.07 
1.074 
1.061 
1.081 
1.073 
1.072 
1.072 
1.057 
1.068 
1.058 
1.062 
1.065 
1.056 
1.098 
1.065 
1.067 
1.07 
1.071 
1.066 
1.08 
1.042 
1.156 
1.055 
1.057 
1.059 
1.064 
1.067 
1.061 
1.055 
1.051 
1.052 
1.049 
1.045 
1.054 
1.025 
1.115 
1.024 
1.027 
1.031 
1.036 
1.037 
1.039 
1.026 
1.023 
1.017 
1.012 
1.005 
1.045 
1.008 
1.007 
1.006 
1.005 
1.0 
1.006 
1.0 
0.998 
h 
0.914 
0.9 
0.89 
0.887 
0.884 
0.879 
0.872 
0.864 
0.847 
0.815 
0.751 
0.649 
0.604 
0.565 
0.506 
0.476 
0.431 
0.37 
0.294 
