28.763 
28.506 
27.781 
26.395 
25.168 
25.149 
25.12 
25.072 
25.019 
25.168 
25.014 
25.011 
25.011 
h 
23.601 
23.565 
23.482 
23.347 
23.189 
22.901 
22.397 
21.699 
21.16 
20.742 
20.27 
19.877 
19.818 
19.775 
19.678 
19.493 
19.221 
19.043 
18.907 
18.775 
18.538 
18.285 
18.173 
17.983 
17.78 
17.692 
17.643 
17.596 
17.526 
17.4 
17.279 
17.255 
17.212 
17.151 
17.081 
16.958 
16.743 
16.459 
16.215 
16.48 
16.955 
15.911 
15.888 
15.869 
15.83 
15.756 
15.639 
15.501 
15.693 
15.448 
15.42 
15.417 
15.412 
15.401 
15.382 
15.36 
15.353 
15.337 
h 
13.979 
13.918 
13.865 
13.837 
13.799 
13.727 
13.606 
13.456 
13.297 
13.2 
13.134 
13.067 
13.016 
12.981 
12.912 
12.782 
12.559 
12.256 
13.488 
12.625 
12.045 
12.0 
11.921 
11.802 
11.709 
11.671 
11.627 
11.595 
11.535 
11.435 
11.319 
11.374 
11.289 
11.188 
11.175 
11.15 
11.093 
11.03 
10.959 
10.897 
10.932 
10.832 
10.821 
10.8 
10.764 
10.702 
10.692 
10.666 
10.634 
10.627 
10.612 
10.583 
10.534 
10.455 
10.52 
10.449 
10.444 
10.434 
10.422 
10.4 
10.354 
10.336 
10.301 
10.286 
10.256 
10.226 
10.178 
10.236 
10.171 
10.161 
10.142 
10.115 
10.075 
10.009 
9.981 
10.075 
9.924 
9.917 
9.903 
9.885 
9.853 
9.798 
9.931 
9.803 
9.781 
9.78 
9.774 
9.763 
9.744 
9.736 
9.716 
9.729 
h 
9.146 
9.131 
9.104 
9.073 
9.058 
9.012 
8.926 
8.774 
8.546 
8.281 
8.211 
8.094 
8.059 
8.006 
7.926 
7.862 
7.76 
7.68 
7.605 
7.552 
7.485 
7.451 
7.408 
7.394 
7.385 
7.378 
7.366 
7.342 
7.301 
7.243 
7.449 
7.23 
7.226 
7.219 
7.207 
7.186 
7.153 
7.173 
7.161 
7.13 
7.13 
7.129 
7.127 
7.123 
7.118 
h 
6.8 
6.781 
6.756 
6.745 
6.726 
6.697 
6.673 
6.634 
6.583 
6.513 
6.415 
6.333 
6.293 
6.268 
6.251 
6.218 
6.158 
6.09 
6.188 
6.068 
6.061 
6.05 
6.034 
6.005 
5.962 
5.898 
5.944 
6.162 
5.821 
5.817 
5.809 
5.793 
5.772 
5.756 
5.737 
5.728 
5.718 
5.712 
5.706 
5.702 
5.694 
5.677 
5.648 
5.62 
5.638 
5.6 
5.595 
5.593 
5.59 
5.583 
5.574 
5.558 
5.539 
5.625 
5.528 
5.527 
5.526 
5.522 
5.52 
5.516 
5.502 
5.496 
5.487 
h 
5.224 
5.209 
5.19 
5.158 
5.12 
5.081 
5.054 
5.026 
5.002 
4.982 
4.93 
4.876 
4.846 
4.8 
4.738 
4.742 
4.706 
4.704 
4.701 
4.691 
4.691 
4.693 
4.694 
4.691 
4.692 
4.693 
4.693 
4.695 
h 
4.431 
4.412 
4.385 
4.361 
4.349 
4.333 
4.317 
4.306 
4.277 
4.222 
4.136 
4.047 
4.13 
4.043 
4.03 
4.029 
4.027 
4.026 
4.026 
4.022 
4.013 
3.999 
3.998 
3.996 
4.015 
3.986 
3.981 
3.976 
3.971 
3.972 
h 
3.966 
3.953 
3.938 
3.932 
3.929 
3.929 
3.93 
3.936 
h 
3.915 
3.904 
3.888 
3.867 
3.86 
3.781 
3.767 
3.77 
3.766 
3.75 
3.7 
3.697 
3.689 
3.645 
3.638 
3.625 
3.604 
3.596 
3.56 
4.32 
3.565 
3.549 
3.547 
3.543 
3.533 
3.516 
3.484 
3.439 
3.348 
3.257 
5.81 
3.227 
3.209 
3.2 
3.194 
3.183 
3.167 
3.139 
3.098 
3.019 
3.062 
3.139 
2.982 
2.961 
2.954 
2.952 
2.95 
2.949 
2.944 
2.911 
2.906 
2.895 
2.887 
2.895 
2.885 
2.883 
2.88 
2.882 
2.875 
2.874 
2.875 
2.871 
2.877 
2.867 
2.863 
h 
2.78 
2.774 
2.767 
2.762 
2.754 
2.739 
2.71 
2.656 
2.559 
2.591 
2.452 
2.369 
2.362 
2.378 
2.32 
2.31 
2.299 
2.276 
2.247 
2.193 
2.203 
2.133 
2.127 
2.116 
2.102 
2.081 
2.061 
2.132 
2.055 
2.048 
2.039 
2.029 
2.009 
2.015 
1.96 
2.174 
1.969 
1.957 
1.947 
1.94 
1.928 
1.888 
1.912 
1.891 
1.854 
1.849 
1.849 
1.85 
1.841 
1.827 
1.803 
1.886 
1.823 
1.792 
1.788 
1.782 
1.766 
1.757 
1.718 
1.71 
1.709 
1.705 
1.697 
1.692 
1.666 
1.659 
1.671 
1.652 
1.646 
1.639 
1.633 
1.63 
1.622 
1.593 
1.623 
1.588 
1.588 
1.588 
1.594 
1.587 
1.581 
1.566 
1.586 
1.574 
1.557 
1.551 
1.538 
1.524 
1.532 
1.505 
1.524 
1.511 
1.509 
1.508 
1.507 
1.506 
1.502 
1.498 
1.516 
1.494 
h 
1.45 
1.437 
1.414 
1.392 
1.386 
1.384 
1.379 
1.372 
1.365 
1.355 
1.349 
1.338 
1.317 
1.275 
1.191 
1.072 
1.099 
1.048 
1.008 
0.977 
0.931 
0.894 
0.856 
0.818 
0.821 
0.835 
