28.729 
28.519 
27.937 
26.858 
25.91 
25.849 
25.746 
25.559 
25.323 
25.246 
25.244 
25.184 
25.175 
25.161 
25.143 
25.122 
25.109 
25.101 
h 
23.423 
23.364 
23.244 
23.073 
22.846 
22.427 
21.795 
21.305 
21.0 
20.763 
20.454 
19.975 
19.208 
17.945 
16.968 
23.462 
16.412 
16.236 
16.138 
16.07 
16.008 
15.895 
15.69 
15.378 
15.703 
15.573 
15.029 
14.977 
14.881 
14.721 
14.539 
14.374 
15.538 
14.312 
14.301 
14.28 
14.242 
14.196 
14.163 
14.129 
14.098 
14.087 
14.158 
14.064 
14.062 
14.059 
14.052 
h 
13.574 
13.566 
13.555 
13.533 
13.49 
13.421 
13.367 
13.253 
13.179 
13.165 
13.144 
13.111 
13.095 
13.074 
13.051 
13.045 
13.032 
13.028 
13.022 
13.01 
h 
12.991 
12.985 
12.965 
12.915 
12.809 
12.599 
12.212 
11.581 
10.868 
10.524 
10.365 
10.154 
9.915 
9.805 
9.737 
9.656 
9.518 
9.305 
9.095 
9.739 
8.848 
8.685 
8.664 
8.622 
8.538 
8.376 
8.222 
8.22 
8.116 
8.068 
8.022 
7.982 
7.915 
7.816 
7.656 
7.44 
8.275 
8.154 
7.304 
7.25 
7.208 
7.138 
7.032 
6.985 
6.932 
6.93 
6.927 
6.922 
6.911 
6.894 
6.873 
6.84 
6.819 
6.782 
6.715 
6.596 
6.453 
10.214 
6.434 
6.431 
6.424 
6.413 
6.395 
6.384 
6.377 
6.373 
6.37 
h 
6.355 
6.352 
6.344 
6.326 
6.304 
6.261 
6.193 
6.076 
5.929 
5.861 
5.769 
5.671 
5.585 
5.52 
5.499 
5.507 
5.433 
5.405 
5.359 
5.308 
5.226 
5.19 
5.365 
5.132 
5.125 
5.114 
5.098 
5.072 
5.031 
5.013 
5.001 
4.987 
4.979 
4.973 
4.964 
4.949 
4.926 
4.887 
4.901 
4.876 
4.875 
4.873 
4.869 
4.865 
4.864 
4.857 
h 
4.44 
4.419 
4.385 
4.358 
4.343 
4.327 
4.298 
4.26 
4.157 
3.99 
3.758 
3.664 
3.602 
3.492 
3.424 
3.326 
3.26 
3.18 
3.137 
3.103 
3.089 
3.086 
3.063 
3.025 
2.993 
2.975 
2.964 
2.995 
2.953 
2.948 
2.936 
2.917 
2.903 
2.9 
2.871 
2.865 
2.855 
2.831 
2.828 
2.824 
2.811 
2.808 
2.796 
2.788 
2.779 
2.77 
2.778 
2.75 
2.735 
2.721 
2.718 
2.715 
2.709 
2.693 
2.694 
2.667 
2.671 
2.666 
2.663 
2.655 
2.684 
2.654 
2.655 
2.652 
2.647 
2.642 
h 
2.327 
2.326 
2.325 
2.322 
2.318 
2.31 
2.295 
2.267 
2.217 
2.126 
1.99 
1.842 
1.752 
1.664 
1.662 
1.64 
1.634 
1.625 
1.61 
1.607 
1.643 
1.615 
1.554 
1.531 
1.543 
1.539 
1.538 
1.541 
1.544 
1.55 
1.558 
1.549 
1.547 
1.545 
1.538 
1.522 
1.602 
1.533 
1.589 
1.545 
1.536 
1.522 
1.529 
1.502 
1.525 
1.522 
1.517 
1.52 
1.515 
1.512 
1.496 
1.75 
1.53 
1.514 
1.514 
1.512 
1.518 
1.531 
1.525 
1.51 
1.74 
1.515 
1.528 
1.532 
1.542 
1.561 
1.557 
1.559 
1.562 
1.567 
1.569 
1.575 
1.575 
1.577 
1.546 
1.548 
1.546 
1.526 
1.518 
1.505 
1.499 
1.514 
1.484 
1.482 
1.483 
1.485 
1.489 
1.491 
1.488 
1.474 
1.539 
1.496 
1.502 
1.503 
1.502 
1.499 
1.493 
1.482 
1.672 
1.59 
h 
1.527 
1.473 
1.423 
1.423 
1.422 
1.42 
1.417 
1.408 
1.393 
1.394 
1.379 
1.355 
1.332 
1.296 
1.276 
1.322 
1.357 
1.287 
1.291 
1.289 
1.285 
1.29 
1.296 
1.297 
1.294 
1.288 
h 
1.206 
1.245 
1.206 
1.2 
1.199 
1.195 
1.194 
1.179 
1.169 
1.151 
1.122 
1.087 
1.072 
1.024 
1.085 
1.011 
1.01 
1.013 
1.006 
0.999 
0.998 
0.999 
0.992 
0.982 
0.97 
0.96 
0.949 
0.949 
0.946 
0.942 
0.932 
0.926 
0.917 
0.901 
0.891 
0.87 
0.874 
0.861 
0.852 
0.849 
0.846 
0.844 
0.844 
0.843 
0.843 
0.842 
0.841 
0.836 
0.831 
0.828 
0.827 
0.823 
0.824 
0.817 
0.81 
0.809 
0.81 
0.81 
0.811 
0.809 
0.807 
0.808 
0.805 
0.802 
0.798 
0.792 
0.788 
0.797 
0.787 
0.786 
0.785 
0.782 
0.778 
0.766 
0.777 
0.769 
0.768 
0.765 
0.761 
0.757 
0.758 
0.752 
0.751 
0.748 
0.747 
0.743 
0.742 
0.73 
0.734 
0.733 
0.731 
0.726 
0.72 
0.705 
0.758 
0.713 
0.706 
0.699 
0.695 
0.694 
h 
0.551 
0.546 
0.541 
0.536 
0.546 
0.536 
0.534 
0.529 
0.518 
0.499 
0.469 
0.421 
0.36 
0.518 
0.354 
