25.079 
25.078 
25.076 
25.071 
25.064 
25.054 
25.048 
25.04 
h 
23.691 
23.627 
23.52 
23.348 
22.997 
22.341 
21.303 
20.306 
19.642 
19.334 
18.926 
18.648 
18.491 
18.182 
17.774 
17.118 
16.326 
16.376 
15.942 
15.802 
15.707 
15.584 
15.428 
15.24 
15.075 
15.013 
14.942 
14.816 
14.661 
14.511 
14.45 
14.333 
14.137 
13.924 
13.595 
13.226 
18.381 
13.138 
13.123 
13.091 
13.029 
12.913 
12.752 
12.636 
12.847 
12.551 
12.541 
12.522 
12.491 
12.461 
12.41 
12.377 
12.331 
12.279 
12.253 
12.224 
12.215 
12.199 
12.183 
12.172 
12.153 
12.123 
12.09 
12.196 
12.22 
12.073 
12.071 
12.067 
12.058 
h 
10.978 
10.936 
10.912 
10.885 
10.831 
10.724 
10.524 
10.194 
9.847 
9.547 
9.797 
9.427 
9.399 
9.347 
9.264 
9.177 
9.026 
8.868 
8.831 
8.775 
8.741 
8.69 
8.636 
8.536 
8.369 
8.33 
8.337 
8.136 
8.105 
8.056 
7.998 
7.912 
7.881 
7.835 
7.815 
7.791 
7.756 
7.706 
7.647 
7.601 
7.538 
7.433 
7.328 
7.439 
7.217 
7.191 
7.187 
7.182 
7.173 
7.157 
7.129 
7.074 
7.043 
7.012 
6.998 
6.976 
6.937 
6.874 
6.77 
6.861 
6.993 
6.664 
6.658 
6.645 
6.622 
6.592 
6.552 
6.512 
6.485 
6.466 
6.461 
6.451 
6.432 
6.397 
6.343 
6.255 
6.476 
6.233 
6.198 
6.194 
6.19 
6.181 
6.164 
6.131 
6.073 
6.074 
6.278 
5.951 
5.944 
5.932 
5.922 
5.904 
5.889 
5.871 
5.848 
5.861 
5.833 
5.826 
5.813 
5.802 
h 
5.589 
5.604 
5.568 
5.548 
5.516 
5.453 
5.332 
5.131 
4.874 
4.721 
4.598 
4.851 
4.566 
4.501 
4.498 
4.493 
4.484 
4.469 
4.452 
4.437 
4.437 
4.458 
4.423 
4.422 
4.42 
4.418 
4.413 
h 
4.019 
3.973 
3.93 
3.926 
3.921 
3.911 
3.892 
3.857 
3.793 
3.69 
3.604 
3.752 
3.578 
3.374 
3.324 
3.284 
3.256 
3.217 
3.156 
3.076 
2.989 
3.132 
2.92 
2.881 
2.874 
2.869 
2.859 
2.848 
2.843 
2.825 
2.794 
2.75 
2.711 
2.718 
2.707 
2.692 
2.689 
2.684 
2.673 
2.651 
2.613 
2.576 
2.581 
2.547 
2.537 
2.527 
2.517 
2.502 
2.491 
2.481 
2.443 
2.432 
2.424 
2.417 
2.409 
2.405 
2.399 
2.391 
2.389 
2.374 
2.363 
2.348 
2.333 
2.333 
2.348 
2.318 
2.314 
2.311 
2.305 
2.296 
2.282 
2.266 
2.253 
2.256 
2.247 
2.234 
2.231 
2.225 
2.214 
2.197 
2.184 
2.174 
2.216 
2.165 
2.162 
2.157 
2.147 
2.13 
2.101 
2.065 
2.247 
2.042 
2.039 
2.036 
2.031 
2.022 
2.006 
1.986 
2.026 
1.978 
h 
1.894 
1.888 
1.879 
1.866 
1.863 
1.851 
1.834 
1.808 
1.764 
1.703 
1.664 
1.629 
1.616 
1.606 
1.584 
1.566 
1.542 
1.525 
1.6 
1.53 
1.51 
1.506 
1.502 
1.501 
1.5 
1.498 
1.495 
1.494 
1.491 
1.489 
1.485 
1.485 
1.482 
1.482 
1.482 
1.482 
h 
1.377 
1.368 
1.353 
1.339 
1.338 
1.336 
1.332 
1.324 
1.311 
1.293 
1.263 
1.214 
1.168 
1.151 
1.112 
1.097 
1.088 
1.076 
1.05 
1.028 
1.014 
1.008 
1.002 
0.994 
0.978 
0.96 
0.928 
0.915 
0.988 
0.898 
0.896 
0.892 
0.886 
0.875 
0.861 
0.841 
0.832 
0.822 
