25.568 
25.56 
25.538 
25.495 
25.444 
25.431 
25.42 
25.396 
h 
24.708 
24.63 
24.474 
24.179 
23.638 
22.662 
21.298 
20.494 
19.852 
19.484 
19.122 
18.853 
18.326 
17.354 
15.888 
17.098 
16.98 
15.088 
15.075 
15.06 
15.024 
14.948 
14.801 
14.533 
14.107 
13.789 
14.978 
13.693 
13.679 
13.656 
13.62 
13.552 
13.437 
13.28 
13.259 
13.365 
13.017 
12.984 
12.939 
12.874 
12.816 
12.767 
12.743 
12.725 
12.705 
12.675 
12.641 
12.617 
12.593 
12.569 
12.545 
12.503 
12.434 
12.343 
12.543 
12.323 
12.259 
12.256 
12.249 
12.236 
12.209 
12.159 
12.075 
12.066 
12.177 
11.981 
11.974 
11.964 
11.947 
11.933 
11.908 
11.877 
11.89 
11.86 
11.857 
11.852 
11.845 
h 
10.986 
10.841 
10.658 
10.605 
10.57 
10.501 
10.38 
10.153 
9.766 
9.226 
8.952 
8.922 
8.732 
8.679 
8.606 
8.505 
8.401 
8.362 
8.273 
8.214 
8.14 
8.032 
7.83 
7.488 
7.897 
7.386 
7.195 
7.175 
7.138 
7.071 
6.971 
6.854 
6.683 
7.155 
6.638 
6.579 
6.569 
6.549 
6.512 
6.474 
6.447 
6.413 
6.357 
6.296 
6.342 
6.22 
6.2 
6.189 
6.171 
6.136 
6.078 
6.048 
6.052 
5.982 
5.967 
5.941 
5.911 
5.881 
5.847 
5.823 
5.782 
5.73 
5.762 
5.707 
5.702 
5.692 
5.672 
5.637 
5.579 
5.51 
5.924 
5.477 
5.469 
5.455 
5.428 
5.384 
5.315 
5.452 
5.863 
5.256 
5.255 
5.253 
5.25 
5.244 
5.239 
5.227 
5.207 
5.181 
5.162 
5.155 
5.148 
5.14 
5.136 
5.129 
5.12 
5.117 
5.153 
5.113 
5.112 
5.11 
h 
5.105 
5.098 
5.093 
5.098 
5.048 
5.015 
4.952 
4.844 
4.682 
4.535 
4.711 
4.52 
4.465 
4.436 
4.391 
4.343 
4.332 
4.313 
4.29 
4.312 
4.273 
4.267 
4.259 
4.249 
4.231 
4.199 
4.183 
4.176 
4.158 
4.152 
4.141 
4.127 
4.112 
4.096 
4.066 
4.01 
4.035 
4.077 
3.936 
3.93 
3.92 
3.904 
3.887 
3.879 
3.868 
3.858 
3.857 
3.856 
3.854 
3.85 
3.843 
3.837 
3.836 
3.835 
3.832 
3.828 
3.821 
3.813 
3.806 
h 
3.696 
3.594 
3.565 
3.56 
3.551 
3.535 
3.502 
3.519 
3.433 
3.364 
3.253 
3.144 
3.259 
3.126 
3.112 
3.104 
3.09 
3.068 
3.033 
2.999 
3.043 
2.983 
2.97 
2.949 
2.923 
2.897 
2.864 
2.838 
2.812 
2.934 
2.803 
2.798 
2.792 
2.78 
2.761 
2.749 
2.729 
2.715 
2.716 
2.706 
2.702 
2.699 
2.694 
2.688 
2.678 
2.67 
2.684 
2.662 
2.66 
2.658 
2.656 
2.656 
2.653 
2.649 
h 
2.439 
2.399 
2.389 
2.385 
2.381 
2.374 
2.365 
2.345 
2.315 
2.264 
2.212 
2.147 
2.111 
2.082 
2.057 
2.031 
1.998 
1.989 
2.003 
1.959 
1.958 
1.954 
1.948 
1.947 
1.951 
1.925 
1.917 
1.905 
1.905 
1.901 
1.894 
1.886 
1.872 
1.855 
1.844 
1.959 
1.838 
1.836 
1.833 
1.828 
1.819 
1.803 
1.779 
1.867 
1.773 
1.771 
1.766 
1.758 
1.746 
1.733 
1.783 
1.73 
1.711 
1.708 
1.704 
1.701 
1.696 
1.687 
1.684 
1.68 
1.673 
1.677 
1.666 
1.666 
1.665 
1.664 
1.661 
1.656 
1.647 
1.641 
1.63 
1.612 
1.661 
1.605 
1.605 
1.604 
1.603 
1.599 
1.593 
1.582 
1.587 
1.575 
1.574 
1.574 
1.573 
1.572 
1.57 
1.566 
h 
1.48 
1.501 
1.479 
1.477 
1.472 
1.462 
1.449 
1.425 
1.387 
1.337 
1.296 
1.281 
1.273 
1.26 
1.241 
1.232 
1.211 
1.207 
1.203 
1.196 
1.183 
1.159 
1.117 
1.176 
1.292 
1.077 
1.071 
1.066 
1.063 
1.061 
1.057 
1.052 
1.056 
1.041 
1.04 
1.039 
1.038 
1.033 
1.028 
1.023 
1.014 
1.0 
0.978 
1.183 
0.976 
0.975 
0.973 
0.97 
0.969 
0.967 
0.964 
0.958 
0.954 
0.987 
0.949 
0.948 
0.947 
0.945 
0.943 
0.938 
0.949 
0.935 
0.935 
0.935 
0.935 
0.934 
0.932 
0.929 
0.924 
0.916 
1.017 
0.916 
0.916 
0.915 
0.914 
0.913 
0.91 
0.913 
0.908 
0.909 
h 
0.719 
0.708 
0.697 
0.691 
0.69 
0.687 
0.682 
0.671 
0.647 
0.605 
0.535 
0.45 
