30.62 
30.292 
29.354 
27.48 
25.562 
25.494 
25.413 
25.274 
25.114 
25.082 
25.049 
25.027 
25.022 
25.016 
25.005 
24.992 
25.013 
24.989 
24.984 
24.982 
24.979 
24.976 
h 
24.074 
24.027 
23.933 
23.789 
23.512 
22.973 
22.022 
20.669 
19.618 
19.059 
18.695 
18.571 
18.437 
18.392 
18.307 
18.148 
17.908 
17.716 
17.547 
17.435 
17.213 
16.796 
16.166 
17.868 
15.9 
15.654 
15.628 
15.583 
15.491 
15.315 
15.027 
14.726 
17.343 
14.629 
14.607 
14.561 
14.47 
14.3 
14.03 
15.549 
13.917 
13.873 
13.797 
13.677 
13.504 
13.698 
13.696 
13.383 
13.377 
13.363 
13.338 
13.29 
13.212 
13.26 
13.299 
13.078 
13.065 
13.042 
13.003 
12.934 
12.824 
12.7 
13.372 
12.918 
12.643 
12.641 
12.637 
12.631 
12.621 
12.601 
12.567 
12.512 
12.453 
13.382 
12.451 
12.449 
12.445 
12.437 
12.421 
12.392 
12.344 
12.296 
12.418 
12.285 
12.282 
12.275 
12.264 
12.26 
12.252 
12.251 
h 
11.401 
11.366 
11.294 
11.192 
11.126 
11.083 
11.004 
10.848 
10.553 
10.034 
9.271 
10.882 
10.246 
8.71 
8.696 
8.671 
8.627 
8.545 
8.402 
8.172 
7.887 
13.854 
7.833 
7.833 
7.826 
7.819 
7.809 
7.794 
7.781 
7.757 
7.718 
7.666 
7.63 
8.261 
7.608 
7.605 
7.599 
7.596 
7.59 
7.573 
7.585 
7.569 
7.567 
h 
7.242 
7.18 
7.118 
7.112 
7.107 
7.096 
7.076 
7.038 
6.975 
7.004 
6.923 
6.831 
6.819 
6.808 
6.787 
6.757 
6.721 
6.77 
6.71 
6.702 
6.687 
6.667 
6.648 
6.611 
6.6 
6.588 
6.571 
6.56 
6.537 
6.495 
6.424 
6.33 
8.416 
6.323 
6.318 
6.313 
6.307 
6.297 
6.28 
6.248 
6.191 
6.102 
7.558 
6.104 
6.101 
6.095 
6.091 
6.088 
6.083 
6.073 
6.056 
6.027 
6.035 
6.719 
5.989 
5.986 
5.982 
5.976 
5.967 
5.964 
5.956 
5.946 
5.951 
h 
6.247 
5.998 
5.857 
5.856 
5.857 
5.86 
5.856 
5.849 
5.839 
5.841 
5.841 
h 
5.753 
5.745 
5.748 
5.748 
5.747 
5.74 
5.732 
5.723 
h 
5.533 
5.519 
5.495 
5.484 
5.466 
5.432 
5.367 
5.243 
5.024 
4.717 
4.616 
4.546 
4.522 
4.513 
4.503 
4.483 
4.472 
4.459 
4.445 
4.433 
4.419 
4.409 
4.394 
4.373 
4.344 
4.323 
4.316 
4.296 
4.291 
4.284 
4.274 
4.261 
4.251 
4.242 
4.249 
4.285 
4.199 
4.186 
4.184 
4.18 
4.176 
4.175 
4.173 
4.17 
4.161 
h 
4.305 
4.214 
4.08 
4.016 
4.008 
3.995 
3.971 
3.95 
3.962 
3.931 
3.925 
3.92 
3.91 
3.894 
3.869 
3.819 
3.784 
3.724 
3.631 
3.514 
4.057 
3.863 
3.446 
3.444 
3.442 
3.436 
3.426 
3.414 
3.407 
3.392 
3.366 
3.323 
3.408 
3.321 
3.285 
3.283 
3.279 
3.273 
3.262 
3.243 
3.26 
3.237 
3.234 
3.228 
3.223 
3.216 
3.203 
3.179 
3.18 
3.202 
3.142 
3.14 
3.136 
3.13 
3.114 
3.129 
3.112 
3.11 
3.106 
3.098 
3.084 
3.067 
3.238 
3.071 
3.042 
3.041 
3.039 
3.034 
3.022 
3.023 
3.011 
3.011 
3.009 
3.006 
2.997 
2.983 
2.958 
2.96 
3.039 
2.952 
2.95 
2.947 
2.948 
2.942 
2.939 
2.932 
2.923 
2.915 
2.906 
2.924 
2.902 
2.9 
2.896 
2.896 
2.894 
2.889 
h 
2.81 
2.816 
2.809 
2.806 
2.803 
2.796 
2.786 
2.769 
2.738 
2.689 
2.639 
2.706 
2.855 
2.595 
2.585 
2.574 
2.565 
2.552 
2.544 
2.58 
2.517 
2.508 
2.493 
2.471 
2.441 
2.42 
2.397 
2.611 
2.398 
2.389 
2.388 
2.386 
2.381 
2.371 
2.355 
2.331 
2.316 
2.415 
2.297 
2.295 
2.293 
2.289 
2.281 
2.267 
2.246 
2.331 
2.292 
2.247 
2.244 
2.241 
2.235 
2.23 
2.226 
2.222 
2.222 
2.219 
2.215 
2.21 
2.202 
2.189 
2.171 
2.26 
2.165 
2.164 
2.161 
2.155 
2.147 
2.138 
2.202 
2.134 
2.133 
2.132 
2.13 
2.126 
2.119 
2.113 
2.138 
2.111 
2.108 
2.107 
2.105 
2.102 
2.099 
2.095 
2.087 
2.076 
2.07 
2.069 
2.061 
2.059 
2.057 
2.052 
2.047 
2.041 
2.035 
2.031 
2.027 
2.024 
2.021 
2.015 
h 
1.911 
1.896 
1.879 
1.875 
1.869 
1.861 
1.852 
1.839 
1.816 
1.79 
1.745 
1.703 
1.674 
1.666 
1.661 
1.653 
1.644 
1.627 
1.597 
1.573 
1.587 
1.536 
1.534 
1.518 
1.507 
1.497 
1.487 
1.465 
1.446 
1.45 
1.423 
1.413 
1.409 
1.406 
1.402 
1.391 
1.381 
1.377 
1.372 
1.369 
1.364 
1.355 
1.346 
1.329 
1.328 
1.324 
1.322 
1.316 
1.306 
1.286 
1.308 
1.289 
1.282 
1.28 
1.279 
1.277 
1.276 
1.273 
1.267 
1.257 
1.289 
1.253 
1.253 
1.252 
1.25 
1.246 
1.238 
1.259 
1.242 
1.23 
1.23 
1.229 
1.224 
1.216 
1.203 
1.23 
1.223 
1.196 
1.194 
1.192 
1.188 
1.184 
1.177 
1.175 
1.206 
1.171 
1.17 
1.169 
1.166 
1.163 
1.159 
1.155 
1.153 
1.154 
1.153 
1.152 
1.152 
1.153 
1.153 
h 
1.109 
1.106 
1.103 
1.102 
1.099 
1.094 
1.085 
1.069 
1.039 
0.992 
0.96 
0.911 
0.886 
0.878 
0.871 
0.851 
0.824 
0.819 
1.082 
0.797 
0.791 
0.781 
0.766 
0.749 
0.724 
0.713 
0.708 
0.695 
0.686 
0.677 
0.676 
0.669 
0.659 
0.651 
