26.426 
26.339 
26.098 
25.665 
25.32 
25.292 
25.243 
25.168 
25.059 
25.067 
25.712 
24.957 
24.955 
24.952 
24.948 
24.944 
24.938 
24.958 
24.94 
24.936 
h 
22.746 
22.716 
22.625 
22.444 
22.2 
21.963 
21.534 
20.863 
20.166 
19.445 
19.138 
20.723 
17.992 
17.753 
17.486 
17.025 
16.438 
16.384 
16.987 
16.038 
16.008 
15.954 
15.852 
15.687 
15.519 
15.443 
15.325 
15.239 
15.106 
15.013 
15.004 
14.983 
14.947 
14.91 
14.878 
14.843 
14.832 
14.807 
14.759 
14.673 
14.56 
14.484 
14.522 
14.386 
14.37 
14.346 
14.316 
14.308 
14.301 
14.286 
14.262 
14.256 
h 
14.064 
14.042 
14.006 
13.927 
13.784 
13.524 
13.122 
12.684 
12.582 
12.47 
12.349 
12.25 
12.12 
12.11 
12.087 
11.973 
11.957 
11.927 
11.874 
11.774 
11.604 
11.471 
11.613 
11.241 
11.197 
11.123 
11.018 
10.909 
10.741 
10.477 
11.37 
10.46 
10.313 
10.293 
10.259 
10.212 
10.172 
10.153 
10.118 
10.07 
10.004 
9.948 
9.925 
9.881 
9.866 
9.842 
9.813 
9.768 
9.732 
9.698 
9.677 
9.663 
9.651 
9.628 
9.588 
9.531 
9.426 
9.258 
10.191 
9.439 
9.143 
9.136 
9.122 
9.096 
9.046 
8.965 
8.956 
9.378 
8.866 
8.861 
8.852 
8.845 
8.838 
8.823 
8.8 
8.803 
8.788 
h 
8.629 
8.617 
8.605 
8.597 
8.578 
8.541 
8.469 
8.336 
8.112 
7.815 
7.946 
7.722 
7.702 
7.664 
7.595 
7.542 
7.484 
7.395 
7.36 
7.351 
7.274 
7.263 
7.245 
7.221 
7.199 
7.224 
7.172 
7.161 
7.141 
7.108 
7.103 
7.143 
7.063 
7.051 
7.029 
6.999 
6.957 
6.96 
6.988 
6.929 
6.927 
6.923 
6.915 
6.901 
6.891 
h 
6.51 
6.482 
6.477 
6.469 
6.459 
6.439 
6.426 
6.406 
6.387 
6.307 
6.257 
6.205 
6.196 
6.164 
6.155 
6.146 
6.142 
6.143 
6.136 
6.124 
6.11 
6.085 
6.051 
6.025 
6.01 
5.987 
5.975 
5.953 
5.913 
5.882 
5.88 
5.862 
5.858 
5.852 
5.84 
5.82 
5.786 
5.742 
6.249 
5.99 
5.714 
5.7 
5.676 
5.636 
5.601 
5.596 
5.591 
5.583 
5.566 
5.569 
5.54 
5.544 
5.547 
5.548 
5.547 
5.545 
5.54 
h 
5.373 
5.344 
5.308 
5.272 
5.248 
5.241 
5.226 
5.198 
5.144 
5.051 
4.913 
4.773 
4.809 
4.744 
4.728 
4.706 
4.686 
4.68 
4.664 
4.632 
4.586 
4.586 
4.831 
4.558 
4.556 
4.556 
4.555 
4.55 
4.541 
4.525 
4.496 
4.491 
4.49 
4.489 
4.489 
4.489 
4.486 
4.482 
4.477 
h 
4.466 
4.435 
4.408 
4.389 
4.386 
4.38 
4.376 
4.37 
4.359 
4.339 
4.301 
4.257 
4.186 
4.332 
4.177 
4.16 
4.133 
4.124 
4.112 
4.061 
4.095 
4.065 
4.052 
4.03 
4.021 
4.004 
3.971 
3.925 
4.325 
3.904 
3.892 
3.874 
3.879 
3.882 
3.87 
3.85 
3.829 
3.786 
3.688 
3.44 
3.103 
3.708 
3.094 
3.091 
3.091 
3.092 
3.09 
3.085 
3.077 
3.062 
3.051 
3.032 
3.036 
3.074 
3.008 
3.006 
3.002 
2.997 
2.998 
2.999 
2.993 
2.992 
2.982 
h 
2.875 
2.884 
2.87 
2.864 
2.857 
2.85 
2.826 
2.825 
2.782 
2.739 
2.728 
2.724 
2.709 
2.687 
2.636 
2.601 
2.745 
2.599 
2.594 
2.584 
2.571 
2.573 
2.559 
2.582 
2.564 
2.552 
2.545 
2.533 
2.516 
2.511 
2.5 
2.496 
2.497 
2.498 
2.499 
2.503 
2.571 
2.501 
2.498 
2.495 
2.495 
2.494 
2.491 
2.492 
2.478 
2.485 
h 
2.472 
2.468 
2.461 
2.45 
2.449 
2.436 
2.44 
2.438 
2.435 
2.429 
2.426 
2.406 
2.412 
2.393 
2.388 
2.386 
2.375 
2.36 
2.36 
2.355 
2.343 
2.342 
2.341 
2.34 
2.34 
2.343 
2.32 
2.403 
2.326 
2.326 
2.326 
2.326 
2.326 
2.326 
2.363 
2.31 
2.314 
2.312 
2.309 
2.308 
2.302 
2.307 
2.289 
2.294 
h 
2.218 
2.213 
2.21 
2.2 
2.193 
2.195 
2.182 
2.178 
2.167 
2.15 
2.136 
2.151 
2.126 
2.092 
2.078 
2.061 
2.066 
2.049 
2.043 
2.027 
2.06 
2.037 
2.035 
2.032 
2.026 
2.036 
2.037 
2.02 
2.003 
1.976 
1.936 
2.053 
1.935 
1.934 
1.932 
1.921 
1.911 
1.897 
1.869 
1.904 
1.876 
1.874 
1.872 
1.869 
1.874 
1.86 
1.861 
1.858 
1.857 
1.853 
1.847 
1.855 
1.857 
1.825 
1.835 
1.837 
1.834 
1.83 
1.823 
1.802 
1.812 
1.779 
1.782 
1.788 
1.783 
1.778 
1.774 
1.776 
1.756 
1.77 
1.76 
1.759 
1.759 
1.753 
1.746 
1.75 
1.745 
h 
1.638 
1.641 
1.64 
1.639 
1.635 
1.637 
1.623 
1.599 
1.557 
1.507 
1.415 
1.351 
1.335 
1.289 
1.204 
1.182 
1.158 
1.147 
1.155 
1.143 
1.14 
1.136 
1.13 
1.125 
1.12 
1.111 
1.1 
1.1 
1.095 
1.093 
1.089 
1.087 
1.083 
1.083 
1.077 
1.073 
1.069 
1.064 
1.066 
1.061 
1.056 
1.051 
1.044 
1.04 
1.04 
1.038 
1.036 
1.035 
1.032 
1.031 
1.028 
1.024 
1.021 
1.016 
1.013 
1.025 
1.012 
1.012 
1.011 
1.009 
1.007 
1.005 
1.003 
0.998 
0.999 
0.995 
0.998 
0.988 
0.987 
0.985 
0.981 
0.989 
0.978 
0.98 
0.979 
0.977 
0.975 
0.971 
0.976 
0.971 
0.97 
0.969 
0.966 
0.966 
0.965 
0.965 
0.964 
0.964 
0.959 
0.962 
0.957 
0.957 
0.957 
h 
0.929 
0.926 
0.924 
0.921 
0.917 
0.913 
0.906 
0.892 
0.867 
0.814 
0.737 
0.712 
0.696 
0.69 
0.682 
0.667 
0.644 
0.615 
0.658 
0.612 
0.601 
0.598 
0.592 
0.591 
0.591 
0.591 
0.591 
0.587 
0.579 
0.571 
0.552 
0.623 
0.544 
0.542 
0.539 
0.531 
0.517 
0.498 
0.568 
0.647 
0.494 
0.478 
0.479 
0.479 
0.479 
0.477 
0.477 
0.473 
0.47 
0.465 
0.465 
0.463 
0.46 
0.459 
0.452 
0.484 
0.453 
0.453 
0.452 
0.451 
0.451 
0.446 
0.454 
0.447 
0.447 
0.447 
0.446 
0.445 
0.444 
0.446 
0.443 
0.443 
h 
0.409 
0.408 
0.406 
0.403 
0.398 
0.397 
0.473 
0.389 
