27.563 
27.413 
26.997 
26.23 
25.585 
25.514 
25.381 
25.158 
24.967 
26.091 
24.919 
24.917 
24.915 
24.913 
24.91 
24.907 
24.914 
24.906 
24.906 
h 
23.536 
23.508 
23.43 
23.267 
23.005 
22.612 
21.896 
20.785 
19.704 
19.041 
21.787 
18.562 
18.508 
18.4 
18.215 
17.958 
17.943 
17.79 
17.715 
17.613 
17.484 
17.235 
16.792 
16.337 
17.944 
16.101 
16.053 
15.985 
15.921 
15.833 
15.768 
15.764 
15.752 
15.73 
15.7 
15.688 
15.67 
15.635 
15.584 
15.536 
15.447 
15.297 
15.381 
15.485 
15.074 
15.053 
15.016 
14.966 
14.921 
14.859 
14.758 
14.681 
14.716 
14.598 
14.578 
14.546 
14.509 
14.481 
14.432 
14.351 
14.327 
14.682 
14.254 
14.249 
14.239 
14.22 
14.201 
14.176 
14.154 
14.113 
14.05 
14.039 
14.09 
13.986 
13.982 
13.975 
13.962 
13.942 
13.91 
h 
13.312 
13.028 
12.969 
12.932 
12.871 
12.749 
12.515 
12.105 
11.509 
11.1 
12.532 
10.763 
10.7 
10.612 
10.512 
10.35 
10.138 
10.047 
9.969 
9.915 
9.811 
9.621 
9.328 
9.258 
12.559 
9.008 
8.981 
8.973 
8.961 
8.942 
8.928 
8.912 
8.891 
8.883 
8.872 
8.86 
8.846 
8.822 
8.785 
8.771 
8.788 
8.73 
8.724 
8.717 
8.712 
8.707 
8.698 
8.68 
8.652 
8.746 
h 
8.997 
8.764 
8.566 
8.56 
8.553 
8.542 
8.521 
8.49 
8.471 
9.157 
8.458 
8.457 
8.456 
8.455 
8.452 
8.448 
8.439 
8.424 
8.403 
h 
8.11 
8.015 
7.985 
7.975 
7.954 
7.913 
7.836 
7.707 
7.491 
7.295 
7.219 
7.181 
7.162 
7.136 
7.092 
7.027 
7.031 
7.001 
6.958 
6.956 
6.955 
6.942 
6.92 
6.89 
6.861 
6.86 
6.843 
6.837 
6.831 
6.822 
6.813 
6.799 
6.783 
7.008 
6.778 
6.777 
6.775 
6.768 
6.756 
6.735 
6.698 
6.799 
6.746 
6.661 
6.654 
6.646 
6.635 
6.63 
6.627 
6.621 
6.609 
6.602 
h 
6.209 
6.276 
6.211 
6.203 
6.188 
6.161 
6.109 
6.01 
5.845 
5.64 
5.521 
5.408 
5.324 
5.238 
5.137 
5.015 
5.019 
4.998 
4.951 
4.939 
4.93 
4.927 
4.92 
4.909 
4.892 
4.874 
4.897 
4.87 
4.86 
4.846 
4.839 
4.83 
4.828 
4.826 
4.824 
4.815 
4.807 
4.806 
4.803 
h 
4.64 
4.628 
4.612 
4.584 
4.526 
4.467 
4.325 
4.08 
3.701 
3.29 
3.175 
3.018 
2.752 
2.454 
2.283 
2.27 
2.237 
2.185 
2.104 
2.023 
2.085 
2.055 
2.013 
2.002 
1.994 
1.976 
1.943 
1.889 
1.836 
2.922 
1.883 
1.881 
1.85 
1.842 
1.838 
1.831 
1.825 
1.815 
1.812 
1.808 
1.82 
1.763 
1.753 
1.768 
1.776 
1.769 
1.755 
1.737 
1.734 
1.727 
1.733 
1.692 
1.674 
1.674 
1.687 
1.687 
1.693 
1.724 
1.698 
1.701 
1.696 
1.689 
1.68 
1.691 
1.663 
1.662 
1.66 
1.644 
1.631 
1.697 
1.598 
1.616 
1.614 
1.619 
1.605 
1.601 
1.599 
1.599 
1.599 
1.571 
1.572 
1.578 
1.575 
1.577 
1.583 
1.577 
1.573 
1.568 
h 
1.526 
1.517 
1.51 
1.509 
1.507 
1.516 
1.499 
1.489 
1.476 
1.455 
1.418 
1.371 
1.354 
1.331 
1.299 
1.266 
1.224 
1.21 
1.177 
1.153 
1.148 
1.141 
1.125 
1.096 
1.069 
1.006 
1.027 
1.003 
0.97 
0.964 
0.954 
0.938 
0.919 
0.887 
0.851 
1.064 
0.986 
0.814 
0.79 
0.787 
0.784 
0.783 
0.781 
0.777 
0.771 
0.754 
0.754 
0.749 
0.752 
0.749 
0.745 
0.741 
0.733 
0.73 
0.724 
0.71 
0.734 
0.709 
0.704 
0.702 
0.7 
0.695 
0.685 
0.666 
0.695 
0.668 
