26.235 26.225 26.195 26.132 26.02 25.835 25.543 25.243 h 22.158 22.115 22.042 21.924 21.691 21.287 20.766 20.55 h 19.634 19.167 18.989 18.897 18.709 18.36 17.779 17.613 h 16.439 16.196 16.098 15.997 15.868 15.67 15.493 15.441 h 14.796 14.558 14.417 14.352 14.276 14.178 14.156 14.153 h 
35.006 34.554 33.2 30.163 25.662 25.176 25.086 25.062 h 22.899 22.734 22.644 22.605 22.522 22.362 22.07 21.666 h 19.656 18.957 18.802 18.603 18.488 18.343 17.825 17.3 h 16.56 16.451 16.401 16.284 16.129 15.861 15.476 15.179 h 13.848 13.745 13.596 13.451 13.292 13.125 12.819 12.343 h 11.469 11.339 11.348 11.333 11.303 11.243 11.117 10.921 h 9.904 10.008 9.959 9.942 9.92 9.902 9.867 9.799 9.647 9.48 h 9.235 9.998 9.131 9.078 9.028 8.957 8.867 8.688 8.481 8.437 h 
32.522 32.132 30.984 28.542 25.485 25.297 25.25 25.161 h 24.082 24.338 23.961 23.839 23.598 23.173 22.592 22.296 22.166 22.074 h 20.065 19.814 19.735 19.632 19.438 19.117 18.68 18.112 h 17.373 17.239 17.224 17.216 17.2 17.173 17.125 17.07 h 16.847 16.802 16.774 16.758 16.734 16.69 16.631 16.549 h 16.228 16.238 16.111 16.051 15.965 15.825 15.612 15.25 h 
26.392 26.281 25.977 25.442 25.081 25.062 25.035 24.989 h 24.831 24.975 24.675 24.42 23.915 23.04 21.922 21.545 h 20.51 20.123 19.769 19.318 18.465 17.314 16.078 15.032 h 13.859 14.083 13.276 13.008 12.918 12.809 12.757 12.639 12.46 12.181 h 10.677 10.087 12.762 9.987 9.904 9.746 9.47 9.047 8.675 8.552 8.499 h 7.552 7.452 7.396 7.336 7.267 7.198 7.07 6.852 h 6.339 6.198 6.215 6.21 6.2 6.182 6.155 6.145 h 5.519 5.51 5.496 5.466 5.451 5.42 5.364 5.252 h 4.737 4.66 4.599 4.558 4.53 4.501 4.464 4.451 h 4.314 4.11 4.07 4.057 4.047 4.033 4.03 4.005 h 3.725 3.669 3.654 3.789 3.6 3.573 3.524 3.44 3.339 3.197 3.154 3.111 h 3.029 3.031 2.979 2.953 2.937 2.909 2.86 2.775 h 2.434 2.421 2.39 2.375 2.359 2.341 2.311 2.286 h 2.118 2.083 2.058 2.05 2.036 2.011 1.969 1.987 h 1.819 
28.361 
27.187 27.038 26.628 25.884 25.303 25.276 25.229 25.146 h 23.356 23.269 23.063 23.005 22.893 22.668 22.244 21.517 h 19.868 20.419 23.836 18.899 18.801 18.748 18.667 18.544 18.332 17.975 17.522 h 16.403 16.054 15.896 15.885 15.844 15.761 15.599 15.346 h 13.365 13.238 13.15 12.986 12.724 12.385 11.893 11.212 h 10.501 10.474 10.432 10.428 10.422 10.41 10.388 10.352 h 10.199 10.155 10.145 10.178 10.097 10.077 10.042 9.981 h 9.587 9.547 9.489 9.423 9.326 9.175 8.91 8.653 h 
27.474 27.24 26.597 25.462 24.757 24.738 24.734 24.728 h 23.54 23.374 23.2 23.166 23.095 22.95 22.671 22.181 h 19.456 20.448 19.343 19.302 19.224 19.089 18.885 18.693 18.658 18.645 h 18.218 18.181 18.137 18.079 18.027 17.941 17.786 17.54 h 16.133 16.122 16.068 15.992 15.95 15.872 15.737 15.555 h 15.234 15.002 14.796 14.752 14.683 14.64 15.239 14.572 h 
27.457 
24.602 24.584 24.533 24.446 24.374 24.364 24.345 24.313 h 23.018 22.987 22.954 22.912 22.826 22.661 22.371 21.995 h 20.404 21.119 20.26 20.185 20.034 19.768 19.374 19.062 18.899 19.137 h 18.31 18.133 18.071 18.058 18.031 17.984 17.904 17.845 h 
26.632 26.562 26.373 26.037 25.735 25.719 25.697 25.647 h 24.4 24.301 24.18 24.015 23.756 23.298 22.685 22.366 h 20.738 20.508 20.435 20.343 20.229 20.017 19.658 19.186 h 18.606 18.628 18.56 18.545 18.538 18.531 18.516 18.509 h 
25.172 25.16 25.127 25.068 25.014 25.011 25.004 24.989 h 22.631 22.4 22.25 22.178 22.027 21.724 21.146 20.135 h 18.298 18.309 17.097 16.997 16.818 16.551 16.153 15.731 h 15.403 15.34 15.322 15.312 15.296 15.294 15.288 15.28 h 14.534 14.478 14.426 14.381 14.32 14.198 13.973 13.567 h 12.432 12.271 12.228 12.135 12.069 11.954 11.764 11.515 h 10.946 10.875 10.739 10.538 10.352 10.401 10.095 9.962 h 9.144 9.094 9.018 8.951 8.89 8.815 8.729 8.605 h 7.917 7.869 7.799 7.763 7.733 7.673 7.565 7.385 h 
30.305 30.002 29.128 27.363 25.468 25.392 25.337 25.319 h 24.128 24.081 23.981 23.793 23.45 22.858 21.992 21.331 h 19.285 18.943 18.549 18.096 17.545 16.957 16.431 16.114 h 16.029 15.667 15.433 15.344 15.31 15.26 15.206 15.19 h 15.272 15.153 15.002 14.957 14.954 14.951 14.947 14.944 h 14.322 14.291 14.237 14.163 14.083 14.086 14.021 13.963 h 
27.46 27.282 26.792 25.899 25.242 25.208 25.17 25.107 h 23.317 23.427 23.209 23.105 22.896 22.508 21.893 21.269 h 19.441 19.059 18.737 18.431 18.131 17.6 16.782 16.06 h 15.166 14.234 14.02 13.97 13.918 13.827 13.735 13.609 h 12.799 12.659 12.519 12.39 12.225 11.913 11.416 10.767 h 9.504 9.53 9.493 9.476 9.454 9.428 9.403 9.363 h 8.935 9.593 8.908 8.907 8.906 8.903 8.894 8.882 8.864 8.855 h 8.554 8.54 8.522 8.494 8.456 8.408 8.359 8.444 h 
27.371 
34.62 34.166 32.809 29.794 25.479 25.099 25.041 25.028 h 24.863 24.805 24.671 24.52 24.086 23.435 22.553 22.1 h 19.486 18.478 17.926 17.907 17.804 16.968 16.314 15.585 h 15.35 15.311 15.246 15.133 14.931 14.641 14.376 13.982 h 11.816 11.717 11.664 11.567 11.443 11.219 10.838 10.268 h 9.35 9.266 9.193 9.166 9.127 9.057 8.968 9.079 h 8.635 8.57 8.544 8.5 8.438 8.407 8.374 8.32 h 8.057 7.949 7.91 7.79 7.72 7.629 7.467 7.206 h 
28.233 27.962 27.211 25.842 24.871 24.831 24.787 24.742 h 24.245 24.199 24.162 24.084 23.934 23.673 23.312 23.118 h 22.831 22.785 22.705 22.538 22.218 21.728 21.176 21.136 h 21.106 20.412 20.136 20.125 20.116 20.107 20.105 20.103 h 
25.045 25.044 25.042 25.036 25.027 25.008 24.977 24.941 h 23.11 23.079 22.988 22.888 22.684 22.291 21.61 20.672 h 19.535 19.895 18.908 18.632 18.279 17.741 16.964 16.118 15.576 15.81 h 15.498 15.355 15.318 15.279 15.241 15.2 15.153 15.075 h 14.498 14.345 14.337 14.19 14.101 13.949 13.714 13.439 h 12.251 12.093 11.899 11.652 11.32 11.016 10.669 9.959 h 9.107 9.015 8.936 8.884 8.857 8.837 8.746 8.648 h 8.337 8.189 8.047 9.427 7.841 7.752 7.641 7.434 7.192 7.146 7.133 7.126 h 7.008 6.94 6.861 6.81 6.785 6.774 6.767 6.753 h 6.355 6.315 6.276 6.263 6.215 6.169 6.083 5.933 h 5.026 5.003 4.983 4.967 4.952 4.927 4.88 4.794 h 4.559 4.373 4.255 4.124 3.968 3.877 3.664 3.606 h 3.165 3.038 2.911 2.857 2.794 2.725 2.697 2.65 h 2.474 2.448 2.431 2.37 2.318 2.277 2.21 2.117 h 1.632 1.519 1.432 1.361 1.35 1.345 1.335 1.299 h 1.17 1.155 1.144 1.117 1.089 1.08 1.042 1.034 h 0.983 0.966 0.951 0.941 0.937 0.931 0.934 0.93 h 0.926 0.925 0.924 0.922 0.92 0.917 0.913 0.905 h 0.928 0.836 0.794 0.737 0.721 0.722 0.715 0.713 h 0.517 0.499 0.474 0.466 0.458 0.453 0.443 0.424 h 0.333 0.27 
26.735 
27.102 26.949 26.531 25.785 25.264 25.237 25.2 25.145 h 24.585 24.657 24.496 24.319 24.028 23.528 22.902 22.706 h 20.254 19.721 19.352 19.222 18.971 18.529 17.821 17.043 h 16.556 17.043 16.327 16.314 16.289 16.252 16.213 16.319 16.188 16.183 h 15.624 15.594 15.578 15.564 15.549 15.52 15.465 15.369 h 14.333 13.923 13.722 13.689 13.633 13.537 13.386 13.122 h 
27.524 27.391 27.026 26.367 25.806 25.654 25.433 25.226 h 22.615 22.332 22.28 22.213 22.086 21.848 21.461 21.045 h 20.136 19.989 19.815 19.542 19.18 18.581 17.68 16.964 h 17.148 16.143 15.981 15.933 15.873 15.76 15.572 15.343 h 14.739 14.618 14.485 14.398 14.366 14.215 14.003 13.647 h 13.161 12.992 12.817 12.62 12.346 12.211 12.049 11.879 h 
