26.392 
26.281 
25.977 
25.442 
25.081 
25.062 
25.035 
24.989 
h 
24.831 
24.975 
24.675 
24.42 
23.915 
23.04 
21.922 
21.545 
h 
20.51 
20.123 
19.769 
19.318 
18.465 
17.314 
16.078 
15.032 
h 
13.859 
14.083 
13.276 
13.008 
12.918 
12.809 
12.757 
12.639 
12.46 
12.181 
h 
10.677 
10.087 
12.762 
9.987 
9.904 
9.746 
9.47 
9.047 
8.675 
8.552 
8.499 
h 
7.552 
7.452 
7.396 
7.336 
7.267 
7.198 
7.07 
6.852 
h 
6.339 
6.198 
6.215 
6.21 
6.2 
6.182 
6.155 
6.145 
h 
5.519 
5.51 
5.496 
5.466 
5.451 
5.42 
5.364 
5.252 
h 
4.737 
4.66 
4.599 
4.558 
4.53 
4.501 
4.464 
4.451 
h 
4.314 
4.11 
4.07 
4.057 
4.047 
4.033 
4.03 
4.005 
h 
3.725 
3.669 
3.654 
3.789 
3.6 
3.573 
3.524 
3.44 
3.339 
3.197 
3.154 
3.111 
h 
3.029 
3.031 
2.979 
2.953 
2.937 
2.909 
2.86 
2.775 
h 
2.434 
2.421 
2.39 
2.375 
2.359 
2.341 
2.311 
2.286 
h 
2.118 
2.083 
2.058 
2.05 
2.036 
2.011 
1.969 
1.987 
h 
1.819 
