28.019 
27.825 
27.287 
26.296 
25.503 
25.42 
25.273 
25.044 
h 
23.757 
23.781 
23.602 
23.559 
23.472 
23.303 
22.995 
22.516 
h 
21.234 
20.943 
20.814 
20.949 
20.378 
20.011 
19.493 
19.202 
h 
17.488 
17.215 
17.155 
17.077 
16.924 
16.657 
16.279 
15.77 
h 
14.303 
14.363 
14.134 
14.05 
13.92 
13.684 
13.362 
12.958 
h 
12.332 
11.99 
11.915 
11.897 
11.879 
11.841 
11.766 
11.642 
h 
11.103 
10.973 
10.965 
10.965 
10.963 
10.948 
10.923 
10.89 
h 
10.351 
10.398 
10.251 
10.231 
10.207 
10.149 
10.042 
9.851 
h 
