27.46 
27.282 
26.792 
25.899 
25.242 
25.208 
25.17 
25.107 
h 
23.317 
23.427 
23.209 
23.105 
22.896 
22.508 
21.893 
21.269 
h 
19.441 
19.059 
18.737 
18.431 
18.131 
17.6 
16.782 
16.06 
h 
15.166 
14.234 
14.02 
13.97 
13.918 
13.827 
13.735 
13.609 
h 
12.799 
12.659 
12.519 
12.39 
12.225 
11.913 
11.416 
10.767 
h 
9.504 
9.53 
9.493 
9.476 
9.454 
9.428 
9.403 
9.363 
h 
8.935 
9.593 
8.908 
8.907 
8.906 
8.903 
8.894 
8.882 
8.864 
8.855 
h 
8.554 
8.54 
8.522 
8.494 
8.456 
8.408 
8.359 
8.444 
h 
