25.087 
25.085 
25.08 
25.069 
25.056 
25.043 
25.03 
25.012 
h 
23.947 
23.881 
23.839 
23.755 
23.584 
23.275 
22.819 
22.492 
h 
19.723 
19.128 
18.936 
18.835 
18.628 
18.253 
17.724 
17.08 
h 
16.001 
16.026 
15.826 
15.725 
15.571 
15.306 
14.864 
14.307 
h 
11.987 
11.911 
11.833 
11.692 
11.537 
11.256 
10.771 
9.974 
h 
8.016 
7.93 
7.814 
7.769 
7.697 
7.662 
7.563 
7.445 
h 
7.304 
7.295 
7.221 
7.174 
7.103 
7.013 
6.914 
6.747 
h 
6.411 
6.355 
6.339 
6.32 
6.307 
6.301 
6.279 
6.252 
h 
5.984 
5.955 
5.939 
5.921 
5.889 
5.827 
5.714 
5.553 
h 
