28.903 
28.581 
27.687 
26.046 
24.907 
24.87 
24.869 
24.866 
h 
23.271 
23.198 
23.144 
23.091 
22.989 
22.829 
22.591 
22.31 
h 
21.718 
21.514 
21.111 
20.429 
22.227 
20.108 
20.075 
20.035 
19.944 
19.752 
19.376 
18.703 
17.688 
h 
18.392 
16.602 
16.39 
16.367 
16.359 
16.353 
16.342 
16.327 
h 
15.323 
15.254 
15.225 
15.173 
15.088 
14.99 
14.941 
14.766 
h 
14.385 
14.233 
14.082 
13.926 
13.719 
13.403 
12.971 
12.381 
h 
11.853 
11.835 
11.834 
11.819 
11.807 
11.783 
11.74 
11.666 
h 
10.45 
10.412 
10.366 
10.324 
10.265 
10.171 
10.034 
10.059 
h 
9.766 
9.498 
9.475 
9.446 
9.422 
9.388 
9.338 
9.277 
h 
