25.045 
25.044 
25.042 
25.036 
25.027 
25.008 
24.977 
24.941 
h 
23.11 
23.079 
22.988 
22.888 
22.684 
22.291 
21.61 
20.672 
h 
19.535 
19.895 
18.908 
18.632 
18.279 
17.741 
16.964 
16.118 
15.576 
15.81 
h 
15.498 
15.355 
15.318 
15.279 
15.241 
15.2 
15.153 
15.075 
h 
14.498 
14.345 
14.337 
14.19 
14.101 
13.949 
13.714 
13.439 
h 
12.251 
12.093 
11.899 
11.652 
11.32 
11.016 
10.669 
9.959 
h 
9.107 
9.015 
8.936 
8.884 
8.857 
8.837 
8.746 
8.648 
h 
8.337 
8.189 
8.047 
9.427 
7.841 
7.752 
7.641 
7.434 
7.192 
7.146 
7.133 
7.126 
h 
7.008 
6.94 
6.861 
6.81 
6.785 
6.774 
6.767 
6.753 
h 
6.355 
6.315 
6.276 
6.263 
6.215 
6.169 
6.083 
5.933 
h 
5.026 
5.003 
4.983 
4.967 
4.952 
4.927 
4.88 
4.794 
h 
4.559 
4.373 
4.255 
4.124 
3.968 
3.877 
3.664 
3.606 
h 
3.165 
3.038 
2.911 
2.857 
2.794 
2.725 
2.697 
2.65 
h 
2.474 
2.448 
2.431 
2.37 
2.318 
2.277 
2.21 
2.117 
h 
1.632 
1.519 
1.432 
1.361 
1.35 
1.345 
1.335 
1.299 
h 
1.17 
1.155 
1.144 
1.117 
1.089 
1.08 
1.042 
1.034 
h 
0.983 
0.966 
0.951 
0.941 
0.937 
0.931 
0.934 
0.93 
h 
0.926 
0.925 
0.924 
0.922 
0.92 
0.917 
0.913 
0.905 
h 
0.928 
0.836 
0.794 
0.737 
0.721 
0.722 
0.715 
0.713 
h 
0.517 
0.499 
0.474 
0.466 
0.458 
0.453 
0.443 
0.424 
h 
0.333 
0.27 
