25.667 
25.659 
25.638 
25.595 
25.534 
25.504 
25.476 
25.423 
h 
22.795 
22.696 
22.622 
22.521 
22.318 
21.954 
21.435 
21.158 
h 
19.562 
19.34 
18.942 
18.671 
18.499 
18.179 
17.623 
16.946 
h 
15.308 
15.239 
15.207 
15.164 
15.142 
15.121 
15.099 
15.091 
h 
14.423 
14.374 
14.333 
14.308 
14.275 
14.207 
14.073 
13.828 
h 
12.238 
12.144 
12.851 
11.883 
11.8 
11.641 
11.371 
10.994 
10.831 
10.785 
10.674 
h 
10.612 
10.606 
10.596 
10.576 
10.539 
10.468 
10.352 
10.244 
h 
9.609 
9.579 
9.546 
9.491 
9.419 
9.404 
9.318 
9.109 
h 
8.545 
8.451 
8.398 
8.365 
8.312 
8.246 
8.141 
8.06 
h 
