35.006 
34.554 
33.2 
30.163 
25.662 
25.176 
25.086 
25.062 
h 
22.899 
22.734 
22.644 
22.605 
22.522 
22.362 
22.07 
21.666 
h 
19.656 
18.957 
18.802 
18.603 
18.488 
18.343 
17.825 
17.3 
h 
16.56 
16.451 
16.401 
16.284 
16.129 
15.861 
15.476 
15.179 
h 
13.848 
13.745 
13.596 
13.451 
13.292 
13.125 
12.819 
12.343 
h 
11.469 
11.339 
11.348 
11.333 
11.303 
11.243 
11.117 
10.921 
h 
9.904 
10.008 
9.959 
9.942 
9.92 
9.902 
9.867 
9.799 
9.647 
9.48 
h 
9.235 
9.998 
9.131 
9.078 
9.028 
8.957 
8.867 
8.688 
8.481 
8.437 
h 
