34.329 
33.916 
32.677 
29.877 
25.639 
25.194 
25.094 
25.083 
h 
24.392 
24.33 
24.272 
24.141 
23.871 
23.352 
22.453 
21.249 
h 
21.193 
23.357 
19.007 
18.863 
18.633 
18.236 
17.734 
17.459 
17.317 
17.152 
h 
15.499 
15.838 
15.334 
15.264 
15.211 
15.12 
14.978 
14.792 
14.717 
14.711 
h 
14.008 
13.965 
13.911 
13.846 
13.816 
13.665 
13.451 
13.095 
h 
12.016 
11.851 
11.65 
11.605 
11.511 
11.356 
11.124 
10.863 
h 
10.217 
10.17 
10.165 
10.169 
10.168 
10.14 
10.091 
10.03 
h 
9.494 
9.459 
9.387 
9.323 
9.305 
9.271 
9.211 
9.136 
h 
8.993 
8.987 
8.974 
8.968 
8.956 
8.935 
8.906 
8.869 
h 
