25.172 
25.16 
25.127 
25.068 
25.014 
25.011 
25.004 
24.989 
h 
22.631 
22.4 
22.25 
22.178 
22.027 
21.724 
21.146 
20.135 
h 
18.298 
18.309 
17.097 
16.997 
16.818 
16.551 
16.153 
15.731 
h 
15.403 
15.34 
15.322 
15.312 
15.296 
15.294 
15.288 
15.28 
h 
14.534 
14.478 
14.426 
14.381 
14.32 
14.198 
13.973 
13.567 
h 
12.432 
12.271 
12.228 
12.135 
12.069 
11.954 
11.764 
11.515 
h 
10.946 
10.875 
10.739 
10.538 
10.352 
10.401 
10.095 
9.962 
h 
9.144 
9.094 
9.018 
8.951 
8.89 
8.815 
8.729 
8.605 
h 
7.917 
7.869 
7.799 
7.763 
7.733 
7.673 
7.565 
7.385 
h 
