27.187 
27.038 
26.628 
25.884 
25.303 
25.276 
25.229 
25.146 
h 
23.356 
23.269 
23.063 
23.005 
22.893 
22.668 
22.244 
21.517 
h 
19.868 
20.419 
23.836 
18.899 
18.801 
18.748 
18.667 
18.544 
18.332 
17.975 
17.522 
h 
16.403 
16.054 
15.896 
15.885 
15.844 
15.761 
15.599 
15.346 
h 
13.365 
13.238 
13.15 
12.986 
12.724 
12.385 
11.893 
11.212 
h 
10.501 
10.474 
10.432 
10.428 
10.422 
10.41 
10.388 
10.352 
h 
10.199 
10.155 
10.145 
10.178 
10.097 
10.077 
10.042 
9.981 
h 
9.587 
9.547 
9.489 
9.423 
9.326 
9.175 
8.91 
8.653 
h 
