26.277 
26.253 
26.187 
26.067 
25.957 
25.945 
25.917 
25.859 
h 
24.257 
24.085 
23.96 
23.746 
23.373 
22.733 
21.934 
21.644 
h 
18.852 
18.292 
17.634 
17.475 
17.157 
16.81 
16.307 
15.809 
h 
14.701 
14.544 
14.524 
14.515 
14.466 
14.397 
14.297 
14.202 
h 
13.911 
13.837 
13.78 
13.676 
13.47 
13.147 
12.614 
11.849 
h 
11.099 
10.88 
10.846 
10.825 
10.782 
10.739 
10.669 
10.59 
h 
9.869 
9.605 
9.541 
9.523 
9.492 
9.446 
9.385 
9.273 
h 
8.922 
8.809 
8.757 
8.743 
8.729 
8.71 
8.718 
8.674 
h 
