26.776 
26.646 
26.294 
25.684 
25.284 
25.266 
25.234 
25.186 
h 
24.687 
24.618 
24.509 
24.308 
23.914 
23.237 
22.341 
21.893 
h 
21.49 
21.127 
21.004 
20.878 
20.228 
19.542 
18.501 
17.682 
h 
16.989 
16.939 
16.918 
16.878 
16.814 
16.694 
16.479 
16.133 
h 
15.336 
15.104 
15.452 
14.897 
14.771 
14.536 
14.152 
13.655 
h 
13.296 
13.245 
13.218 
13.188 
13.135 
13.068 
12.98 
12.969 
h 
12.746 
12.691 
12.682 
12.673 
12.661 
12.632 
12.575 
12.487 
h 
11.173 
11.289 
11.053 
11.022 
10.959 
10.851 
10.665 
10.379 
10.06 
10.154 
h 
9.995 
9.969 
9.956 
9.929 
9.891 
9.842 
9.791 
9.718 
h 
8.903 
8.951 
8.804 
8.777 
8.721 
8.613 
8.403 
8.033 
h 
7.387 
7.739 
7.204 
7.189 
7.158 
7.106 
7.034 
6.963 
7.54 
6.896 
h 
6.849 
6.842 
6.83 
6.816 
6.795 
6.788 
6.762 
6.743 
h 
6.356 
6.295 
6.224 
6.188 
6.143 
6.129 
6.07 
6.007 
h 
