30.75 
30.468 
29.657 
27.998 
26.044 
25.861 
25.755 
25.561 
25.277 
25.046 
26.351 
24.978 
24.975 
24.973 
24.973 
24.971 
24.969 
24.965 
24.962 
24.956 
h 
23.218 
22.924 
22.769 
22.703 
22.569 
22.301 
21.808 
21.015 
20.133 
19.493 
23.124 
19.23 
19.147 
19.111 
19.057 
18.978 
18.845 
18.713 
18.605 
18.419 
18.238 
18.333 
18.112 
18.081 
18.028 
17.951 
17.816 
17.604 
17.674 
17.932 
17.407 
17.396 
17.375 
17.336 
17.305 
17.269 
17.236 
17.176 
17.077 
16.99 
17.059 
16.938 
16.929 
16.913 
16.887 
16.846 
16.836 
16.823 
h 
15.879 
15.852 
15.802 
15.725 
15.667 
15.595 
15.468 
15.278 
15.108 
14.864 
14.506 
14.345 
14.153 
14.033 
13.996 
13.937 
13.826 
13.626 
13.416 
13.295 
13.217 
13.181 
13.144 
13.073 
12.98 
12.915 
12.852 
12.752 
12.742 
12.67 
12.645 
12.633 
12.616 
12.588 
12.556 
12.511 
12.467 
12.442 
12.426 
12.409 
12.401 
12.394 
12.381 
12.356 
12.314 
12.322 
12.344 
12.252 
12.246 
12.235 
12.216 
12.206 
12.198 
h 
11.841 
11.837 
11.832 
11.823 
11.806 
11.781 
11.736 
11.672 
11.716 
11.548 
11.545 
11.537 
11.523 
11.505 
11.493 
11.509 
11.464 
11.462 
h 
11.456 
11.451 
11.446 
11.442 
11.433 
11.415 
11.383 
11.338 
11.259 
11.267 
11.171 
11.148 
11.106 
11.056 
11.036 
11.004 
10.986 
10.971 
10.952 
10.921 
10.883 
10.828 
10.761 
11.165 
10.75 
10.747 
10.741 
10.73 
10.706 
10.728 
10.689 
10.682 
10.681 
h 
10.467 
10.441 
10.424 
10.399 
10.379 
10.369 
10.333 
10.321 
10.306 
10.27 
10.244 
10.199 
10.145 
10.058 
10.126 
10.044 
10.036 
10.024 
9.997 
9.986 
9.96 
9.923 
9.865 
9.829 
9.963 
9.771 
9.755 
9.742 
9.721 
9.72 
9.683 
9.687 
9.692 
9.685 
h 
