29.084 
28.8 
28.004 
26.513 
25.334 
25.297 
25.241 
25.182 
25.129 
25.103 
25.083 
25.051 
25.015 
24.993 
24.984 
24.977 
24.972 
24.962 
24.952 
24.958 
h 
23.977 
23.931 
23.867 
23.737 
23.468 
22.957 
22.02 
20.531 
18.985 
23.986 
18.735 
18.645 
18.29 
18.216 
18.067 
17.78 
17.28 
17.203 
16.924 
16.743 
16.702 
16.638 
16.513 
16.286 
15.976 
15.832 
16.891 
15.559 
15.522 
15.493 
15.466 
15.425 
15.378 
15.357 
15.329 
15.298 
15.281 
15.248 
15.199 
15.165 
15.135 
15.11 
15.063 
14.998 
15.042 
14.972 
14.961 
14.943 
14.931 
14.912 
14.896 
14.908 
h 
14.673 
14.667 
14.649 
14.608 
14.521 
14.354 
14.046 
13.534 
12.887 
12.746 
12.451 
12.367 
12.253 
12.139 
12.093 
12.009 
11.912 
11.849 
11.827 
11.794 
11.73 
11.608 
11.448 
11.344 
11.316 
11.256 
11.223 
11.209 
11.18 
11.127 
11.025 
10.838 
10.554 
12.436 
10.417 
10.305 
10.288 
10.252 
10.182 
10.052 
10.048 
9.971 
9.904 
9.891 
9.879 
9.855 
9.816 
9.758 
9.735 
9.725 
9.694 
9.686 
9.679 
9.665 
9.641 
9.598 
9.546 
9.559 
9.523 
9.515 
9.5 
9.482 
9.45 
9.397 
9.374 
9.345 
9.3 
9.266 
9.212 
9.144 
9.152 
9.165 
9.071 
9.064 
9.053 
9.049 
9.046 
9.039 
9.024 
8.997 
8.977 
8.953 
8.949 
8.946 
8.94 
8.931 
8.911 
8.901 
8.885 
8.86 
8.863 
8.852 
8.845 
8.842 
8.838 
8.83 
8.813 
8.782 
h 
8.583 
8.929 
8.591 
8.542 
8.53 
8.508 
8.465 
8.39 
8.277 
8.212 
8.349 
8.14 
8.128 
8.111 
8.101 
8.089 
8.067 
8.045 
8.022 
8.083 
8.017 
8.014 
8.009 
7.998 
7.997 
7.987 
h 
7.76 
7.727 
7.712 
7.701 
7.697 
7.689 
7.67 
7.636 
7.574 
7.486 
7.451 
7.413 
7.409 
7.388 
7.368 
7.352 
7.326 
7.297 
7.299 
7.286 
7.261 
7.258 
7.255 
7.258 
7.259 
h 
7.003 
6.989 
6.967 
6.951 
6.939 
6.914 
6.868 
6.785 
6.664 
6.578 
6.51 
6.451 
6.418 
6.366 
6.315 
6.284 
6.236 
6.206 
6.181 
6.159 
6.13 
6.116 
6.091 
6.055 
6.026 
6.028 
6.006 
5.99 
5.976 
5.958 
5.946 
5.935 
5.92 
5.898 
5.892 
5.893 
5.855 
5.845 
5.841 
5.84 
5.838 
5.835 
5.827 
5.813 
5.793 
5.765 
5.751 
5.756 
5.737 
5.735 
5.731 
5.721 
5.705 
5.694 
5.677 
5.661 
5.692 
5.651 
5.649 
5.645 
5.638 
5.627 
5.607 
5.604 
5.629 
5.584 
5.583 
5.579 
5.573 
5.563 
5.551 
5.542 
5.541 
5.521 
5.517 
5.516 
5.514 
5.511 
5.506 
5.497 
5.494 
5.484 
h 
5.311 
5.299 
5.297 
5.295 
5.29 
5.279 
5.261 
5.224 
5.162 
5.072 
5.002 
4.924 
4.834 
4.739 
4.854 
4.7 
4.69 
4.685 
4.675 
4.657 
4.638 
4.614 
4.579 
4.682 
4.584 
4.549 
4.55 
4.544 
4.544 
4.538 
4.541 
4.529 
4.531 
4.521 
4.526 
4.518 
4.515 
4.509 
h 
4.439 
4.447 
4.433 
4.433 
4.424 
4.406 
4.371 
4.323 
4.239 
4.172 
4.194 
4.161 
4.157 
4.155 
4.159 
4.131 
4.119 
4.094 
4.07 
4.095 
4.063 
4.061 
4.061 
4.062 
4.065 
4.067 
4.067 
h 
3.9 
3.893 
3.882 
3.874 
3.864 
3.856 
3.851 
3.841 
3.84 
3.836 
3.83 
3.805 
3.766 
3.701 
3.616 
3.708 
3.57 
3.547 
3.546 
3.539 
3.513 
3.471 
3.482 
3.422 
3.424 
3.419 
3.412 
3.378 
3.323 
3.311 
3.262 
3.269 
3.274 
3.278 
3.267 
3.259 
3.248 
3.232 
3.174 
3.226 
3.189 
3.177 
3.16 
3.154 
3.145 
3.117 
3.077 
3.59 
3.081 
3.083 
3.083 
3.082 
3.079 
3.075 
3.078 
3.048 
3.055 
3.064 
3.065 
3.065 
3.063 
3.048 
3.044 
3.038 
h 
3.002 
2.956 
2.938 
2.931 
2.927 
2.921 
2.903 
2.913 
2.867 
2.878 
2.871 
2.858 
2.845 
2.814 
2.814 
2.796 
2.804 
2.807 
2.806 
2.795 
2.784 
2.782 
2.819 
2.869 
2.772 
2.771 
2.771 
2.762 
2.748 
2.768 
2.727 
2.736 
2.738 
2.738 
2.732 
2.723 
2.728 
2.721 
2.722 
h 
2.548 
2.539 
2.538 
2.521 
2.607 
2.519 
2.51 
2.491 
2.458 
2.405 
2.355 
2.33 
2.303 
2.289 
2.271 
2.241 
2.2 
2.173 
2.247 
2.177 
2.173 
2.168 
2.166 
2.16 
2.188 
2.186 
2.144 
2.144 
2.144 
2.145 
2.141 
2.182 
2.104 
2.118 
2.121 
2.121 
2.114 
2.104 
2.091 
2.083 
2.07 
2.057 
2.055 
2.251 
2.028 
2.034 
2.048 
2.044 
2.043 
2.038 
2.03 
2.012 
2.012 
h 
1.953 
1.975 
1.953 
1.953 
1.952 
1.944 
1.935 
1.92 
1.896 
1.856 
1.794 
1.719 
1.726 
2.136 
1.695 
1.688 
1.676 
1.66 
1.661 
1.653 
1.647 
1.636 
1.628 
1.613 
1.601 
1.578 
1.572 
1.569 
1.562 
1.559 
1.552 
1.55 
1.544 
1.54 
1.534 
1.525 
1.534 
1.531 
1.514 
1.511 
1.507 
1.505 
1.503 
1.502 
1.501 
1.501 
1.5 
1.5 
1.498 
h 
1.423 
1.421 
1.418 
1.414 
1.408 
1.395 
1.372 
1.348 
1.312 
1.205 
1.079 
0.979 
0.961 
0.85 
0.814 
0.801 
0.79 
0.773 
0.774 
0.765 
0.755 
0.746 
0.735 
0.728 
0.713 
0.705 
0.686 
0.712 
0.679 
0.674 
0.668 
0.659 
0.654 
0.643 
