26.309 
26.212 
25.95 
25.502 
25.198 
25.139 
25.038 
24.914 
24.741 
25.012 
24.701 
24.67 
24.668 
24.664 
24.656 
24.645 
24.638 
24.631 
24.618 
24.596 
24.579 
24.867 
h 
23.839 
23.782 
23.733 
23.634 
23.427 
23.018 
22.268 
21.068 
19.768 
26.039 
19.556 
19.416 
19.308 
19.137 
18.962 
18.851 
18.763 
18.676 
18.527 
18.33 
18.717 
18.256 
18.231 
18.187 
18.107 
17.988 
18.126 
17.943 
17.928 
17.912 
17.884 
17.843 
17.798 
17.754 
17.705 
17.641 
17.944 
17.604 
17.592 
17.569 
17.535 
17.513 
17.503 
17.492 
17.481 
17.46 
h 
16.986 
16.766 
16.735 
16.706 
16.671 
16.627 
16.564 
16.441 
16.218 
15.855 
15.978 
16.378 
15.454 
15.436 
15.405 
15.378 
15.364 
15.337 
15.29 
15.238 
15.361 
15.22 
15.218 
15.213 
15.202 
15.184 
15.155 
h 
15.04 
15.055 
15.029 
15.022 
15.006 
14.977 
14.933 
14.893 
h 
14.818 
14.784 
14.758 
14.754 
14.747 
14.74 
14.725 
14.699 
h 
