28.365 
28.119 
27.427 
26.111 
24.978 
24.967 
24.954 
24.94 
24.922 
24.906 
24.896 
24.94 
24.892 
h 
24.378 
24.358 
24.301 
24.172 
23.91 
23.409 
22.508 
21.131 
19.792 
22.607 
19.695 
19.127 
19.031 
18.993 
18.942 
18.866 
18.724 
18.5 
18.265 
19.022 
18.13 
18.101 
18.068 
18.003 
17.878 
17.647 
17.326 
17.79 
17.173 
17.139 
17.105 
17.036 
16.93 
16.829 
16.811 
16.763 
16.747 
16.717 
16.67 
16.632 
16.564 
16.523 
16.528 
16.473 
16.462 
16.446 
16.425 
16.393 
16.352 
16.333 
16.315 
16.305 
16.296 
16.281 
16.263 
16.241 
h 
15.857 
15.733 
15.707 
15.695 
15.669 
15.617 
15.514 
15.322 
14.994 
14.74 
17.942 
14.549 
14.507 
14.495 
14.477 
14.446 
14.388 
14.29 
14.165 
14.851 
15.343 
14.104 
14.072 
14.066 
14.054 
14.039 
14.023 
14.049 
14.029 
14.028 
h 
13.879 
13.87 
13.854 
13.838 
13.832 
13.819 
13.796 
13.799 
h 
13.613 
13.54 
13.494 
13.473 
13.459 
13.425 
13.415 
13.392 
13.357 
13.334 
13.312 
13.264 
13.191 
13.141 
13.05 
13.015 
12.932 
12.919 
12.906 
12.898 
12.869 
12.847 
12.743 
12.704 
12.654 
12.654 
12.651 
12.644 
12.634 
12.624 
12.608 
12.585 
12.53 
12.688 
12.558 
12.511 
12.495 
12.479 
12.47 
12.451 
12.451 
12.423 
12.414 
12.407 
12.402 
12.392 
h 
