27.978 
27.748 
27.104 
25.897 
24.92 
24.909 
24.906 
24.9 
24.893 
24.885 
24.889 
24.902 
24.879 
h 
24.011 
23.991 
23.932 
23.804 
23.558 
23.127 
22.434 
21.716 
21.348 
21.147 
20.878 
20.45 
19.781 
19.069 
21.366 
18.466 
18.363 
18.295 
18.216 
18.114 
18.014 
17.91 
17.764 
17.612 
17.851 
17.5 
17.46 
17.402 
17.302 
17.18 
17.135 
17.051 
16.91 
16.751 
16.837 
16.776 
16.62 
16.573 
16.522 
16.514 
16.499 
16.477 
16.463 
16.445 
16.421 
16.382 
16.311 
16.239 
16.246 
16.203 
16.195 
16.179 
16.152 
16.102 
16.044 
16.152 
16.02 
16.015 
16.005 
15.985 
15.946 
15.879 
15.839 
16.804 
15.78 
15.779 
15.776 
15.771 
15.767 
15.767 
15.764 
15.761 
15.761 
h 
15.133 
15.083 
14.976 
14.813 
14.715 
14.68 
14.614 
14.527 
14.368 
14.139 
13.798 
13.541 
13.516 
13.421 
13.379 
13.319 
13.25 
13.128 
12.957 
13.445 
12.89 
12.867 
12.846 
12.803 
12.747 
12.69 
12.597 
12.585 
12.952 
12.494 
12.49 
12.483 
12.468 
12.441 
12.429 
12.477 
12.382 
12.376 
h 
11.778 
11.751 
11.739 
11.726 
11.701 
11.653 
11.572 
11.469 
11.42 
11.405 
11.389 
11.351 
11.335 
11.31 
11.288 
11.284 
11.252 
11.214 
11.196 
11.177 
11.155 
11.139 
11.114 
11.084 
11.059 
11.045 
11.04 
11.033 
11.027 
11.022 
11.015 
11.008 
h 
10.498 
10.482 
10.46 
10.431 
10.41 
10.378 
10.334 
10.281 
10.26 
10.355 
10.205 
10.182 
10.141 
10.081 
10.018 
9.989 
9.943 
9.918 
9.874 
9.854 
9.822 
9.799 
9.776 
9.74 
9.678 
9.645 
9.743 
9.574 
9.57 
9.562 
9.548 
9.524 
9.503 
9.504 
9.47 
9.464 
9.454 
9.437 
9.417 
9.408 
9.391 
9.381 
9.378 
h 
9.222 
9.219 
9.208 
9.192 
9.166 
9.13 
9.099 
9.044 
8.988 
8.96 
8.902 
8.82 
8.793 
8.8 
8.755 
8.745 
8.743 
8.729 
8.714 
8.694 
8.695 
8.664 
8.651 
8.637 
8.609 
8.633 
8.61 
8.608 
8.603 
8.595 
8.594 
8.594 
h 
