28.544 
28.337 
27.73 
26.439 
24.664 
24.494 
24.463 
24.458 
24.453 
24.444 
24.428 
24.405 
24.384 
24.35 
24.338 
24.428 
24.319 
24.318 
24.316 
24.315 
h 
23.24 
23.187 
23.089 
22.965 
22.785 
22.444 
21.877 
21.216 
20.8 
20.623 
20.343 
20.27 
20.026 
19.727 
19.538 
19.283 
19.066 
18.99 
18.888 
18.762 
18.777 
18.637 
18.552 
18.412 
18.289 
18.264 
18.218 
18.136 
18.021 
18.074 
17.921 
17.765 
17.72 
17.655 
17.567 
17.652 
17.533 
17.505 
17.489 
17.46 
17.409 
17.362 
17.336 
17.322 
17.307 
17.295 
17.281 
17.275 
17.264 
17.247 
h 
16.983 
16.738 
16.604 
16.595 
16.578 
16.555 
16.524 
16.475 
16.404 
16.318 
16.235 
16.11 
15.948 
15.863 
15.902 
15.776 
15.764 
15.744 
15.724 
15.7 
15.67 
15.625 
15.554 
15.551 
15.599 
15.422 
15.406 
15.375 
15.323 
15.287 
15.268 
15.253 
15.243 
15.231 
15.216 
15.199 
15.184 
15.171 
15.148 
15.122 
15.115 
15.107 
15.098 
h 
15.069 
15.059 
15.042 
15.014 
14.963 
14.904 
14.793 
14.657 
14.6 
14.59 
14.572 
14.553 
14.537 
14.518 
14.495 
14.477 
14.513 
14.456 
14.452 
14.448 
14.443 
14.443 
14.448 
h 
14.387 
14.273 
14.125 
14.065 
14.057 
14.042 
14.023 
13.996 
14.007 
13.975 
13.958 
13.931 
13.896 
13.846 
13.823 
13.816 
13.806 
13.794 
13.776 
13.768 
13.762 
13.748 
13.724 
h 
