26.512 
26.415 
26.153 
25.69 
25.329 
25.272 
25.172 
25.045 
24.856 
24.702 
25.712 
24.648 
24.646 
24.643 
24.64 
24.638 
24.634 
24.63 
24.645 
24.63 
h 
23.35 
23.331 
23.283 
23.193 
23.083 
22.94 
22.678 
22.266 
21.839 
21.467 
22.036 
21.22 
21.174 
21.131 
21.045 
20.918 
20.717 
20.436 
20.232 
20.051 
19.754 
19.655 
20.167 
19.321 
19.273 
19.209 
19.119 
19.01 
19.018 
18.946 
18.859 
18.829 
18.786 
18.703 
18.562 
18.386 
19.024 
18.485 
18.251 
18.241 
18.229 
18.207 
18.167 
18.1 
18.03 
18.326 
18.5 
17.969 
17.959 
17.953 
17.944 
17.937 
17.927 
17.923 
17.915 
17.901 
h 
17.506 
17.582 
17.48 
17.436 
17.345 
17.172 
16.871 
16.444 
16.101 
15.682 
15.308 
17.09 
15.191 
15.158 
15.105 
15.026 
14.89 
14.693 
15.131 
14.616 
14.603 
14.601 
14.589 
14.563 
14.515 
14.437 
14.3 
14.101 
14.2 
23.097 
13.977 
13.975 
13.965 
13.962 
13.956 
13.948 
13.945 
13.942 
13.937 
h 
13.884 
13.883 
13.881 
13.875 
13.868 
13.855 
13.831 
13.791 
h 
13.412 
13.379 
13.359 
13.33 
13.27 
13.157 
12.959 
12.658 
12.539 
12.469 
12.42 
12.403 
12.371 
12.327 
12.298 
12.389 
12.282 
12.278 
12.27 
12.256 
12.23 
12.184 
12.103 
12.054 
12.946 
11.956 
11.944 
11.935 
11.917 
11.9 
11.884 
11.88 
11.869 
11.865 
h 
11.615 
11.599 
11.582 
11.579 
11.574 
11.569 
11.564 
11.545 
h 
