26.702 
26.571 
26.208 
25.544 
25.028 
25.015 
25.011 
25.006 
24.997 
24.985 
24.975 
24.971 
24.968 
h 
23.807 
23.765 
23.681 
23.564 
23.428 
23.168 
22.731 
22.202 
22.105 
22.033 
21.779 
21.654 
21.412 
20.975 
20.332 
19.99 
22.083 
19.43 
19.283 
19.166 
18.975 
18.754 
18.578 
19.57 
18.422 
18.381 
18.312 
18.192 
18.029 
18.082 
18.504 
17.885 
17.873 
17.848 
17.8 
17.723 
17.632 
17.65 
17.638 
17.548 
17.542 
17.532 
17.513 
17.477 
17.418 
17.373 
17.411 
17.344 
17.337 
17.325 
17.308 
17.278 
17.227 
17.182 
17.264 
17.318 
17.127 
17.124 
17.119 
17.109 
17.093 
h 
15.727 
15.618 
15.503 
15.409 
15.332 
15.25 
15.031 
14.656 
14.177 
13.862 
13.634 
13.516 
13.441 
13.41 
13.377 
13.333 
13.254 
13.151 
13.044 
12.961 
12.875 
12.726 
12.697 
12.653 
12.545 
12.528 
12.502 
12.457 
12.376 
12.278 
12.239 
12.19 
12.165 
12.134 
12.1 
12.071 
12.029 
11.959 
11.907 
11.911 
11.838 
11.823 
11.799 
11.766 
11.719 
11.672 
11.643 
11.641 
11.637 
11.628 
11.613 
11.599 
11.585 
11.563 
11.542 
11.499 
11.42 
11.341 
11.856 
11.29 
11.282 
11.268 
11.245 
11.228 
11.213 
11.209 
11.2 
11.182 
h 
10.894 
10.943 
10.851 
10.841 
10.83 
10.811 
10.785 
10.786 
10.754 
10.751 
10.749 
10.743 
10.734 
10.731 
10.726 
h 
10.609 
10.605 
10.592 
10.572 
10.545 
10.523 
10.504 
10.479 
10.435 
10.361 
10.266 
10.283 
10.474 
10.179 
10.177 
10.177 
10.177 
10.182 
10.182 
10.18 
10.177 
10.171 
h 
9.872 
9.862 
9.845 
9.819 
9.816 
9.794 
9.783 
9.761 
9.718 
9.649 
9.545 
9.606 
9.502 
9.483 
9.463 
9.451 
9.451 
9.44 
9.433 
9.433 
9.431 
9.427 
9.425 
9.421 
9.418 
9.417 
h 
