28.765 
28.515 
27.808 
26.437 
25.179 
25.121 
25.014 
24.843 
24.692 
25.179 
24.67 
24.667 
24.661 
24.655 
24.651 
24.649 
24.645 
24.644 
24.642 
h 
23.954 
23.934 
23.882 
23.772 
23.568 
23.186 
22.529 
21.645 
21.242 
21.416 
20.982 
20.924 
20.848 
20.773 
20.693 
20.548 
20.298 
20.218 
20.478 
19.949 
19.915 
19.85 
19.739 
19.599 
19.5 
19.314 
19.002 
19.106 
18.905 
18.729 
18.711 
18.683 
18.631 
18.539 
18.414 
18.753 
18.525 
18.209 
18.19 
18.153 
18.089 
17.989 
17.999 
17.926 
17.893 
17.886 
17.874 
17.85 
17.803 
17.716 
17.569 
17.417 
22.199 
17.333 
17.302 
17.299 
17.294 
17.283 
17.266 
17.276 
17.248 
17.237 
h 
15.83 
15.781 
15.688 
15.568 
15.502 
15.4 
15.201 
14.851 
14.322 
13.828 
14.106 
13.404 
13.246 
13.101 
12.901 
12.552 
12.08 
11.375 
11.13 
13.181 
10.738 
10.714 
10.669 
10.608 
10.515 
10.398 
10.612 
10.356 
10.344 
10.324 
10.312 
10.292 
10.272 
10.237 
10.262 
10.152 
10.143 
10.129 
10.11 
10.086 
10.044 
9.994 
10.009 
9.971 
9.963 
9.951 
9.943 
9.933 
9.913 
9.891 
9.849 
9.779 
9.737 
12.167 
9.707 
9.696 
9.695 
9.693 
9.685 
9.67 
9.644 
9.608 
9.625 
9.623 
9.587 
9.583 
9.578 
9.574 
9.567 
9.555 
h 
9.149 
9.121 
9.11 
9.096 
9.089 
9.043 
8.974 
8.851 
8.666 
8.517 
8.388 
8.29 
8.25 
8.184 
8.157 
8.16 
8.099 
8.096 
8.097 
8.082 
8.06 
8.023 
8.009 
8.082 
8.009 
8.007 
8.002 
7.998 
7.982 
7.969 
7.976 
h 
7.644 
7.629 
7.626 
7.623 
7.625 
7.598 
7.567 
7.508 
7.4 
7.207 
6.92 
6.803 
6.647 
6.683 
6.521 
6.509 
6.484 
6.439 
6.364 
6.259 
7.45 
6.266 
6.265 
6.262 
6.256 
6.234 
6.238 
6.224 
6.218 
6.208 
h 
6.039 
5.972 
5.982 
5.983 
5.978 
5.967 
5.946 
5.912 
5.836 
5.737 
5.622 
5.534 
5.687 
5.523 
5.521 
5.517 
5.509 
5.505 
5.494 
5.492 
5.488 
5.489 
h 
5.351 
5.342 
5.326 
5.303 
5.3 
5.281 
5.253 
5.214 
5.16 
5.113 
5.093 
5.041 
4.951 
4.886 
4.851 
4.865 
4.813 
4.796 
4.766 
4.725 
4.693 
4.885 
4.623 
4.598 
4.563 
4.538 
4.53 
4.519 
4.519 
4.517 
4.512 
4.509 
4.511 
4.508 
4.509 
4.501 
4.507 
4.507 
h 
4.476 
4.402 
4.347 
4.342 
4.332 
4.329 
4.326 
4.32 
4.328 
4.317 
4.298 
4.268 
4.255 
4.239 
4.226 
4.225 
4.222 
4.219 
4.216 
4.222 
4.194 
4.189 
4.184 
4.177 
4.165 
4.15 
4.272 
4.142 
4.145 
4.146 
4.144 
4.14 
4.139 
4.156 
4.124 
4.122 
h 
4.073 
4.063 
4.041 
4.003 
3.948 
3.887 
3.837 
3.834 
3.829 
3.82 
3.809 
3.79 
3.755 
3.702 
3.663 
3.838 
3.643 
3.644 
3.642 
3.638 
3.64 
3.638 
3.637 
3.633 
3.637 
h 
3.45 
3.431 
3.406 
3.393 
3.393 
3.391 
3.396 
3.387 
3.378 
3.353 
3.313 
3.254 
3.222 
3.203 
3.111 
3.512 
3.136 
3.123 
3.118 
3.113 
3.099 
3.108 
3.089 
3.094 
3.095 
3.097 
3.092 
3.084 
3.084 
h 
2.878 
2.86 
2.863 
2.875 
2.872 
2.867 
2.854 
2.838 
2.828 
2.774 
2.745 
2.709 
2.727 
2.678 
2.675 
2.674 
2.683 
2.672 
2.657 
2.64 
2.645 
2.64 
2.63 
2.646 
2.641 
2.636 
2.628 
2.613 
2.606 
2.592 
2.664 
2.595 
2.593 
2.588 
2.583 
2.574 
2.557 
2.549 
2.524 
2.523 
2.517 
2.516 
2.513 
2.508 
2.509 
2.501 
2.488 
2.489 
2.49 
2.488 
2.487 
2.483 
2.477 
2.485 
2.477 
h 
2.336 
2.317 
2.309 
2.309 
2.306 
2.299 
2.289 
2.269 
2.232 
2.171 
2.111 
2.064 
2.143 
2.066 
2.063 
2.059 
2.054 
2.043 
2.027 
2.006 
2.201 
1.985 
1.979 
1.969 
1.962 
1.955 
1.955 
1.936 
1.941 
1.935 
1.924 
1.904 
1.871 
1.95 
1.937 
1.854 
1.851 
1.846 
1.843 
1.839 
1.83 
1.823 
1.824 
1.821 
1.816 
1.799 
1.788 
1.807 
1.8 
1.778 
1.777 
1.775 
1.763 
1.763 
1.776 
1.756 
1.752 
1.752 
1.743 
1.733 
1.738 
1.714 
1.731 
1.714 
1.728 
1.718 
1.713 
1.711 
1.71 
1.717 
h 
1.693 
1.698 
1.697 
1.698 
1.697 
1.694 
1.683 
1.666 
1.637 
1.584 
1.502 
1.435 
1.545 
1.421 
1.375 
1.366 
1.352 
1.336 
1.315 
1.309 
1.305 
1.29 
1.283 
1.277 
1.271 
1.26 
1.255 
1.253 
1.245 
1.244 
1.243 
1.242 
1.24 
1.238 
1.237 
1.235 
1.235 
1.232 
1.23 
1.227 
1.221 
1.212 
1.203 
1.251 
1.217 
1.198 
1.197 
1.197 
1.196 
1.196 
1.195 
1.194 
1.193 
1.19 
h 
1.11 
1.101 
1.093 
1.092 
1.091 
1.088 
1.084 
1.077 
1.063 
1.034 
0.98 
0.898 
0.853 
0.868 
0.845 
0.837 
0.833 
0.827 
0.822 
0.817 
0.809 
0.793 
0.806 
0.785 
0.774 
0.769 
0.764 
0.758 
0.748 
0.731 
0.88 
0.729 
0.726 
0.722 
0.719 
0.716 
0.709 
0.708 
0.704 
0.705 
0.698 
0.704 
0.692 
0.692 
0.691 
0.69 
0.688 
0.684 
0.693 
0.679 
0.679 
0.678 
0.677 
0.676 
0.671 
0.673 
0.669 
0.667 
0.665 
0.663 
0.66 
0.656 
0.655 
0.655 
0.652 
0.649 
0.68 
0.645 
0.647 
0.646 
0.644 
0.641 
0.635 
0.644 
0.634 
0.634 
0.634 
0.631 
0.63 
0.63 
0.628 
0.636 
0.624 
0.625 
0.625 
0.623 
0.622 
0.62 
0.62 
0.619 
0.615 
0.624 
0.615 
0.615 
0.614 
0.613 
0.61 
0.612 
0.608 
0.608 
h 
0.582 
0.581 
0.582 
0.582 
0.582 
0.579 
0.576 
0.573 
0.568 
0.557 
0.54 
0.516 
0.551 
0.526 
0.521 
0.507 
0.505 
0.501 
0.499 
0.495 
0.497 
0.501 
0.488 
0.488 
0.487 
0.486 
0.485 
0.484 
0.481 
0.483 
0.481 
0.479 
0.477 
0.474 
0.471 
0.493 
0.469 
0.468 
0.467 
0.467 
0.465 
0.463 
0.459 
0.453 
0.542 
0.451 
0.451 
0.45 
0.448 
0.446 
0.442 
0.439 
0.436 
0.436 
0.435 
0.435 
0.435 
0.433 
0.431 
0.429 
0.425 
0.441 
0.424 
0.424 
0.423 
0.422 
0.422 
0.421 
0.42 
0.42 
0.419 
0.417 
0.414 
0.413 
0.411 
0.41 
0.408 
0.407 
0.404 
0.401 
0.399 
0.407 
0.397 
0.396 
0.395 
0.394 
0.393 
0.392 
0.389 
0.385 
0.395 
0.38 
0.38 
0.38 
0.38 
0.379 
0.378 
0.377 
0.378 
0.376 
h 
0.304 
