25.484 
25.477 
25.456 
25.41 
25.317 
25.143 
24.833 
24.398 
24.083 
25.075 
24.069 
24.069 
24.068 
24.066 
24.063 
24.058 
24.051 
24.059 
24.092 
h 
23.337 
23.259 
23.197 
23.151 
23.055 
22.864 
22.509 
21.928 
21.273 
22.474 
21.169 
21.088 
21.065 
21.018 
20.931 
20.796 
20.72 
20.642 
20.618 
20.571 
20.49 
20.374 
20.258 
20.218 
20.176 
20.154 
20.117 
20.067 
19.993 
19.928 
20.267 
19.871 
19.856 
19.83 
19.78 
19.708 
19.646 
19.536 
19.373 
19.918 
19.33 
19.319 
19.306 
19.291 
19.264 
19.236 
19.213 
19.199 
19.183 
h 
19.032 
18.991 
18.993 
18.92 
18.834 
18.672 
18.406 
18.139 
17.967 
17.854 
17.743 
17.664 
17.532 
17.341 
17.292 
17.228 
17.109 
17.04 
17.001 
16.975 
16.93 
16.848 
16.708 
16.652 
17.708 
16.515 
16.502 
16.485 
16.461 
16.444 
16.453 
16.416 
16.405 
16.385 
h 
16.046 
15.838 
15.748 
15.821 
15.738 
15.732 
15.72 
15.7 
15.666 
15.631 
15.612 
15.6 
15.581 
15.555 
15.537 
15.543 
15.526 
h 
15.358 
15.341 
15.309 
15.249 
15.163 
15.073 
15.031 
15.024 
15.012 
14.989 
14.95 
14.882 
14.776 
14.644 
14.727 
14.578 
14.546 
14.534 
14.514 
14.485 
14.457 
14.41 
14.396 
14.483 
14.359 
14.356 
14.352 
14.344 
14.335 
14.332 
h 
