27.839 
27.631 
27.044 
25.915 
24.889 
24.865 
24.821 
24.749 
24.681 
24.714 
24.664 
24.662 
24.659 
h 
22.691 
22.607 
22.498 
22.423 
22.332 
22.148 
21.789 
21.134 
20.074 
19.257 
25.146 
18.79 
18.698 
18.641 
18.572 
18.477 
18.4 
18.304 
18.228 
18.192 
18.143 
18.093 
18.013 
17.872 
17.667 
17.61 
17.651 
17.485 
17.476 
17.466 
17.456 
17.439 
17.415 
17.367 
17.281 
17.149 
17.118 
17.156 
17.023 
17.011 
16.992 
16.96 
16.9 
16.8 
16.705 
17.187 
16.666 
16.659 
16.652 
16.648 
16.642 
16.638 
16.633 
16.623 
16.607 
h 
15.831 
15.592 
15.503 
15.376 
15.306 
15.315 
15.192 
15.061 
14.833 
14.499 
14.227 
14.1 
14.053 
13.986 
13.934 
13.884 
13.788 
13.624 
13.462 
13.431 
13.376 
13.341 
13.287 
13.237 
13.154 
13.065 
13.011 
12.983 
12.928 
12.822 
12.628 
12.353 
13.279 
12.273 
12.221 
12.218 
12.213 
12.2 
12.176 
12.125 
12.121 
12.073 
12.056 
12.024 
11.975 
11.878 
11.695 
11.495 
14.143 
11.396 
11.386 
11.371 
11.347 
11.313 
11.27 
11.232 
11.198 
11.151 
11.108 
11.079 
11.047 
11.017 
10.992 
10.948 
10.925 
10.908 
10.892 
10.884 
10.874 
10.854 
10.816 
10.747 
10.647 
10.955 
10.709 
10.561 
10.557 
10.548 
10.53 
10.496 
10.487 
10.482 
10.441 
10.436 
10.427 
10.412 
10.384 
10.361 
10.414 
10.34 
10.337 
h 
9.951 
9.939 
9.933 
9.921 
9.896 
9.848 
9.76 
9.639 
9.484 
9.413 
9.377 
9.385 
9.363 
9.355 
9.338 
9.306 
9.246 
9.148 
9.253 
9.096 
9.057 
9.042 
9.017 
8.994 
8.965 
8.957 
8.938 
8.922 
8.891 
8.839 
8.818 
8.783 
8.776 
8.77 
8.763 
8.749 
8.721 
8.679 
8.615 
8.776 
8.614 
8.613 
8.61 
8.606 
8.597 
8.586 
8.575 
8.58 
8.58 
h 
8.384 
8.373 
8.357 
8.343 
8.32 
8.309 
8.273 
8.217 
8.122 
8.01 
7.991 
7.965 
7.941 
7.898 
7.836 
7.776 
7.706 
7.673 
7.624 
7.595 
7.57 
7.563 
7.553 
7.539 
7.538 
7.556 
7.636 
7.53 
h 
7.177 
7.126 
7.106 
7.089 
7.075 
7.041 
7.02 
6.96 
6.897 
6.861 
6.843 
6.832 
6.808 
6.764 
6.7 
6.632 
6.563 
6.54 
6.506 
6.453 
6.416 
6.417 
6.415 
6.401 
6.375 
6.33 
6.306 
6.3 
6.279 
6.269 
6.265 
6.264 
6.254 
6.249 
6.247 
h 
6.196 
6.199 
6.19 
6.189 
6.186 
6.179 
6.166 
6.14 
h 
5.717 
5.676 
5.662 
5.655 
5.637 
5.613 
5.591 
5.559 
5.512 
5.477 
5.481 
5.482 
5.495 
5.528 
5.525 
5.512 
5.502 
h 
5.076 
5.052 
5.083 
5.053 
5.052 
5.047 
5.03 
5.001 
4.946 
4.847 
4.793 
4.78 
4.765 
4.753 
4.748 
4.742 
4.729 
4.713 
4.703 
4.674 
4.657 
4.627 
4.636 
4.621 
4.609 
4.589 
4.562 
4.606 
4.565 
4.561 
4.56 
4.554 
4.542 
4.574 
4.547 
h 
4.289 
4.289 
4.284 
4.28 
4.273 
4.271 
4.266 
4.231 
4.19 
4.13 
4.086 
4.06 
4.039 
4.02 
4.014 
4.0 
4.0 
3.978 
3.965 
3.949 
3.931 
3.915 
3.899 
3.88 
3.87 
3.874 
3.854 
3.871 
3.847 
3.846 
3.845 
3.848 
h 
3.748 
3.777 
3.736 
3.737 
3.733 
3.722 
3.701 
3.64 
3.584 
3.506 
3.442 
3.345 
3.279 
3.187 
3.166 
3.134 
3.094 
3.027 
2.982 
2.999 
2.97 
2.959 
2.941 
2.922 
2.906 
2.89 
2.866 
2.87 
2.846 
2.842 
2.834 
2.821 
2.819 
2.816 
2.81 
2.8 
2.782 
2.782 
2.771 
2.771 
2.763 
2.762 
2.759 
2.753 
2.741 
2.72 
2.706 
2.689 
2.692 
2.684 
2.678 
2.675 
2.673 
2.67 
2.662 
2.651 
2.64 
2.62 
2.65 
2.661 
2.603 
2.601 
2.598 
2.593 
2.583 
2.566 
2.565 
2.562 
2.559 
2.556 
2.551 
2.544 
2.539 
2.531 
2.562 
2.528 
2.524 
2.517 
2.508 
2.494 
2.533 
2.488 
2.484 
2.482 
2.479 
2.473 
2.465 
2.465 
2.462 
2.457 
2.45 
2.448 
2.446 
2.443 
2.435 
2.428 
2.426 
2.427 
2.428 
h 
2.386 
2.386 
2.382 
2.377 
2.369 
2.356 
2.333 
2.316 
2.25 
2.154 
2.013 
1.916 
1.927 
1.833 
1.778 
1.712 
1.643 
1.62 
1.55 
1.523 
1.49 
1.453 
1.411 
1.359 
1.35 
1.368 
1.269 
1.251 
1.231 
1.209 
1.208 
1.182 
1.169 
1.155 
1.151 
1.141 
1.123 
1.116 
1.109 
1.096 
1.083 
1.07 
1.069 
1.052 
1.04 
1.036 
1.033 
1.028 
1.023 
1.018 
1.015 
1.013 
1.016 
1.006 
1.001 
0.997 
0.995 
0.992 
0.986 
0.975 
0.958 
0.965 
0.948 
0.944 
0.938 
0.936 
0.933 
0.931 
0.927 
0.922 
0.917 
0.916 
0.912 
0.909 
0.908 
0.906 
0.903 
0.899 
0.9 
0.895 
0.891 
0.89 
0.888 
0.887 
0.886 
0.884 
0.882 
0.878 
0.87 
0.859 
0.871 
0.852 
0.853 
0.85 
0.848 
0.847 
0.844 
0.839 
0.831 
0.816 
h 
0.624 
0.806 
0.598 
0.597 
0.596 
0.594 
0.59 
0.584 
0.573 
0.553 
0.517 
0.458 
0.389 
0.473 
0.375 
0.356 
