25.967 
25.864 
25.575 
25.018 
24.466 
24.433 
24.395 
24.371 
24.326 
24.25 
24.167 
24.287 
24.345 
24.16 
24.16 
24.16 
24.159 
24.159 
24.159 
h 
22.438 
22.29 
22.052 
21.904 
21.831 
21.682 
21.412 
20.998 
20.564 
20.161 
19.897 
19.623 
19.182 
18.575 
21.328 
18.358 
18.311 
18.213 
18.029 
17.764 
17.763 
17.561 
17.504 
17.391 
17.176 
16.848 
16.85 
16.811 
16.475 
16.437 
16.376 
16.303 
16.272 
16.214 
16.105 
15.926 
15.906 
16.459 
15.733 
15.721 
15.697 
15.65 
15.564 
15.516 
15.439 
15.4 
15.377 
15.355 
15.313 
15.247 
15.214 
15.178 
15.165 
15.157 
15.148 
15.129 
15.093 
15.034 
14.943 
14.894 
15.348 
14.84 
14.836 
14.829 
14.817 
14.794 
14.754 
14.7 
15.062 
14.664 
14.648 
14.621 
14.576 
14.514 
14.603 
14.489 
14.483 
14.478 
14.469 
14.451 
14.419 
14.368 
14.353 
14.832 
14.303 
14.298 
14.289 
14.272 
14.24 
14.187 
14.163 
14.382 
14.13 
14.129 
14.127 
14.123 
14.118 
14.112 
14.109 
14.105 
h 
13.979 
13.966 
13.939 
13.884 
13.78 
13.6 
13.299 
12.928 
12.671 
12.374 
12.087 
13.796 
11.928 
11.877 
11.812 
11.684 
11.459 
11.119 
10.933 
12.143 
10.766 
10.741 
10.711 
10.674 
10.623 
10.585 
10.585 
10.536 
10.524 
10.511 
10.494 
10.476 
10.45 
10.443 
10.429 
10.423 
10.421 
10.418 
h 
9.79 
9.74 
9.701 
9.675 
9.64 
9.644 
9.6 
9.544 
9.467 
9.392 
9.359 
9.32 
9.295 
9.255 
9.233 
9.251 
9.267 
9.222 
9.214 
9.207 
9.196 
9.199 
9.191 
9.186 
9.177 
9.169 
9.155 
9.129 
9.105 
h 
8.431 
8.415 
8.427 
8.362 
8.344 
8.306 
8.239 
8.119 
7.943 
7.834 
7.775 
7.767 
7.757 
7.758 
7.739 
7.735 
7.715 
7.684 
7.646 
7.705 
8.015 
7.511 
7.501 
7.497 
7.492 
7.49 
7.486 
7.482 
7.477 
7.474 
h 
7.399 
7.366 
7.312 
7.254 
7.214 
7.2 
7.188 
7.169 
7.167 
7.147 
7.113 
7.062 
6.969 
6.818 
6.835 
6.735 
6.676 
6.661 
6.649 
6.634 
6.605 
6.605 
6.586 
6.571 
6.558 
6.54 
6.507 
6.453 
6.404 
6.661 
6.401 
6.393 
6.389 
6.386 
6.381 
6.378 
6.377 
6.376 
6.38 
h 
6.267 
6.187 
6.058 
5.952 
5.947 
5.943 
5.935 
5.925 
5.915 
5.894 
5.856 
5.79 
5.708 
5.664 
5.654 
5.616 
5.589 
5.583 
5.562 
5.548 
5.535 
5.51 
5.465 
5.385 
5.339 
5.733 
5.282 
5.276 
5.266 
5.25 
5.221 
5.23 
5.234 
5.187 
5.184 
5.179 
5.173 
5.167 
5.155 
5.136 
5.121 
5.402 
5.108 
5.106 
5.102 
5.095 
5.091 
5.089 
5.088 
5.087 
5.087 
h 
5.007 
5.009 
5.005 
5.0 
4.989 
4.969 
4.932 
4.863 
4.75 
4.614 
4.613 
4.538 
4.522 
4.508 
4.49 
4.466 
4.445 
4.426 
4.396 
4.37 
4.348 
4.416 
4.333 
4.331 
4.327 
4.323 
4.306 
4.293 
4.274 
4.256 
4.258 
4.24 
4.236 
4.231 
4.223 
4.21 
4.192 
4.18 
4.165 
4.161 
4.152 
4.149 
4.143 
4.136 
4.12 
4.117 
4.111 
4.103 
4.091 
4.08 
4.061 
4.059 
4.058 
4.056 
4.052 
4.04 
4.031 
4.016 
3.992 
4.014 
3.989 
3.983 
3.973 
3.966 
3.956 
3.935 
3.939 
3.928 
3.919 
3.913 
3.905 
3.895 
3.874 
3.891 
3.864 
3.863 
3.86 
3.854 
3.841 
3.817 
3.779 
4.07 
3.763 
3.761 
3.76 
3.758 
3.756 
3.752 
3.748 
3.744 
3.74 
h 
3.516 
3.515 
3.513 
3.512 
3.508 
3.501 
3.488 
3.466 
3.433 
3.375 
3.319 
3.301 
3.286 
3.263 
3.249 
3.232 
3.232 
3.228 
3.222 
3.212 
3.202 
3.185 
3.225 
3.185 
3.178 
3.178 
3.179 
3.176 
3.173 
3.169 
3.165 
3.161 
3.15 
h 
2.961 
2.951 
2.931 
2.904 
2.887 
2.905 
2.882 
2.875 
2.861 
2.835 
2.79 
2.738 
2.711 
2.7 
2.681 
2.675 
2.668 
2.66 
2.648 
2.647 
2.711 
2.607 
2.596 
2.591 
2.583 
2.572 
2.557 
2.599 
2.528 
2.522 
2.516 
2.507 
2.494 
2.49 
2.482 
2.478 
2.475 
2.472 
2.465 
2.457 
2.448 
2.476 
2.442 
2.442 
2.441 
2.439 
2.435 
2.429 
2.42 
2.409 
2.568 
2.404 
2.403 
2.4 
2.395 
2.388 
2.389 
2.378 
2.374 
2.368 
2.363 
2.359 
2.358 
2.357 
2.355 
2.355 
h 
2.161 
2.155 
2.148 
2.138 
2.123 
2.117 
2.093 
2.053 
1.988 
1.89 
1.802 
1.771 
1.712 
1.656 
1.596 
1.535 
1.472 
1.421 
1.398 
1.378 
1.353 
1.345 
1.332 
1.316 
1.3 
1.284 
1.27 
1.267 
1.263 
1.256 
1.248 
1.244 
1.241 
1.231 
1.223 
1.214 
1.203 
1.193 
1.183 
1.171 
1.184 
1.157 
1.155 
1.151 
1.146 
1.141 
1.141 
1.127 
1.123 
1.115 
1.105 
1.1 
1.103 
1.089 
1.086 
1.081 
1.073 
1.067 
1.072 
1.058 
1.056 
1.053 
1.049 
1.046 
1.04 
1.031 
1.016 
1.005 
1.003 
1.115 
0.979 
0.977 
0.975 
0.971 
0.968 
0.963 
0.956 
0.951 
0.96 
0.952 
0.949 
0.947 
0.946 
0.944 
0.94 
0.934 
0.925 
0.925 
0.923 
0.92 
0.918 
0.916 
0.915 
0.912 
0.909 
0.908 
0.907 
0.91 
0.904 
0.903 
h 
0.825 
0.815 
0.806 
0.804 
0.801 
0.797 
0.794 
0.784 
0.767 
0.738 
0.694 
0.668 
0.661 
0.646 
0.633 
0.616 
0.592 
0.567 
0.538 
0.534 
0.532 
0.494 
