26.947 
26.797 
26.386 
25.652 
25.127 
25.104 
25.069 
25.022 
24.986 
24.92 
24.824 
24.874 
25.016 
24.764 
24.763 
24.762 
24.76 
24.758 
24.774 
h 
24.493 
24.471 
24.423 
24.319 
24.106 
23.709 
23.079 
22.461 
22.031 
21.839 
21.667 
21.43 
21.129 
20.626 
20.297 
22.946 
20.033 
20.002 
19.981 
19.941 
19.866 
19.738 
19.558 
20.371 
19.491 
19.473 
19.44 
19.38 
19.287 
19.195 
20.097 
19.169 
19.166 
19.161 
19.15 
19.133 
19.147 
19.131 
19.13 
19.13 
h 
18.963 
18.949 
18.918 
18.856 
18.728 
18.487 
18.063 
17.449 
16.938 
16.35 
16.323 
17.147 
16.152 
16.145 
16.131 
16.104 
16.052 
15.959 
15.827 
15.654 
15.961 
15.489 
15.433 
15.394 
15.342 
15.243 
15.074 
14.951 
15.033 
14.842 
14.82 
14.782 
14.731 
14.668 
14.558 
14.66 
14.577 
14.444 
14.436 
14.422 
14.398 
14.357 
14.303 
14.424 
14.377 
14.261 
14.258 
14.251 
14.239 
14.221 
14.189 
14.174 
14.238 
14.148 
h 
14.083 
14.078 
14.07 
14.056 
14.025 
13.966 
13.862 
13.706 
13.557 
13.709 
14.498 
13.469 
13.465 
13.459 
13.447 
13.427 
13.404 
13.361 
13.297 
13.211 
13.399 
13.18 
13.17 
13.163 
13.152 
13.13 
13.09 
13.08 
13.072 
13.038 
13.033 
13.025 
13.01 
12.982 
12.935 
13.178 
12.934 
12.921 
12.919 
12.918 
12.915 
12.915 
12.915 
12.915 
12.914 
h 
12.797 
12.815 
13.155 
12.803 
12.792 
12.771 
12.73 
12.659 
12.568 
12.544 
12.526 
12.507 
12.494 
12.475 
12.466 
12.466 
12.466 
12.463 
12.459 
h 
12.07 
12.045 
12.013 
12.002 
11.981 
11.94 
11.858 
11.736 
11.645 
11.626 
11.621 
11.605 
11.578 
11.557 
11.526 
11.514 
11.499 
11.479 
11.437 
11.367 
11.37 
11.306 
11.291 
11.283 
11.272 
11.258 
11.234 
11.216 
11.212 
11.211 
h 
