27.948 
27.733 
27.135 
26.028 
25.143 
25.117 
25.075 
25.01 
24.948 
24.914 
24.888 
24.872 
24.882 
24.865 
24.864 
24.862 
24.861 
24.861 
24.86 
h 
23.892 
23.871 
23.812 
23.685 
23.441 
22.976 
22.195 
21.229 
21.281 
21.807 
20.583 
20.481 
20.358 
20.148 
19.892 
19.617 
19.331 
19.036 
18.842 
18.719 
18.543 
18.394 
18.195 
18.011 
17.845 
17.685 
17.597 
17.51 
17.458 
17.433 
17.413 
17.37 
17.282 
17.112 
16.807 
16.657 
17.537 
16.373 
16.346 
16.292 
16.194 
16.048 
15.98 
16.263 
15.873 
15.856 
15.832 
15.81 
15.803 
15.795 
15.779 
15.757 
15.74 
h 
14.992 
14.893 
14.855 
14.833 
14.808 
14.763 
14.688 
14.559 
14.383 
15.264 
14.289 
14.262 
14.227 
14.187 
14.14 
14.103 
14.088 
14.061 
14.025 
13.964 
13.868 
13.806 
13.771 
13.747 
13.725 
13.685 
13.611 
13.483 
13.391 
14.435 
13.281 
13.272 
13.263 
13.251 
13.228 
13.195 
13.156 
13.163 
13.123 
13.113 
13.097 
13.081 
13.066 
13.052 
13.038 
13.018 
12.987 
12.937 
12.905 
13.076 
12.861 
12.855 
12.845 
12.826 
12.809 
12.805 
12.799 
12.79 
12.784 
12.775 
h 
12.61 
12.518 
12.397 
12.365 
12.362 
12.356 
12.345 
12.327 
12.297 
12.256 
12.201 
12.201 
12.162 
12.156 
12.15 
12.139 
12.129 
12.12 
12.164 
12.119 
12.118 
12.118 
12.116 
12.113 
12.108 
h 
11.615 
11.55 
11.489 
11.445 
11.412 
11.397 
11.383 
11.356 
11.308 
11.22 
11.082 
10.994 
11.043 
10.923 
10.907 
10.894 
10.881 
10.873 
10.853 
10.848 
10.841 
10.838 
h 
10.77 
10.762 
10.752 
10.738 
10.73 
10.712 
10.68 
10.631 
10.565 
10.529 
10.597 
10.512 
10.506 
10.494 
10.472 
10.456 
10.447 
10.432 
10.431 
10.42 
h 
