30.793 
30.325 
29.002 
26.504 
24.663 
24.621 
24.62 
24.619 
24.618 
24.617 
24.616 
24.615 
24.614 
h 
23.038 
23.013 
22.945 
22.81 
22.628 
22.376 
21.937 
21.333 
20.899 
20.634 
20.551 
20.442 
20.378 
20.255 
20.034 
19.619 
18.904 
20.506 
20.12 
18.303 
18.181 
18.17 
18.151 
18.114 
18.046 
17.929 
17.904 
17.916 
17.761 
17.751 
17.728 
17.683 
17.595 
17.444 
17.287 
17.766 
17.24 
17.224 
17.197 
17.169 
17.12 
17.035 
16.925 
17.878 
16.871 
16.782 
16.775 
16.767 
16.751 
16.728 
16.7 
16.667 
16.805 
16.66 
16.657 
16.651 
16.638 
16.616 
16.581 
h 
16.382 
16.633 
16.317 
16.268 
16.166 
15.973 
15.635 
15.185 
14.965 
14.875 
14.923 
14.734 
14.724 
14.712 
14.68 
14.627 
14.535 
14.399 
14.182 
13.815 
13.363 
14.747 
13.262 
13.034 
13.019 
12.989 
12.936 
12.877 
12.788 
12.778 
12.759 
12.731 
12.695 
12.632 
12.653 
12.604 
12.562 
12.551 
12.531 
12.488 
12.417 
12.336 
12.26 
12.911 
12.267 
12.266 
12.264 
12.261 
12.255 
12.243 
12.23 
12.205 
12.167 
h 
12.02 
12.545 
11.957 
11.919 
11.899 
11.861 
11.792 
11.673 
11.523 
11.465 
11.607 
11.379 
11.36 
11.343 
11.316 
11.286 
11.302 
11.278 
11.272 
11.274 
h 
11.257 
11.257 
11.255 
11.241 
11.197 
11.141 
11.038 
10.868 
10.652 
10.563 
10.545 
10.525 
10.489 
10.474 
10.444 
10.427 
10.421 
10.416 
10.408 
10.395 
10.374 
10.36 
10.457 
10.34 
h 
10.319 
10.313 
10.302 
10.282 
10.246 
10.194 
10.106 
9.969 
9.837 
9.777 
9.663 
9.474 
9.242 
9.128 
9.753 
9.062 
9.053 
9.042 
9.024 
9.02 
9.013 
8.997 
8.983 
8.965 
8.94 
9.062 
9.009 
8.955 
8.953 
8.949 
8.941 
8.935 
8.925 
8.928 
8.927 
8.926 
h 
