27.916 
27.75 
27.273 
26.297 
25.083 
24.988 
24.961 
24.917 
24.869 
24.806 
24.725 
24.681 
25.151 
24.665 
24.661 
24.654 
24.643 
24.636 
24.666 
24.631 
24.631 
24.63 
h 
23.905 
23.868 
23.822 
23.751 
23.604 
23.319 
22.825 
22.164 
21.65 
21.332 
21.243 
21.103 
21.0 
20.9 
20.76 
20.593 
20.309 
20.0 
19.982 
19.838 
19.786 
19.681 
19.488 
19.172 
18.947 
20.14 
18.913 
18.513 
18.485 
18.434 
18.343 
18.204 
18.164 
19.025 
18.078 
18.072 
18.058 
18.033 
17.989 
17.938 
17.931 
17.92 
17.904 
h 
16.805 
16.764 
16.729 
16.707 
16.663 
16.578 
16.425 
16.191 
15.894 
15.378 
14.842 
22.321 
14.731 
14.705 
14.686 
14.649 
14.576 
14.461 
14.335 
14.258 
14.131 
14.197 
14.023 
13.932 
13.91 
13.891 
13.854 
13.81 
13.759 
13.701 
13.602 
13.46 
13.303 
14.218 
13.249 
13.234 
13.206 
13.179 
13.134 
13.18 
13.112 
13.095 
13.07 
13.051 
13.031 
12.999 
12.982 
12.947 
12.939 
12.923 
12.893 
12.852 
12.8 
12.876 
12.783 
12.77 
12.749 
12.739 
12.724 
12.696 
12.655 
12.681 
12.652 
12.646 
12.635 
12.616 
12.581 
12.522 
12.449 
14.556 
12.439 
12.433 
12.424 
12.412 
12.394 
12.378 
12.357 
12.37 
12.356 
h 
11.939 
11.904 
11.889 
11.875 
11.846 
11.788 
11.684 
11.504 
11.246 
11.104 
11.121 
10.993 
10.983 
10.984 
10.982 
10.974 
10.959 
10.94 
10.922 
10.927 
10.91 
h 
10.427 
10.433 
10.42 
10.405 
10.378 
10.337 
10.26 
10.111 
9.895 
9.619 
9.611 
9.485 
9.546 
9.552 
9.548 
9.544 
9.549 
9.539 
9.531 
9.486 
h 
9.379 
9.365 
9.341 
9.297 
9.24 
9.219 
9.192 
9.227 
9.196 
9.177 
9.156 
9.14 
9.132 
9.079 
8.994 
9.019 
9.01 
8.956 
8.918 
8.889 
8.895 
8.882 
8.86 
8.816 
8.727 
9.182 
8.74 
8.725 
8.711 
8.695 
8.687 
8.643 
8.619 
8.615 
8.608 
8.613 
8.575 
8.574 
8.553 
8.587 
8.568 
8.554 
8.542 
8.518 
8.495 
8.439 
8.472 
8.476 
8.477 
8.463 
8.465 
8.452 
8.455 
8.442 
h 
