31.818 
31.372 
30.083 
27.48 
24.883 
24.847 
24.796 
24.703 
24.559 
24.455 
26.234 
24.441 
24.44 
24.44 
24.44 
24.439 
24.439 
24.439 
24.438 
24.438 
h 
24.009 
23.982 
23.939 
23.847 
23.654 
23.278 
22.608 
21.642 
21.115 
22.63 
20.696 
20.57 
20.428 
20.174 
19.839 
19.617 
19.735 
19.451 
19.408 
19.348 
19.287 
19.254 
19.233 
19.189 
19.12 
19.057 
19.008 
18.973 
18.941 
18.888 
18.825 
18.861 
18.766 
18.708 
18.674 
18.637 
18.596 
18.539 
18.503 
18.485 
18.459 
18.424 
18.361 
18.258 
18.168 
19.07 
18.072 
18.059 
18.04 
18.018 
18.003 
17.974 
17.942 
17.939 
17.915 
h 
17.511 
17.496 
17.47 
17.431 
17.371 
17.253 
17.046 
16.736 
16.447 
16.772 
16.562 
16.296 
16.287 
16.272 
16.241 
16.187 
16.106 
16.024 
15.969 
15.952 
15.918 
15.862 
15.771 
15.638 
15.541 
15.587 
15.438 
15.413 
15.372 
15.319 
15.259 
15.155 
15.009 
15.563 
15.0 
14.832 
14.822 
14.802 
14.766 
14.699 
14.596 
14.864 
14.565 
14.521 
14.517 
14.51 
14.499 
14.481 
14.461 
14.444 
14.433 
h 
14.03 
14.019 
14.007 
13.998 
13.985 
13.96 
13.922 
13.885 
13.898 
13.937 
13.867 
13.854 
13.831 
13.799 
13.783 
13.779 
h 
13.437 
13.34 
13.251 
13.199 
13.152 
13.093 
13.054 
13.056 
13.026 
12.982 
12.903 
12.773 
12.617 
12.677 
12.594 
12.464 
12.45 
12.438 
12.433 
12.429 
12.418 
12.402 
12.395 
12.367 
h 
12.223 
12.176 
12.156 
12.131 
12.128 
12.103 
12.088 
12.052 
11.991 
11.914 
11.854 
11.822 
11.791 
11.741 
11.699 
11.622 
11.564 
11.633 
11.514 
11.506 
11.495 
11.479 
11.457 
11.458 
11.443 
11.442 
11.437 
11.43 
11.423 
h 
