25.723 
25.697 
25.629 
25.509 
25.403 
25.403 
25.399 
25.391 
25.372 
25.334 
25.266 
25.167 
25.141 
25.316 
25.102 
25.099 
25.094 
25.083 
25.061 
25.024 
24.988 
h 
24.634 
24.477 
24.37 
24.222 
23.927 
23.4 
22.66 
22.22 
21.978 
21.67 
21.32 
20.955 
20.75 
20.539 
20.183 
19.64 
19.296 
21.929 
18.87 
18.838 
18.811 
18.757 
18.654 
18.472 
18.198 
18.313 
21.155 
18.062 
18.031 
18.004 
17.959 
17.906 
17.888 
17.866 
17.834 
17.824 
17.82 
17.817 
17.811 
17.802 
17.795 
17.787 
h 
16.935 
16.837 
16.722 
16.67 
16.61 
16.518 
16.347 
16.061 
15.718 
15.784 
16.228 
15.44 
15.354 
15.212 
15.022 
14.894 
14.851 
14.807 
14.783 
14.748 
14.709 
14.635 
14.499 
14.27 
14.512 
14.19 
13.992 
13.964 
13.912 
13.831 
13.756 
13.615 
13.369 
13.009 
16.273 
12.979 
12.965 
12.947 
12.932 
12.92 
12.903 
12.883 
12.844 
12.774 
12.665 
13.229 
12.954 
12.532 
12.524 
12.513 
12.503 
12.488 
12.477 
12.478 
12.461 
12.459 
h 
12.437 
12.421 
12.386 
12.342 
12.295 
12.113 
11.86 
11.499 
11.275 
11.215 
11.182 
11.121 
11.058 
10.954 
10.838 
10.77 
10.732 
10.682 
10.635 
10.607 
10.59 
10.575 
10.556 
10.528 
10.488 
10.421 
10.331 
10.975 
10.311 
10.286 
10.283 
10.278 
10.27 
10.263 
10.252 
10.234 
10.209 
h 
9.748 
9.609 
9.546 
9.527 
9.517 
9.502 
9.472 
9.414 
9.314 
9.179 
9.083 
9.022 
8.973 
8.951 
8.926 
8.919 
8.891 
8.869 
8.858 
8.842 
8.831 
8.835 
8.823 
8.817 
8.812 
8.818 
h 
8.509 
8.487 
8.453 
8.423 
8.415 
8.404 
8.39 
8.368 
8.326 
8.253 
8.118 
7.936 
8.241 
7.864 
7.848 
7.82 
7.783 
7.833 
7.741 
7.724 
7.715 
7.699 
7.675 
7.662 
7.648 
7.644 
7.638 
7.628 
7.619 
7.609 
7.603 
7.589 
7.572 
7.563 
7.558 
7.549 
7.539 
7.531 
7.522 
7.504 
7.476 
7.502 
7.473 
7.464 
7.46 
7.453 
7.44 
7.428 
7.421 
7.411 
7.408 
7.403 
7.399 
h 
7.296 
7.228 
7.179 
7.144 
7.127 
7.117 
7.116 
7.114 
7.112 
7.103 
7.089 
7.07 
7.059 
7.042 
7.03 
7.019 
7.04 
7.03 
7.003 
7.006 
7.01 
7.009 
7.001 
h 
6.721 
6.714 
6.702 
6.686 
6.678 
6.656 
6.613 
6.514 
6.366 
6.219 
6.122 
6.011 
6.013 
5.842 
5.833 
5.807 
5.762 
5.698 
5.669 
5.617 
5.597 
5.562 
5.533 
5.514 
5.505 
5.469 
5.457 
5.433 
5.429 
5.419 
5.398 
5.363 
5.315 
5.296 
5.319 
5.238 
5.246 
5.242 
5.232 
5.204 
5.217 
5.151 
5.153 
5.146 
5.147 
5.134 
5.133 
5.123 
5.118 
5.103 
h 
4.848 
4.809 
4.794 
4.783 
4.773 
4.755 
4.722 
4.658 
4.574 
4.438 
4.343 
4.716 
4.278 
4.281 
4.28 
4.258 
4.225 
4.246 
4.18 
4.166 
4.142 
4.094 
4.035 
3.947 
4.007 
3.943 
3.935 
3.92 
3.917 
3.912 
3.907 
3.893 
4.109 
3.885 
3.882 
3.876 
3.863 
3.835 
3.821 
3.776 
3.801 
3.808 
3.809 
3.812 
3.804 
3.78 
3.787 
3.794 
h 
3.752 
3.756 
3.745 
3.735 
3.73 
3.72 
3.702 
3.677 
3.626 
3.53 
3.32 
2.868 
2.649 
2.627 
2.64 
2.592 
2.57 
2.54 
2.51 
2.46 
2.442 
2.43 
2.415 
2.434 
2.426 
2.416 
2.419 
2.407 
2.425 
2.414 
h 
2.271 
2.245 
2.239 
2.242 
2.247 
2.239 
2.233 
2.253 
2.233 
2.228 
h 
2.175 
2.16 
2.139 
2.11 
2.052 
2.551 
2.068 
2.053 
2.034 
2.019 
2.016 
2.011 
2.054 
2.051 
2.047 
2.012 
1.996 
1.97 
2.002 
1.958 
1.977 
1.969 
1.971 
1.97 
1.966 
1.96 
1.955 
1.977 
h 
1.77 
1.757 
1.745 
1.746 
1.74 
1.754 
1.748 
1.712 
1.691 
1.63 
1.525 
1.398 
1.318 
1.266 
1.265 
1.236 
1.217 
1.198 
1.168 
1.161 
1.128 
1.11 
1.085 
1.062 
1.055 
1.028 
1.023 
1.017 
1.007 
0.99 
0.969 
0.998 
0.961 
0.958 
0.952 
0.941 
0.933 
0.933 
0.93 
0.925 
0.924 
0.923 
0.92 
0.915 
0.919 
0.913 
0.904 
0.897 
0.895 
0.893 
0.889 
0.884 
0.876 
0.869 
0.86 
0.861 
0.849 
0.841 
0.839 
0.837 
0.832 
0.824 
0.821 
0.841 
0.811 
0.807 
0.804 
0.799 
0.789 
0.783 
0.828 
0.777 
0.776 
0.775 
0.773 
0.771 
0.769 
0.765 
0.765 
0.765 
0.765 
0.764 
0.762 
0.759 
0.756 
0.754 
0.749 
0.77 
0.748 
0.748 
0.747 
0.746 
0.743 
0.749 
0.736 
0.737 
0.736 
0.735 
0.731 
0.724 
h 
0.633 
