28.581 
28.316 
27.572 
26.156 
24.974 
24.963 
24.962 
24.961 
24.959 
24.954 
24.947 
24.939 
24.938 
h 
23.96 
23.946 
23.861 
23.737 
23.484 
23.026 
22.317 
21.681 
21.228 
20.993 
20.758 
20.391 
20.559 
19.951 
19.866 
19.712 
19.47 
19.232 
18.986 
18.887 
20.07 
18.782 
18.761 
18.715 
18.629 
18.486 
18.316 
18.272 
18.295 
18.217 
18.203 
18.177 
18.133 
18.054 
17.937 
17.869 
17.833 
17.814 
17.778 
17.721 
17.743 
17.658 
17.623 
17.608 
17.592 
17.564 
17.532 
17.536 
17.506 
17.487 
h 
16.717 
16.478 
16.377 
16.358 
16.317 
16.244 
16.124 
15.917 
15.59 
15.262 
15.491 
16.012 
15.065 
15.048 
15.027 
14.984 
14.9 
14.749 
14.528 
14.399 
16.015 
14.223 
14.207 
14.187 
14.159 
14.117 
14.055 
13.961 
13.96 
13.893 
13.878 
13.871 
13.855 
13.831 
13.808 
13.766 
13.715 
13.777 
13.668 
13.657 
13.636 
13.596 
13.531 
13.505 
13.521 
13.441 
13.433 
13.419 
13.393 
13.349 
13.357 
13.34 
13.329 
13.314 
13.306 
13.296 
13.278 
h 
12.499 
12.443 
12.406 
12.368 
12.305 
12.236 
12.164 
12.049 
11.921 
11.83 
11.774 
11.684 
11.539 
11.662 
11.498 
11.491 
11.479 
11.457 
11.431 
11.391 
11.366 
11.348 
11.338 
11.325 
11.301 
11.291 
11.275 
11.247 
11.21 
11.239 
11.197 
11.197 
11.195 
11.191 
11.183 
11.17 
h 
11.019 
10.952 
10.93 
10.918 
10.893 
10.841 
10.742 
10.562 
10.278 
10.055 
10.208 
10.02 
9.978 
9.971 
9.947 
9.914 
9.877 
9.854 
9.847 
9.85 
9.851 
9.851 
9.851 
9.852 
h 
9.584 
9.561 
9.522 
9.508 
9.488 
9.461 
9.438 
9.393 
9.31 
9.203 
9.142 
9.091 
9.053 
9.03 
8.995 
8.955 
9.068 
8.95 
8.94 
8.931 
8.928 
8.926 
8.934 
h 
8.809 
8.777 
8.717 
8.633 
8.581 
8.57 
8.563 
8.549 
8.53 
8.498 
8.442 
8.371 
8.359 
8.307 
8.281 
8.248 
8.211 
8.179 
8.155 
8.111 
8.041 
7.948 
8.107 
7.966 
7.909 
7.901 
7.893 
7.879 
7.866 
7.872 
7.869 
7.857 
7.857 
7.848 
7.846 
7.822 
h 
