26.865 
26.757 
26.463 
25.946 
25.563 
25.529 
25.461 
25.331 
25.106 
24.812 
25.709 
24.781 
24.77 
24.769 
24.767 
24.764 
24.76 
24.753 
24.758 
24.749 
h 
24.683 
24.668 
24.627 
24.535 
24.353 
24.026 
23.555 
23.23 
22.947 
22.737 
22.514 
22.373 
22.301 
22.245 
22.216 
22.159 
22.051 
21.873 
21.682 
22.942 
21.599 
21.576 
21.539 
21.476 
21.402 
21.339 
21.225 
21.049 
21.334 
21.095 
20.896 
20.888 
20.871 
20.838 
20.783 
20.71 
20.713 
20.669 
20.656 
20.652 
20.647 
20.638 
20.62 
20.588 
20.545 
20.549 
20.711 
h 
20.003 
19.982 
19.969 
19.945 
19.895 
19.799 
19.62 
19.331 
19.138 
19.292 
18.951 
18.911 
18.84 
18.753 
18.626 
18.5 
18.754 
18.406 
18.394 
18.377 
18.347 
18.31 
18.287 
18.264 
18.258 
18.254 
h 
17.75 
17.697 
17.629 
17.597 
17.554 
17.51 
17.436 
17.315 
17.151 
17.097 
17.366 
17.019 
17.009 
16.994 
16.982 
16.978 
16.97 
16.962 
16.953 
16.943 
h 
16.6 
16.583 
16.578 
16.567 
16.546 
16.505 
16.435 
16.326 
16.236 
16.207 
16.16 
16.148 
16.135 
16.12 
16.099 
16.066 
16.053 
16.041 
16.019 
h 
