0 2 0 0 0 
0 2 0 1 0 
0 2 0 1 0 
1 3 0 1 0 
2 3 0 1 0 
2 3 0 2 0 
4 4 0 2 0 
4 5 0 2 0 
5 5 1 2 0 
7 4 1 1 0 
6 4 2 1 0 
5 5 2 1 0 
5 6 2 1 0 
5 8 2 1 0 
5 9 2 1 0 
6 8 2 3 0 
7 8 2 3 0 
6 5 2 2 0 
8 3 2 4 0 
9 4 2 4 0 
10 5 3 4 0 
9 6 4 4 0 
8 7 5 5 0 
7 9 6 5 0 
8 9 6 5 0 
8 8 5 5 0 
9 10 5 5 0 
9 10 5 5 0 
10 10 4 5 0 
11 12 5 5 0 
10 15 5 4 0 
9 13 7 5 0 
7 13 7 5 0 
7 14 8 5 0 
8 17 7 5 0 
6 17 6 5 0 
7 17 8 4 0 
8 15 7 5 0 
7 12 7 5 0 
8 12 9 5 0 
8 12 10 5 0 
8 10 10 3 0 
7 11 9 4 0 
10 12 9 4 0 
8 12 11 4 0 
8 11 10 4 0 
9 11 10 5 0 
10 12 11 5 0 
10 12 10 8 0 
11 14 13 8 0 
12 14 16 9 0 
12 16 15 6 0 
9 14 17 8 0 
10 13 18 8 0 
10 12 16 6 0 
11 13 17 5 0 
12 14 17 3 0 
13 14 19 3 0 
15 15 19 3 0 
16 16 20 4 0 
18 16 19 5 0 
17 15 20 4 0 
19 17 25 5 0 
16 15 24 6 0 
16 14 22 6 0 
18 12 25 4 0 
20 11 25 6 0 
22 10 22 5 0 
22 11 22 6 0 
20 13 24 5 0 
20 14 22 4 0 
23 14 21 5 0 
23 14 22 5 0 
23 16 25 4 0 
23 15 29 3 0 
26 17 33 3 0 
23 19 31 3 0 
23 20 28 4 0 
23 22 27 4 0 
24 22 25 5 0 
24 24 26 6 0 
28 25 30 5 0 
27 26 30 6 0 
26 25 35 5 0 
31 26 38 6 0 
30 26 41 5 0 
33 26 46 6 0 
32 22 46 7 0 
28 23 42 7 0 
32 22 45 9 0 
35 21 49 9 0 
36 22 51 10 0 
34 23 52 10 0 
32 24 57 13 3 
35 22 59 14 0 
35 23 60 14 0 
36 25 59 14 0 
36 26 59 15 0 
38 29 59 14 0 
41 27 58 13 0 
41 26 58 13 0 
41 27 62 10 0 
42 30 62 12 0 
42 31 62 14 0 
45 32 60 19 0 
45 35 55 22 0 
42 37 55 23 0 
44 36 56 25 0 
44 38 57 28 0 
44 37 63 30 0 
43 35 56 29 0 
42 33 57 34 0 
39 30 65 39 0 
39 29 70 45 0 
38 27 80 43 3 
38 26 80 44 3 
35 24 81 45 3 
31 27 82 47 3 
28 27 85 45 3 
29 25 81 49 3 
33 25 78 56 0 
36 25 83 56 0 
35 26 92 57 3 
33 26 91 59 3 
35 25 100 65 3 
37 21 105 65 3 
39 24 103 69 3 
45 27 104 71 0 
45 30 103 73 0 
41 31 104 77 0 
43 33 111 79 0 
42 32 120 83 3 
43 32 124 86 3 
42 27 130 87 3 
44 28 136 86 3 
46 31 143 90 3 
43 34 145 86 3 
43 35 150 97 3 
43 37 142 99 3 
42 38 145 98 3 
43 38 146 101 3 
46 36 146 99 3 
48 34 148 102 3 
53 35 154 107 3 
51 29 152 108 3 
52 33 146 111 0 
54 32 154 109 3 
53 34 163 105 3 
55 32 170 115 3 
54 32 168 113 3 
56 32 172 118 3 
49 36 174 116 3 
50 35 172 119 3 
54 38 179 117 3 
51 38 186 124 3 
55 39 183 126 3 
56 40 190 123 3 
59 43 193 127 3 
61 44 194 121 3 
59 45 198 123 3 
57 41 213 131 3 
55 42 206 129 3 
57 41 205 129 3 
59 40 209 139 3 
58 39 216 148 3 
62 39 217 153 3 
57 42 210 163 0 
58 41 216 162 3 
57 38 229 158 3 
61 37 246 166 3 
54 37 243 167 3 
61 33 245 163 3 
64 35 262 168 3 
66 38 269 169 3 
63 41 263 176 3 
61 44 272 176 3 
64 50 288 176 3 
68 50 285 175 3 
70 47 289 176 3 
64 49 287 185 3 
65 50 292 186 3 
70 49 309 180 3 
71 51 323 186 3 
71 51 320 192 3 
71 52 321 191 3 
70 51 324 198 3 
79 52 325 200 3 
83 46 328 209 3 
88 43 326 222 3 
93 40 329 232 3 
96 36 327 234 3 
97 40 332 238 3 
89 38 342 238 3 
89 36 338 244 3 
84 36 345 254 3 
87 39 334 254 3 
90 35 328 252 3 
88 43 327 257 3 
84 45 345 267 3 
77 45 359 269 3 
77 46 363 283 3 
79 53 356 290 3 
79 51 366 294 3 
83 50 371 287 3 
92 46 376 303 3 
95 49 369 299 3 
95 48 386 306 3 
93 50 388 302 3 
93 52 390 312 3 
99 52 396 306 3 
94 53 398 317 3 
91 51 397 340 0 
93 50 400 341 0 
81 55 420 339 3 
84 59 429 335 3 
79 57 436 337 3 
81 52 429 351 3 
78 53 422 337 3 
76 56 425 341 3 
75 53 426 338 3 
76 63 423 347 3 
82 61 433 349 3 
81 62 445 354 3 
86 60 455 368 3 
83 59 468 364 3 
82 58 488 363 3 
85 61 490 355 3 
78 62 504 360 3 
79 61 516 366 3 
81 65 501 375 3 
79 66 514 376 3 
82 62 509 367 3 
84 65 510 364 3 
82 69 515 367 3 
84 70 514 368 3 
79 73 517 357 3 
86 73 520 360 3 
91 73 529 370 3 
88 72 524 375 3 
89 72 550 386 3 
89 75 520 382 3 
89 74 515 383 3 
90 73 511 381 3 
88 67 518 378 3 
93 71 522 396 3 
96 68 535 401 3 
99 70 528 386 3 
95 69 522 394 3 
102 72 521 403 3 
106 73 514 421 3 
103 74 524 418 3 
102 80 542 414 3 
104 86 533 402 3 
108 89 517 389 3 
110 87 512 403 3 
108 87 497 399 3 
109 83 505 396 3 
109 84 507 394 3 
110 82 504 399 3 
109 88 515 396 3 
112 86 505 384 3 
105 86 500 397 3 
99 81 500 403 3 
103 83 517 409 3 
103 81 518 392 3 
104 78 531 403 3 
109 82 525 417 3 
108 85 528 441 3 
111 80 526 454 0 
107 84 530 454 0 
105 96 535 449 3 
98 95 533 454 0 
102 95 544 452 3 
104 96 543 457 3 
112 99 551 472 0 
112 106 564 463 3 
109 105 572 455 3 
112 110 563 449 3 
109 104 563 452 3 
112 107 588 461 3 
118 106 586 480 3 
127 107 563 490 0 
130 107 538 505 0 
131 100 542 509 0 
123 102 552 517 0 
124 97 547 532 0 
128 94 551 530 0 
133 93 550 534 0 
144 85 561 527 0 
148 89 568 515 0 
140 91 556 517 0 
149 88 568 540 0 
146 91 570 553 0 
148 88 552 545 0 
156 85 580 552 0 
144 88 586 548 0 
148 84 594 529 0 
158 84 589 523 0 
148 80 590 523 0 
145 78 592 520 0 
148 72 588 522 0 
142 69 579 526 0 
146 71 586 530 0 
146 73 591 526 0 
152 71 618 545 0 
156 73 621 559 0 
163 66 629 566 0 
163 62 631 577 0 
165 57 632 586 0 
155 59 642 597 0 
152 57 658 601 0 
156 60 667 612 0 
160 65 672 626 0 
158 64 671 614 0 
160 63 663 618 0 
155 63 675 615 0 
151 61 665 599 0 
152 63 652 597 0 
149 66 653 603 0 
144 68 671 629 0 
144 65 670 630 0 
142 67 654 627 0 
139 66 654 628 0 
137 66 681 624 0 
140 69 683 626 0 
141 68 696 615 0 
137 68 691 622 0 
141 64 700 616 0 
143 58 699 630 0 
148 55 696 647 0 
144 50 684 647 0 
136 47 667 642 0 
131 48 682 646 0 
128 51 678 646 0 
134 51 666 615 0 
137 49 678 637 0 
137 50 684 638 0 
122 47 689 636 0 
128 52 696 655 0 
137 51 699 656 0 
143 53 702 662 0 
137 53 694 671 0 
131 48 705 670 0 
133 51 707 662 0 
136 50 702 676 0 
139 51 685 685 0 
139 50 680 696 0 
137 53 673 694 0 
137 48 661 693 0 
143 47 649 693 0 
144 42 663 681 0 
142 41 660 672 0 
135 39 652 670 0 
134 43 653 678 0 
134 50 631 672 0 
133 47 635 672 0 
131 44 622 670 0 
127 45 626 660 0 
124 45 622 669 0 
123 44 626 674 0 
118 44 626 671 0 
126 47 638 681 0 
122 42 620 682 0 
124 44 626 692 0 
119 44 632 692 0 
123 47 642 697 0 
124 50 651 704 0 
130 54 657 693 0 
137 47 635 709 0 
142 51 658 710 0 
143 48 643 693 0 
146 49 656 691 0 
142 49 654 709 0 
144 47 662 699 0 
146 45 661 692 0 
156 45 661 696 0 
156 43 677 695 0 
162 45 691 670 0 
155 49 676 667 0 
149 52 657 669 0 
139 52 659 669 0 
137 55 657 669 0 
137 58 670 671 0 
138 55 676 670 0 
129 58 671 683 0 
129 53 685 692 0 
139 51 704 686 0 
134 58 707 699 0 
140 60 701 716 0 
139 60 699 706 0 
140 60 691 705 0 
141 66 682 711 0 
150 57 681 726 0 
155 56 683 717 0 
152 56 670 730 0 
153 56 677 743 0 
149 53 687 759 0 
152 48 681 737 0 
145 54 690 751 0 
141 50 668 752 0 
145 46 670 758 0 
145 48 649 761 4 
142 52 640 763 4 
136 51 618 761 4 
139 51 610 762 4 
140 55 621 756 4 
145 56 649 771 4 
140 55 654 786 4 
145 54 665 790 4 
150 48 657 791 4 
136 49 654 783 4 
133 51 653 788 4 
122 49 654 779 4 
121 46 670 768 4 
126 47 651 754 4 
121 49 644 759 4 
124 45 659 747 0 
134 48 659 738 0 
131 48 671 738 0 
124 47 692 726 0 
123 54 681 732 0 
122 52 677 738 0 
124 53 693 745 0 
133 49 703 732 0 
138 53 717 746 0 
139 55 710 748 0 
139 56 685 747 0 
142 54 668 728 0 
139 53 664 734 0 
130 53 666 727 0 
129 54 682 727 0 
131 56 695 739 0 
134 58 692 726 0 
137 61 691 722 0 
142 61 719 727 0 
140 60 730 727 0 
136 58 726 712 0 
134 59 730 704 0 
145 57 759 717 0 
140 54 755 696 0 
131 53 730 676 0 
128 59 749 663 0 
133 62 757 682 0 
124 58 760 666 0 
127 54 764 669 0 
134 52 772 666 3 
133 56 791 667 3 
138 55 764 665 3 
127 53 772 647 3 
133 50 763 651 3 
127 49 767 634 3 
126 45 785 661 3 
124 48 793 659 3 
127 50 807 652 3 
122 55 810 641 3 
125 51 801 657 3 
119 49 785 653 3 
110 50 792 657 3 
115 58 806 655 3 
119 58 810 652 3 
128 60 795 663 3 
129 62 798 675 3 
131 63 805 672 3 
136 68 808 667 3 
130 67 822 666 3 
120 63 797 675 3 
124 65 808 655 3 
126 61 800 650 3 
124 63 774 657 3 
123 63 780 656 3 
131 65 762 660 3 
128 75 769 653 3 
127 79 753 653 3 
126 82 762 643 3 
130 83 762 649 3 
121 82 756 661 0 
123 81 750 646 3 
116 77 754 640 3 
119 82 752 653 3 
122 83 747 654 0 
123 73 752 659 0 
117 75 739 659 0 
112 81 725 664 0 
114 76 744 666 0 
109 76 744 661 0 
111 82 727 648 0 
103 79 728 655 0 
103 76 739 678 0 
108 74 735 699 0 
110 70 741 686 0 
107 68 737 691 0 
125 64 765 700 0 
111 63 777 693 0 
108 64 772 681 0 
107 62 769 679 0 
110 56 776 668 3 
111 59 792 670 3 
112 59 804 669 3 
119 58 811 669 3 
123 60 811 655 3 
118 62 808 645 3 
111 61 813 626 3 
110 64 819 618 3 
104 61 823 640 3 
105 61 790 636 3 
114 64 792 634 3 
116 72 795 619 3 
106 68 783 609 3 
104 75 782 616 3 
107 77 785 635 3 
104 77 784 644 3 
99 71 787 637 3 
101 71 793 627 3 
106 74 788 630 3 
108 81 780 632 3 
109 81 785 638 3 
105 83 779 632 3 
106 82 766 629 3 
100 80 767 648 3 
98 79 781 659 3 
98 82 799 651 3 
96 85 797 649 3 
97 90 781 627 3 
91 83 777 618 3 
90 88 785 602 3 
99 89 790 582 3 
98 91 790 579 3 
94 88 805 575 3 
91 92 800 576 3 
90 90 798 577 3 
89 90 802 580 3 
90 83 824 561 3 
88 83 828 557 3 
89 89 822 562 3 
84 87 818 557 3 
82 83 820 560 3 
83 79 812 547 3 
83 78 833 553 3 
87 81 825 543 3 
88 82 832 542 3 
89 80 821 538 3 
86 68 817 533 3 
87 71 820 541 3 
90 66 823 537 3 
88 68 817 525 3 
95 60 833 530 3 
90 57 849 518 3 
90 51 839 523 3 
87 52 843 533 3 
90 54 835 527 3 
89 54 834 529 3 
91 58 839 537 3 
91 56 872 538 3 
95 49 869 537 3 
103 48 870 543 3 
98 51 865 541 3 
96 53 871 514 3 
103 50 865 517 3 
100 53 825 527 3 
93 54 846 539 3 
94 51 858 538 3 
92 47 866 531 3 
88 50 880 521 3 
95 54 867 498 3 
98 51 852 503 3 
100 51 848 499 3 
92 56 834 493 3 
96 67 824 507 3 
96 63 819 486 3 
98 63 836 490 3 
97 56 845 502 3 
99 61 833 509 3 
100 55 849 512 3 
92 57 881 500 3 
100 51 884 490 3 
97 51 883 506 3 
95 47 880 509 3 
95 50 891 524 3 
92 54 891 524 3 
98 54 886 523 3 
97 55 892 523 3 
92 55 903 527 3 
90 54 917 525 3 
93 56 913 528 3 
89 56 950 520 3 
91 53 943 525 3 
95 56 930 518 3 
101 59 931 539 3 
103 57 914 545 3 
101 60 911 542 3 
95 60 904 545 3 
100 57 883 535 3 
102 58 895 531 3 
107 61 897 525 3 
103 62 898 517 3 
99 62 893 516 3 
109 60 914 507 3 
107 64 915 495 3 
105 63 906 495 3 
101 63 919 489 3 
102 61 935 492 3 
111 64 943 493 3 
105 65 934 498 3 
103 63 917 513 3 
107 66 896 516 3 
106 69 907 505 3 
100 76 923 507 3 
103 74 950 511 3 
97 74 957 511 3 
95 73 935 484 3 
84 82 957 482 3 
77 80 955 483 3 
81 80 936 479 3 
82 82 938 484 3 
83 79 954 491 3 
84 77 958 465 3 
84 77 977 479 3 
83 71 968 488 3 
80 71 992 476 3 
85 76 999 475 3 
85 73 970 464 3 
86 76 977 458 3 
86 77 972 471 3 
87 76 993 472 3 
86 80 998 483 3 
88 75 998 487 3 
82 74 995 493 3 
87 69 995 489 3 
85 69 985 488 3 
92 71 982 483 3 
89 74 958 479 3 
92 69 973 490 3 
83 69 992 496 3 
89 64 997 498 3 
90 62 1013 494 3 
89 57 1008 502 3 
90 56 1018 497 3 
88 57 1006 492 3 
89 57 1017 485 3 
91 54 1018 471 3 
95 57 1015 464 3 
90 60 1016 460 3 
87 63 1007 454 3 
87 61 1013 458 3 
85 56 1024 463 3 
82 50 1037 464 3 
82 53 1030 473 3 
82 49 1038 468 3 
83 49 1030 456 3 
80 44 1041 437 3 
76 38 1054 433 3 
70 36 1069 436 3 
64 38 1062 432 3 
63 36 1069 421 3 
65 29 1090 418 3 
69 28 1097 412 3 
80 26 1096 420 3 
77 29 1076 423 3 
87 26 1059 415 3 
90 25 1059 408 3 
91 18 1068 401 3 
95 18 1070 402 3 
96 18 1060 419 3 
103 18 1063 415 3 
104 18 1077 413 3 
105 19 1089 408 3 
103 17 1094 412 3 
97 18 1115 411 3 
99 19 1110 399 3 
96 17 1118 389 3 
102 17 1106 391 3 
105 15 1105 394 3 
109 18 1099 403 3 
115 18 1101 394 3 
109 20 1087 397 3 
107 22 1102 392 3 
113 25 1086 376 3 
121 26 1081 377 3 
116 27 1062 370 3 
107 29 1056 370 3 
103 27 1085 357 3 
108 31 1074 354 3 
108 36 1064 342 3 
108 36 1075 344 3 
113 34 1090 343 3 
113 35 1119 334 3 
108 32 1097 340 3 
106 32 1080 346 3 
107 34 1079 346 3 
105 34 1072 335 3 
101 36 1069 354 3 
107 35 1053 344 3 
103 41 1055 351 3 
101 38 1061 342 3 
106 34 1039 350 3 
108 34 1053 332 3 
104 35 1048 339 3 
101 35 1033 329 3 
101 38 1020 328 3 
104 39 1026 341 3 
102 37 1035 343 3 
105 36 1025 342 3 
106 34 1024 334 3 
101 34 1026 331 3 
105 32 1030 329 3 
108 31 1045 332 3 
104 32 1063 333 3 
104 32 1051 333 3 
97 35 1062 320 3 
94 36 1069 315 3 
94 40 1094 306 3 
94 44 1110 302 3 
95 45 1119 298 3 
86 42 1119 305 3 
85 41 1120 294 3 
88 37 1137 292 3 
83 38 1128 275 3 
84 37 1143 271 3 
81 40 1163 272 3 
79 35 1156 276 3 
81 38 1154 281 3 
78 39 1129 290 3 
81 41 1122 276 3 
85 43 1132 276 3 
85 43 1130 283 3 
82 44 1089 269 3 
86 42 1084 282 3 
92 43 1093 283 3 
86 43 1070 281 3 
85 43 1070 284 3 
89 44 1086 262 3 
99 44 1073 262 3 
98 45 1071 258 3 
102 43 1078 268 3 
101 38 1075 267 3 
105 37 1065 273 3 
114 39 1062 252 3 
119 33 1062 254 3 
117 37 1041 245 3 
109 38 1030 249 3 
112 40 1061 247 3 
110 41 1032 242 3 
109 36 1037 241 3 
112 27 1033 241 3 
113 29 1039 228 3 
109 30 1054 225 3 
114 33 1063 227 3 
114 35 1068 229 3 
116 33 1088 229 3 
113 28 1062 225 3 
115 28 1096 223 3 
105 26 1113 224 3 
110 26 1106 214 3 
113 28 1103 220 3 
113 30 1121 218 3 
110 35 1123 225 3 
111 29 1148 228 3 
104 31 1159 232 3 
103 34 1148 228 3 
104 34 1163 229 3 
109 38 1158 242 3 
118 39 1175 243 3 
117 39 1187 240 3 
112 39 1196 236 3 
107 36 1214 237 3 
115 39 1197 243 3 
114 40 1186 234 3 
120 36 1199 229 3 
116 38 1209 236 3 
116 36 1216 228 3 
117 33 1218 232 3 
117 30 1209 231 3 
113 35 1207 232 3 
114 35 1208 225 3 
120 37 1210 218 3 
117 42 1198 214 3 
123 43 1231 222 3 
126 42 1213 231 3 
130 39 1211 226 3 
126 37 1192 225 3 
118 38 1180 223 3 
118 36 1199 221 3 
123 34 1179 225 3 
119 33 1168 225 3 
117 36 1188 222 3 
118 38 1205 221 3 
115 35 1201 218 3 
107 33 1228 219 3 
102 30 1235 225 3 
108 31 1232 228 3 
117 30 1218 225 3 
121 30 1213 231 3 
127 31 1230 237 3 
129 33 1222 237 3 
122 31 1218 243 3 
124 28 1196 242 3 
114 31 1184 242 3 
116 30 1174 245 3 
122 31 1161 241 3 
119 33 1176 234 3 
124 31 1187 232 3 
124 24 1215 227 3 
126 24 1215 222 3 
125 28 1213 218 3 
124 27 1214 209 3 
126 33 1207 211 3 
127 37 1194 210 3 
129 39 1196 206 3 
134 37 1215 209 3 
139 33 1220 194 3 
136 33 1223 191 3 
137 37 1209 196 3 
145 36 1207 190 3 
146 35 1177 184 3 
138 33 1162 187 3 
145 33 1164 188 3 
154 33 1146 189 3 
145 33 1152 189 3 
150 34 1135 190 3 
152 29 1128 188 3 
154 28 1151 185 3 
162 25 1145 181 3 
169 27 1171 180 3 
166 25 1196 191 3 
173 27 1181 191 3 
168 29 1144 194 3 
166 28 1138 190 3 
172 29 1150 195 3 
173 27 1173 201 3 
171 25 1181 191 3 
179 25 1186 199 3 
182 26 1171 199 3 
189 29 1161 197 3 
185 30 1189 197 3 
175 32 1194 194 3 
171 34 1187 202 3 
171 39 1197 205 3 
170 41 1185 213 3 
169 37 1178 219 3 
165 37 1169 214 3 
168 35 1142 220 3 
170 34 1164 224 3 
163 34 1166 224 3 
169 31 1144 221 3 
167 35 1131 208 3 
161 33 1144 203 3 
164 33 1138 208 3 
171 32 1112 216 3 
169 33 1103 220 3 
159 28 1103 210 3 
153 35 1117 206 3 
149 34 1124 210 3 
143 35 1136 209 3 
155 32 1128 213 3 
151 33 1153 220 3 
151 30 1190 227 3 
153 28 1218 224 3 
151 24 1225 231 3 
152 26 1221 235 3 
152 25 1209 230 3 
151 29 1196 226 3 
153 27 1191 219 3 
164 27 1167 213 3 
161 30 1172 220 3 
161 33 1167 224 3 
164 34 1165 212 3 
158 34 1176 216 3 
152 34 1172 215 3 
151 33 1182 220 3 
159 32 1162 221 3 
153 35 1146 216 3 
157 30 1149 212 3 
152 33 1135 213 3 
148 38 1152 223 3 
148 38 1154 226 3 
146 39 1150 227 3 
139 35 1136 226 3 
147 31 1110 232 3 
150 26 1129 230 3 
155 25 1137 232 3 
155 28 1152 226 3 
156 26 1164 231 3 
164 23 1183 222 3 
177 25 1179 218 3 
178 28 1173 217 3 
175 29 1186 210 3 
173 26 1152 205 3 
168 27 1171 214 3 
162 25 1169 220 3 
164 28 1154 216 3 
162 34 1123 219 3 
172 34 1131 217 3 
173 31 1119 215 3 
178 31 1115 212 3 
176 32 1138 218 3 
181 37 1131 210 3 
174 33 1137 212 3 
173 32 1128 210 3 
177 28 1131 211 3 
174 25 1113 224 3 
165 27 1094 223 3 
163 29 1107 229 3 
165 33 1126 228 3 
175 37 1117 232 3 
181 36 1112 231 3 
175 33 1113 233 3 
176 34 1120 240 3 
180 32 1115 240 3 
178 33 1103 243 3 
174 36 1089 243 3 
176 36 1098 242 3 
185 36 1117 243 3 
182 38 1116 245 3 
193 42 1113 239 3 
193 41 1117 242 3 
198 41 1133 237 3 
199 40 1141 241 3 
189 36 1127 245 3 
189 33 1089 246 3 
194 29 1090 264 3 
203 32 1090 260 3 
205 28 1077 255 3 
203 30 1086 249 3 
206 27 1101 256 3 
202 29 1097 257 3 
199 31 1094 249 3 
206 32 1096 229 3 
210 32 1117 227 3 
200 34 1117 228 3 
200 39 1118 227 3 
205 39 1112 228 3 
215 37 1095 235 3 
210 40 1108 245 3 
198 39 1128 243 3 
197 37 1133 242 3 
194 37 1112 246 3 
184 39 1121 250 3 
179 42 1113 243 3 
179 43 1098 239 3 
183 39 1096 236 3 
175 37 1101 230 3 
190 37 1122 234 3 
187 39 1115 233 3 
187 42 1127 237 3 
188 47 1123 226 3 
187 49 1122 224 3 
189 45 1123 228 3 
189 44 1130 230 3 
195 48 1139 233 3 
193 49 1139 235 3 
178 48 1125 227 3 
179 45 1118 223 3 
179 45 1123 226 3 
179 46 1144 226 3 
181 41 1135 225 3 
181 43 1138 222 3 
175 46 1124 222 3 
176 46 1150 225 3 
172 46 1124 215 3 
167 47 1109 210 3 
159 47 1129 203 3 
163 50 1132 201 3 
157 49 1141 211 3 
161 47 1140 206 3 
154 49 1140 212 3 
157 48 1105 222 3 
161 46 1108 224 3 
166 49 1084 227 3 
168 52 1079 228 3 
167 50 1093 230 3 
173 53 1119 221 3 
174 53 1125 218 3 
163 50 1107 207 3 
167 49 1117 209 3 
157 45 1106 204 3 
167 47 1092 202 3 
166 52 1087 194 3 
170 49 1091 195 3 
161 50 1083 191 3 
145 49 1097 194 3 
149 48 1113 196 3 
150 49 1122 197 3 
151 50 1123 190 3 
145 49 1119 198 3 
160 44 1123 194 3 
169 49 1131 196 3 
174 48 1129 200 3 
174 48 1140 203 3 
173 47 1150 210 3 
166 53 1165 220 3 
157 49 1161 211 3 
152 53 1145 200 3 
159 56 1160 203 3 
159 57 1159 198 3 
161 57 1168 188 3 
156 56 1168 185 3 
147 58 1187 183 3 
143 59 1187 186 3 
138 59 1183 184 3 
136 62 1180 195 3 
