0 0 0 1 0 
0 0 1 1 0 
2 0 2 1 0 
2 1 3 1 0 
2 1 5 1 0 
3 1 6 1 0 
2 1 6 1 0 
3 1 5 1 0 
3 2 4 1 0 
3 3 4 2 0 
6 3 6 2 0 
6 4 5 2 0 
3 5 7 2 0 
2 8 8 3 0 
3 8 7 3 0 
2 5 8 3 0 
2 8 7 3 0 
2 9 6 4 0 
2 8 6 4 0 
4 9 6 4 0 
4 10 6 5 0 
4 11 7 2 0 
5 10 7 2 0 
4 9 8 2 0 
4 11 9 3 0 
3 10 12 3 0 
3 11 11 4 0 
4 11 10 4 0 
4 12 9 3 0 
4 10 8 4 0 
4 11 10 4 0 
5 11 11 5 0 
5 10 12 8 0 
7 11 13 7 0 
7 10 15 9 0 
7 10 16 10 0 
8 11 18 7 0 
11 13 21 7 0 
13 15 21 7 0 
12 14 21 8 0 
12 16 21 11 0 
15 16 25 13 0 
15 18 26 13 0 
14 18 24 13 0 
13 21 25 11 0 
16 23 29 13 0 
15 27 27 14 0 
16 28 29 14 0 
16 27 24 16 0 
17 27 24 15 0 
17 29 26 14 0 
18 26 27 16 0 
22 24 26 18 0 
22 26 25 18 0 
21 26 22 18 0 
21 29 22 21 0 
22 30 21 22 0 
21 33 19 21 0 
26 33 17 21 0 
26 35 15 18 0 
24 33 16 20 0 
25 35 15 18 0 
25 34 15 19 0 
25 33 15 20 0 
27 34 16 22 0 
27 29 17 24 0 
29 26 17 26 0 
30 26 19 27 0 
29 29 20 28 0 
33 27 21 29 0 
34 27 22 34 0 
37 29 23 35 0 
40 33 27 35 0 
42 35 31 41 0 
45 30 32 42 0 
41 35 36 46 0 
41 38 35 46 0 
41 42 35 46 0 
40 39 37 47 0 
37 36 39 46 0 
38 36 45 54 0 
41 38 46 52 0 
36 37 52 54 0 
36 39 51 59 0 
36 40 53 57 0 
37 42 55 64 0 
36 43 56 65 0 
35 43 55 65 0 
33 48 53 65 0 
28 50 56 64 0 
32 48 58 66 0 
27 49 60 69 0 
30 50 69 66 0 
29 47 77 63 0 
32 51 76 66 0 
37 51 79 62 0 
36 53 83 68 0 
36 55 78 70 0 
40 48 81 75 0 
42 50 81 71 0 
43 45 88 78 0 
42 46 88 82 0 
49 52 92 87 0 
49 52 93 95 0 
44 55 93 92 0 
47 54 98 101 0 
51 52 95 103 0 
54 53 96 96 0 
54 54 100 97 0 
51 55 107 98 0 
55 53 110 95 0 
57 51 115 93 0 
64 55 114 95 0 
65 55 108 90 0 
63 60 109 97 0 
66 67 109 100 0 
64 70 110 108 0 
71 74 117 123 0 
69 76 116 122 0 
71 75 117 120 0 
71 75 122 126 0 
67 77 133 130 0 
73 82 135 136 0 
73 83 138 132 0 
81 82 135 128 0 
87 82 139 129 0 
89 84 137 132 0 
94 83 143 136 0 
98 82 144 141 0 
97 79 142 143 0 
96 80 140 146 0 
100 88 141 155 0 
105 94 145 164 0 
105 96 152 164 0 
113 93 156 170 0 
119 90 165 176 0 
118 86 174 182 0 
113 90 174 201 0 
108 92 171 213 0 
107 93 162 213 4 
109 96 167 223 4 
113 100 165 224 4 
117 105 167 229 4 
113 108 173 233 4 
112 105 172 246 4 
110 105 173 244 4 
111 106 182 255 4 
108 110 182 258 4 
109 110 181 262 4 
111 108 189 266 4 
113 112 194 267 4 
120 108 191 259 4 
123 111 182 253 4 
131 105 188 244 4 
136 114 192 257 4 
141 109 197 256 4 
139 111 206 253 0 
139 110 218 261 0 
128 111 219 264 0 
127 116 214 258 0 
119 119 218 274 0 
118 116 224 273 0 
117 107 230 291 4 
115 115 240 301 4 
108 115 253 308 0 
113 107 249 302 0 
111 101 246 297 0 
110 104 251 311 0 
113 100 251 316 4 
116 108 262 329 4 
106 111 265 331 4 
110 113 270 339 4 
112 111 275 343 4 
113 114 285 364 4 
121 109 296 361 0 
117 118 304 372 4 
113 119 299 378 4 
108 122 314 376 0 
113 116 321 379 0 
124 110 319 378 0 
120 110 317 385 0 
128 114 318 371 0 
126 113 335 370 0 
126 110 321 384 0 
121 107 321 391 4 
124 111 333 400 0 
123 107 339 404 0 
128 107 334 409 4 
123 102 334 415 4 
122 105 344 422 4 
116 110 332 424 4 
114 103 335 420 4 
111 102 343 410 0 
112 99 346 415 0 
107 110 362 427 0 
114 102 355 442 4 
111 105 352 455 4 
109 104 341 462 4 
101 108 339 470 4 
101 108 346 478 4 
99 111 355 488 4 
96 119 358 501 4 
108 114 367 494 4 
110 116 375 505 4 
114 119 370 512 4 
115 116 364 505 4 
122 115 373 515 4 
121 111 379 531 4 
118 115 387 538 4 
120 121 377 539 4 
125 121 385 536 4 
117 122 374 541 4 
120 119 390 550 4 
120 113 387 534 4 
113 103 399 540 4 
113 99 393 550 4 
110 102 383 560 4 
106 99 380 553 4 
115 101 395 547 4 
118 101 416 561 4 
119 103 430 578 4 
120 98 440 579 4 
117 103 425 572 4 
122 106 408 575 4 
123 110 408 588 4 
122 103 408 590 4 
124 105 413 595 4 
122 107 410 605 4 
116 106 410 603 4 
114 102 421 622 4 
105 101 430 628 4 
111 101 431 625 4 
113 100 429 639 4 
112 102 436 638 4 
117 110 455 639 4 
111 117 452 630 4 
106 121 464 635 4 
105 121 471 644 4 
103 131 491 653 4 
100 135 491 649 4 
98 137 490 673 4 
101 132 487 686 4 
102 129 489 700 4 
97 130 505 719 4 
96 126 504 718 4 
92 124 501 696 4 
94 123 497 735 4 
92 126 491 729 4 
96 123 483 708 4 
93 114 484 708 4 
90 114 490 725 4 
94 115 507 726 4 
88 110 501 748 4 
90 103 504 757 4 
88 96 540 763 4 
83 93 531 753 4 
81 98 513 768 4 
83 95 521 774 4 
84 94 529 737 4 
83 97 525 731 4 
77 102 517 747 4 
77 91 532 738 4 
79 95 554 732 4 
78 96 570 723 4 
80 95 582 697 4 
77 97 582 711 4 
81 95 601 750 4 
80 98 594 734 4 
82 102 584 762 4 
89 106 574 755 4 
89 102 583 742 4 
91 104 585 729 4 
91 107 590 750 4 
104 108 596 750 4 
98 112 592 748 4 
98 105 583 745 4 
102 105 576 735 4 
96 102 582 717 4 
90 103 592 722 4 
87 102 600 720 4 
91 106 598 725 4 
90 110 590 741 4 
89 119 591 746 4 
87 117 595 734 4 
90 115 615 735 4 
92 116 607 752 4 
99 113 608 759 4 
96 114 609 760 4 
97 114 622 764 4 
94 113 631 761 4 
93 110 639 773 4 
86 108 632 779 4 
86 102 650 771 4 
91 105 652 765 4 
100 107 659 769 4 
98 110 662 777 4 
100 109 655 759 4 
100 113 652 764 4 
105 109 630 798 4 
100 104 628 798 4 
107 103 642 815 4 
101 103 628 828 4 
94 107 626 815 4 
95 108 638 791 4 
99 111 622 793 4 
101 124 614 789 4 
100 122 605 779 4 
105 121 617 770 4 
108 125 614 776 4 
115 116 622 773 4 
120 118 609 770 4 
121 116 608 780 4 
126 116 622 781 4 
123 119 637 771 4 
122 116 646 771 4 
130 113 636 770 4 
129 116 643 763 4 
129 116 629 759 4 
121 107 613 778 4 
124 105 609 772 4 
124 113 630 747 4 
125 107 638 733 0 
121 105 625 713 0 
119 108 631 724 0 
115 105 635 735 4 
121 110 644 735 0 
128 114 639 748 4 
124 108 642 744 4 
125 113 613 756 4 
129 109 610 769 4 
133 111 611 771 4 
130 109 593 766 4 
138 108 600 758 4 
135 111 607 738 4 
136 110 595 726 4 
143 109 606 740 4 
142 100 611 733 4 
150 97 605 729 4 
146 105 621 720 4 
156 103 632 709 0 
149 103 631 705 0 
150 102 639 714 0 
152 103 646 745 4 
148 100 629 753 4 
148 101 628 746 4 
148 105 626 737 4 
142 113 626 724 4 
137 110 641 724 0 
126 111 641 724 0 
129 113 643 710 0 
127 112 660 713 0 
121 115 671 705 0 
120 110 667 699 0 
118 110 654 701 0 
116 108 633 706 0 
112 116 646 702 0 
115 119 668 688 0 
119 115 680 687 0 
120 112 672 678 0 
114 111 679 684 0 
111 112 679 690 0 
116 114 665 674 0 
117 111 651 676 0 
121 113 662 671 0 
121 112 657 666 0 
124 112 649 656 0 
120 109 646 640 0 
121 111 635 624 0 
123 111 629 617 0 
125 111 637 615 0 
113 114 648 611 0 
114 114 657 618 0 
112 116 639 605 0 
120 110 660 602 0 
121 114 668 594 0 
122 112 671 592 0 
123 109 673 588 0 
121 107 679 603 0 
108 98 672 597 0 
106 93 662 586 0 
105 94 677 576 3 
112 108 668 590 0 
105 119 657 589 0 
106 120 649 600 0 
110 118 644 607 0 
110 125 654 624 0 
105 126 655 617 0 
105 123 659 618 0 
105 116 659 607 0 
102 118 665 603 0 
104 120 663 603 0 
109 131 656 581 0 
102 134 648 587 0 
97 130 626 590 0 
98 136 622 585 0 
99 140 623 585 0 
94 142 618 594 0 
96 144 631 590 0 
96 137 620 591 0 
97 140 637 603 0 
94 139 653 597 0 
88 137 653 595 0 
88 125 651 597 0 
90 130 647 608 0 
98 127 645 617 0 
97 127 632 626 0 
100 127 621 616 0 
101 132 609 620 0 
103 130 622 614 0 
102 120 618 623 0 
95 117 628 624 0 
100 120 635 641 0 
101 115 625 650 0 
105 108 631 645 0 
107 110 629 641 0 
104 111 629 642 0 
101 106 632 640 0 
96 108 644 643 0 
97 104 635 641 0 
100 116 650 623 0 
106 109 662 636 0 
102 105 673 645 0 
106 101 666 666 0 
110 106 665 653 0 
109 113 680 630 0 
112 108 684 643 0 
116 106 710 652 0 
113 107 707 641 0 
111 98 705 638 0 
112 99 709 630 0 
115 103 715 633 0 
105 103 731 629 3 
107 103 727 608 3 
104 111 717 617 3 
112 113 743 616 3 
99 107 750 611 3 
105 102 745 597 3 
108 94 753 595 3 
113 87 767 589 3 
98 88 766 569 3 
94 82 761 574 3 
96 84 762 574 3 
98 83 764 566 3 
94 79 775 555 3 
90 83 759 544 3 
87 80 745 557 3 
84 87 750 566 3 
88 92 749 569 3 
88 85 746 574 3 
87 85 745 576 3 
88 95 750 570 3 
91 97 738 570 3 
92 99 741 553 3 
101 97 744 537 3 
101 98 745 534 3 
104 103 734 557 3 
98 100 729 548 3 
96 95 720 536 3 
97 95 720 532 3 
102 90 734 552 3 
96 89 735 550 3 
92 94 750 539 3 
92 93 741 537 3 
91 88 744 533 3 
96 89 754 517 3 
117 88 763 525 3 
116 93 762 526 3 
115 102 747 521 3 
119 98 758 514 3 
124 104 751 525 3 
128 109 760 525 3 
122 113 787 523 3 
133 121 801 536 3 
130 118 816 524 3 
131 115 829 530 3 
131 114 791 534 3 
122 109 807 526 3 
127 105 791 503 3 
137 105 817 501 3 
144 101 824 510 3 
135 98 825 506 3 
134 96 819 496 3 
134 99 806 494 3 
141 100 808 497 3 
139 104 814 489 3 
139 113 806 500 3 
138 118 779 495 3 
139 123 798 477 3 
142 120 769 512 3 
138 111 785 507 3 
129 113 804 503 3 
131 115 798 507 3 
137 110 796 500 3 
133 114 803 497 3 
128 110 794 522 3 
129 103 807 539 3 
126 98 828 529 3 
131 96 847 526 3 
138 101 857 527 3 
137 103 847 522 3 
139 100 856 516 3 
141 112 838 515 3 
136 105 836 520 3 
131 106 819 507 3 
134 113 847 507 3 
141 113 835 504 3 
142 111 843 511 3 
136 110 859 492 3 
131 108 845 469 3 
127 109 861 489 3 
126 106 864 487 3 
123 101 874 491 3 
122 95 875 490 3 
124 96 866 503 3 
126 94 848 507 3 
133 98 861 488 3 
122 97 882 497 3 
121 97 866 492 3 
117 94 880 501 3 
119 88 885 503 3 
113 87 869 496 3 
112 86 874 500 3 
112 93 883 501 3 
111 89 869 494 3 
116 89 885 492 3 
107 86 898 485 3 
111 82 880 483 3 
111 82 886 475 3 
115 87 867 488 3 
112 83 871 459 3 
114 79 868 460 3 
109 81 866 455 3 
112 76 867 466 3 
111 77 868 465 3 
111 71 855 462 3 
116 72 854 471 3 
120 78 840 486 3 
120 77 837 481 3 
117 76 856 479 3 
117 73 858 471 3 
119 66 839 477 3 
124 68 848 462 3 
128 66 857 446 3 
133 64 860 456 3 
135 68 868 444 3 
136 63 855 449 3 
135 65 823 436 3 
144 66 834 445 3 
145 68 825 445 3 
144 72 811 449 3 
140 75 806 438 3 
140 81 831 438 3 
138 79 840 436 3 
138 74 843 426 3 
143 72 835 430 3 
143 72 834 436 3 
142 69 850 434 3 
146 73 849 426 3 
149 80 860 429 3 
141 81 867 434 3 
146 76 881 430 3 
149 78 875 423 3 
155 76 881 424 3 
142 74 903 431 3 
150 72 899 438 3 
160 76 898 438 3 
159 76 894 432 3 
157 79 890 422 3 
164 84 884 421 3 
162 82 899 427 3 
171 84 882 406 3 
166 84 887 411 3 
159 82 878 418 3 
166 82 890 406 3 
162 85 888 409 3 
157 86 897 395 3 
165 86 892 392 3 
164 84 899 392 3 
162 81 902 393 3 
164 84 909 395 3 
162 81 917 412 3 
163 76 938 412 3 
167 80 952 403 3 
164 78 952 407 3 
162 80 922 414 3 
155 79 946 415 3 
153 79 923 434 3 
153 84 918 427 3 
145 82 916 424 3 
144 75 918 423 3 
153 74 916 429 3 
157 68 921 430 3 
154 68 953 449 3 
151 65 931 446 3 
147 61 931 441 3 
145 59 935 440 3 
149 52 951 448 3 
148 54 953 442 3 
156 52 955 453 3 
162 49 950 455 3 
161 49 942 438 3 
161 50 943 438 3 
163 50 936 436 3 
163 51 920 438 3 
160 55 934 440 3 
152 54 920 432 3 
157 58 929 430 3 
155 59 958 428 3 
144 65 935 427 3 
150 66 925 417 3 
155 70 938 433 3 
156 72 945 440 3 
155 66 954 445 3 
156 70 952 433 3 
162 67 958 436 3 
162 77 964 432 3 
159 76 955 418 3 
161 72 969 437 3 
164 69 981 443 3 
177 72 972 445 3 
171 71 951 455 3 
161 63 945 446 3 
164 68 941 441 3 
165 67 951 443 3 
166 70 955 435 3 
157 67 939 429 3 
155 65 950 436 3 
167 59 943 443 3 
167 63 947 447 3 
164 66 963 453 3 
164 71 945 457 3 
159 68 954 466 3 
166 74 953 465 3 
163 75 968 472 3 
163 70 964 464 3 
162 71 977 462 3 
158 74 978 466 3 
151 65 964 458 3 
145 66 942 477 3 
146 65 951 465 3 
151 71 949 474 3 
150 74 936 493 3 
148 69 915 482 3 
156 67 927 476 3 
157 68 927 482 3 
152 69 908 482 3 
152 71 889 490 3 
158 69 909 494 3 
153 68 905 499 3 
144 68 929 504 3 
133 65 924 499 3 
141 68 924 507 3 
131 72 933 503 3 
138 72 941 487 3 
141 70 944 485 3 
141 66 951 487 3 
147 65 945 489 3 
144 62 972 491 3 
147 57 979 484 3 
151 58 967 478 3 
151 62 954 472 3 
144 61 933 467 3 
137 63 917 468 3 
134 64 920 474 3 
140 67 900 451 3 
138 69 895 442 3 
142 71 892 447 3 
141 74 899 442 3 
143 73 892 435 3 
139 76 886 435 3 
136 87 870 424 3 
141 86 848 437 3 
133 84 839 453 3 
122 83 862 442 3 
124 88 888 456 3 
134 89 893 450 3 
136 92 893 447 3 
133 84 900 435 3 
131 79 892 435 3 
124 77 899 429 3 
120 73 905 436 3 
104 75 897 438 3 
108 72 905 437 3 
105 78 908 417 3 
104 73 934 406 3 
103 72 921 418 3 
100 75 944 422 3 
103 82 945 424 3 
96 81 960 430 3 
92 72 951 427 3 
93 71 943 420 3 
93 74 949 416 3 
93 73 940 419 3 
100 78 945 411 3 
99 75 942 412 3 
87 75 939 412 3 
87 72 925 405 3 
89 72 941 397 3 
95 72 922 425 3 
96 75 923 416 3 
90 73 916 410 3 
99 70 937 401 3 
103 74 924 392 3 
99 74 904 391 3 
91 73 911 393 3 
93 76 917 397 3 
97 69 918 392 3 
94 65 896 391 3 
92 63 897 402 3 
95 63 902 410 3 
95 63 895 409 3 
95 62 890 411 3 
99 65 871 415 3 
98 64 863 408 3 
95 68 889 412 3 
97 70 890 422 3 
100 69 879 432 3 
108 67 880 434 3 
107 66 872 421 3 
106 67 885 422 3 
113 51 904 410 3 
112 60 905 414 3 
106 64 895 416 3 
105 65 910 415 3 
108 69 923 417 3 
109 70 917 420 3 
112 65 920 419 3 
113 66 928 422 3 
113 69 936 426 3 
115 66 923 417 3 
118 61 926 422 3 
113 57 936 416 3 
119 51 948 409 3 
116 50 947 408 3 
118 51 960 418 3 
112 48 982 445 3 
111 50 970 447 3 
116 52 961 434 3 
109 51 955 436 3 
109 49 953 427 3 
110 48 973 418 3 
104 44 988 416 3 
108 47 981 400 3 
106 47 964 387 3 
107 49 940 396 3 
105 53 944 396 3 
105 54 956 394 3 
105 54 957 386 3 
109 51 965 382 3 
106 51 983 379 3 
116 57 989 374 3 
111 57 980 370 3 
117 55 970 364 3 
115 49 949 379 3 
117 48 938 364 3 
114 49 923 372 3 
114 50 907 367 3 
117 49 911 366 3 
117 49 895 358 3 
120 52 899 359 3 
114 52 903 367 3 
112 57 917 372 3 
114 45 930 372 3 
102 48 951 360 3 
109 51 965 372 3 
110 45 959 384 3 
109 48 944 399 3 
120 50 937 396 3 
114 52 917 392 3 
114 53 911 404 3 
114 50 887 403 3 
111 51 896 391 3 
108 51 914 393 3 
113 51 939 406 3 
105 47 947 412 3 
107 48 952 422 3 
102 49 943 430 3 
114 48 950 441 3 
112 46 947 434 3 
107 48 938 449 3 
109 51 950 454 3 
119 50 943 454 3 
126 50 970 443 3 
126 47 979 435 3 
120 47 966 428 3 
120 48 974 434 3 
110 44 977 439 3 
109 43 968 437 3 
115 42 976 444 3 
112 44 999 442 3 
116 42 969 439 3 
114 39 971 430 3 
116 41 951 421 3 
116 40 969 416 3 
120 36 986 411 3 
118 40 993 404 3 
114 41 988 401 3 
112 41 979 409 3 
105 37 996 419 3 
110 40 976 423 3 
108 40 984 417 3 
112 43 1003 413 3 
114 39 993 416 3 
112 38 978 423 3 
113 36 985 412 3 
119 40 989 414 3 
113 38 1018 394 3 
109 37 988 390 3 
113 38 1000 378 3 
115 39 1020 403 3 
109 39 1014 410 3 
100 40 1008 395 3 
104 37 996 401 3 
102 27 993 405 3 
101 30 1004 390 3 
105 30 1017 387 3 
106 31 1004 378 3 
113 30 1009 378 3 
107 31 1025 384 3 
113 29 1027 385 3 
102 27 1030 381 3 
101 26 1044 384 3 
101 26 1033 388 3 
97 27 1043 393 3 
103 30 1050 384 3 
104 27 1057 396 3 
109 30 1051 389 3 
106 32 1064 393 3 
103 29 1080 389 3 
105 27 1056 399 3 
108 27 1059 403 3 
106 28 1038 406 3 
106 29 1054 399 3 
108 28 1082 409 3 
116 30 1071 415 3 
114 26 1054 409 3 
110 26 1034 403 3 
117 26 1020 420 3 
117 27 1023 428 3 
121 28 1013 418 3 
122 24 1001 421 3 
121 26 993 398 3 
123 25 987 391 3 
117 29 991 399 3 
115 27 985 390 3 
109 31 1011 411 3 
110 29 1040 405 3 
115 29 1046 401 3 
115 27 1055 394 3 
120 28 1053 382 3 
129 30 1030 375 3 
131 27 1027 394 3 
126 25 1015 384 3 
128 29 1024 389 3 
136 29 1018 397 3 
131 27 1022 394 3 
130 26 1014 401 3 
132 29 1018 418 3 
129 27 1035 413 3 
120 29 1038 409 3 
122 28 1036 411 3 
123 30 1032 417 3 
128 31 1045 413 3 
136 32 1063 405 3 
123 37 1061 406 3 
122 35 1054 403 3 
130 31 1061 411 3 
134 34 1062 399 3 
137 32 1074 391 3 
127 30 1054 389 3 
119 32 1074 387 3 
124 31 1067 377 3 
122 27 1060 381 3 
124 31 1065 380 3 
124 31 1100 367 3 
125 30 1117 367 3 
133 32 1110 375 3 
139 34 1096 368 3 
137 34 1109 366 3 
135 33 1131 366 3 
131 36 1185 377 3 
126 39 1170 377 3 
138 37 1144 385 3 
136 38 1151 376 3 
134 37 1138 362 3 
134 34 1130 348 3 
137 38 1108 351 3 
131 38 1101 347 3 
131 40 1073 353 3 
126 43 1083 347 3 
128 42 1096 334 3 
123 42 1110 326 3 
127 43 1108 325 3 
121 43 1091 322 3 
121 43 1095 319 3 
118 43 1109 308 3 
117 46 1100 306 3 
115 47 1091 309 3 
114 46 1087 316 3 
109 45 1087 305 3 
109 42 1109 300 3 
109 38 1097 310 3 
114 40 1097 296 3 
106 40 1102 291 3 
108 40 1114 280 3 
112 38 1129 286 3 
111 38 1155 288 3 
113 36 1132 288 3 
108 38 1140 286 3 
104 36 1145 286 3 
106 40 1165 281 3 
106 40 1160 276 3 
111 42 1148 275 3 
110 39 1172 284 3 
121 37 1180 284 3 
131 39 1166 281 3 
122 38 1165 278 3 
120 40 1165 289 3 
109 43 1151 281 3 
101 42 1154 290 3 
105 47 1150 282 3 
109 44 1159 281 3 
109 44 1135 264 3 
109 42 1143 267 3 
106 40 1124 254 3 
112 40 1118 259 3 
105 38 1129 247 3 
104 38 1143 245 3 
109 40 1141 237 3 
111 41 1128 237 3 
107 44 1141 229 3 
104 43 1153 224 3 
109 44 1158 235 3 
111 43 1176 223 3 
107 41 1176 219 3 
111 44 1183 229 3 
108 39 1183 227 3 
103 40 1189 236 3 
102 44 1173 242 3 
106 45 1171 242 3 
92 40 1172 232 3 
94 40 1177 244 3 
95 43 1179 238 3 
101 49 1190 236 3 
99 45 1215 251 3 
102 45 1196 258 3 
100 43 1212 246 3 
101 43 1212 243 3 
96 42 1227 239 3 
90 38 1231 241 3 
92 33 1255 250 3 
89 29 1256 240 3 
90 31 1232 237 3 
82 32 1230 236 3 
85 33 1231 237 3 
87 32 1210 235 3 
87 34 1212 236 3 
89 35 1226 244 3 
92 37 1226 240 3 
92 41 1207 237 3 
90 42 1210 246 3 
90 42 1207 252 3 
91 40 1203 252 3 
89 42 1164 248 3 
91 43 1187 250 3 
89 44 1202 251 3 
93 40 1190 256 3 
98 41 1199 259 3 
96 39 1208 252 3 
96 40 1204 249 3 
94 41 1191 235 3 
97 44 1200 238 3 
96 42 1205 247 3 
96 41 1228 253 3 
98 38 1224 241 3 
103 36 1197 235 3 
106 32 1179 245 3 
108 34 1173 249 3 
117 30 1170 242 3 
114 30 1180 245 3 
113 26 1179 243 3 
112 29 1168 244 3 
112 28 1138 240 3 
115 23 1147 245 3 
126 24 1167 245 3 
132 24 1154 234 3 
132 23 1157 232 3 
132 26 1151 249 3 
128 24 1154 258 3 
126 25 1131 244 3 
132 26 1126 253 3 
132 27 1141 259 3 
132 25 1140 256 3 
119 27 1162 255 3 
129 26 1169 258 3 
139 25 1159 248 3 
151 26 1139 244 3 
149 27 1158 242 3 
146 28 1185 229 3 
149 27 1211 227 3 
