0 1 0 0 0 
0 1 0 1 0 
0 1 0 2 0 
0 1 1 2 0 
0 1 2 2 0 
0 2 2 2 0 
0 1 2 2 0 
0 1 3 2 0 
0 1 4 2 0 
1 1 4 2 0 
0 2 4 3 0 
0 2 5 3 0 
0 2 6 4 0 
1 2 6 4 0 
1 2 7 4 0 
1 1 8 3 0 
1 1 9 3 0 
1 1 9 4 0 
1 1 8 7 0 
2 1 9 7 0 
2 1 9 8 0 
2 2 12 8 0 
3 1 14 7 0 
3 1 12 7 0 
3 1 14 8 0 
3 1 15 8 0 
4 2 15 11 0 
4 3 18 12 0 
4 3 18 12 0 
5 2 19 13 0 
5 2 17 17 0 
5 1 17 18 0 
5 1 17 17 0 
4 2 18 20 0 
3 3 19 23 0 
4 3 18 22 0 
5 7 17 25 0 
6 8 17 28 0 
7 7 21 28 0 
6 6 19 26 0 
6 5 23 28 0 
7 5 21 27 0 
6 5 21 29 0 
7 5 21 28 0 
6 5 22 30 0 
5 4 20 36 0 
8 3 20 38 0 
8 3 18 39 4 
8 4 19 42 4 
8 7 20 42 4 
8 9 22 49 4 
9 11 18 51 4 
9 12 18 52 4 
11 13 19 62 4 
9 10 20 60 4 
9 11 25 61 4 
10 13 25 61 4 
10 13 26 51 4 
11 11 29 49 0 
11 12 32 49 0 
11 13 34 52 0 
11 13 35 54 0 
10 11 38 55 0 
8 11 38 60 0 
6 12 37 62 0 
7 11 37 60 0 
5 10 41 63 0 
6 11 44 65 0 
7 12 45 68 0 
9 10 46 69 0 
9 11 52 65 0 
8 11 52 67 0 
9 8 53 64 0 
9 7 55 66 0 
8 9 62 70 0 
9 11 64 65 0 
8 11 62 62 0 
8 11 65 62 0 
8 13 67 66 0 
8 15 66 69 0 
8 13 66 75 0 
8 12 75 74 0 
8 13 73 77 0 
7 10 68 80 0 
6 9 67 80 0 
9 9 67 89 0 
12 9 70 89 0 
12 9 77 90 0 
15 9 79 86 0 
15 11 83 92 0 
18 11 86 96 0 
19 12 82 104 0 
19 14 81 108 0 
19 13 86 112 0 
21 13 83 115 0 
21 13 83 112 0 
21 14 80 110 0 
20 16 81 123 4 
16 17 80 116 0 
14 16 77 115 4 
16 17 86 124 4 
18 16 85 127 4 
17 14 87 132 4 
17 16 91 149 4 
18 15 90 153 4 
17 15 94 156 4 
21 20 98 164 4 
24 20 105 168 4 
25 16 107 171 4 
27 17 111 179 4 
23 15 120 171 4 
19 13 127 171 0 
17 13 133 187 4 
16 13 136 188 4 
16 15 140 190 4 
16 15 137 205 4 
19 16 143 218 4 
20 16 143 211 4 
18 19 144 211 4 
12 20 145 221 4 
13 22 152 222 4 
9 21 163 232 4 
11 20 166 225 4 
13 20 162 219 4 
14 20 175 213 0 
16 21 181 223 0 
16 26 179 224 0 
17 28 178 230 0 
18 28 193 250 4 
21 26 191 257 4 
23 31 190 254 4 
23 32 179 250 4 
23 31 185 254 4 
25 30 190 255 4 
26 33 197 261 4 
25 33 197 264 4 
24 35 193 269 4 
23 33 191 266 4 
23 33 193 272 4 
26 37 196 270 4 
30 40 197 274 4 
26 41 203 283 4 
27 41 211 292 4 
29 40 210 312 4 
31 40 205 321 4 
31 40 204 311 4 
34 42 204 319 4 
38 45 215 314 4 
42 46 226 319 4 
41 43 228 317 4 
39 39 229 307 4 
41 44 222 310 4 
40 46 233 313 4 
44 44 227 302 4 
44 43 236 318 4 
39 47 253 335 4 
44 48 264 337 4 
51 49 270 352 4 
57 52 266 358 4 
57 48 273 359 4 
57 50 282 372 4 
66 52 294 386 4 
63 50 299 394 4 
65 51 314 403 4 
67 48 311 407 4 
69 49 324 392 0 
70 53 335 393 0 
64 51 331 415 4 
62 48 345 408 0 
60 50 352 408 0 
57 52 363 398 0 
55 53 372 403 0 
59 54 380 410 0 
59 49 383 422 0 
59 53 398 438 0 
66 52 408 450 0 
68 51 409 454 0 
69 50 402 444 0 
75 56 426 436 0 
75 52 431 445 0 
78 58 432 449 0 
79 60 440 466 0 
79 59 446 450 0 
74 65 447 457 0 
78 65 448 456 0 
79 66 461 462 0 
75 65 464 460 0 
83 67 468 476 0 
81 64 465 480 0 
80 61 465 483 0 
81 59 476 506 0 
82 58 470 521 0 
79 64 484 530 0 
80 60 477 547 0 
89 60 490 546 0 
99 63 493 567 0 
103 62 499 576 0 
107 62 502 566 0 
105 61 500 541 0 
100 62 498 541 0 
99 62 511 532 0 
95 67 504 542 0 
98 64 509 553 0 
101 64 510 567 0 
106 68 512 588 0 
107 68 508 580 0 
104 67 514 579 0 
106 66 505 581 0 
107 70 493 580 4 
103 70 491 582 4 
103 72 493 589 4 
102 77 496 598 4 
99 81 514 597 0 
98 81 504 589 0 
97 78 517 585 0 
105 72 523 585 0 
97 77 519 584 0 
100 77 520 586 0 
101 74 511 582 0 
97 71 506 590 0 
95 68 515 596 0 
102 76 530 608 0 
109 76 522 590 0 
113 71 505 606 4 
112 72 513 611 4 
114 70 522 613 4 
113 70 518 613 4 
112 75 527 593 0 
110 75 532 592 0 
112 79 542 593 0 
114 75 561 597 0 
118 79 569 586 0 
107 84 569 596 0 
114 81 589 597 0 
110 79 607 586 0 
109 80 615 596 0 
101 80 624 598 0 
97 85 619 623 0 
105 83 601 613 0 
104 84 608 601 0 
97 80 599 608 0 
99 85 607 595 0 
97 91 614 615 0 
92 90 621 612 0 
93 92 625 607 0 
90 87 640 607 0 
88 89 628 592 0 
90 86 637 601 0 
87 83 642 602 0 
87 85 643 613 0 
86 84 648 608 0 
90 84 647 606 0 
90 86 667 599 0 
91 90 652 609 0 
96 98 641 606 0 
92 96 633 610 0 
93 92 642 604 0 
95 86 661 593 0 
98 85 674 588 0 
99 87 674 589 0 
101 90 660 610 0 
96 84 665 609 0 
92 85 675 603 0 
90 84 696 590 3 
86 91 709 593 3 
90 89 720 595 3 
98 92 709 594 3 
92 95 677 606 0 
91 92 693 606 0 
86 100 697 605 0 
86 113 691 607 0 
82 108 686 616 0 
89 110 690 617 0 
85 118 696 619 0 
84 119 691 614 0 
83 120 714 622 0 
77 112 712 627 0 
80 118 727 629 3 
80 117 718 625 0 
74 119 732 622 3 
78 121 754 631 3 
77 129 768 627 3 
77 125 773 633 3 
86 122 776 627 3 
90 127 769 632 3 
96 125 754 646 3 
95 126 755 631 3 
94 120 744 630 3 
92 123 749 651 3 
96 123 754 657 3 
96 118 746 642 3 
94 123 754 637 3 
93 120 736 635 3 
92 118 730 641 0 
91 115 754 636 3 
96 123 768 643 3 
94 119 771 636 3 
97 124 777 636 3 
97 119 779 640 3 
98 120 765 636 3 
97 119 761 633 3 
99 116 752 648 3 
96 109 765 635 3 
93 111 756 630 3 
101 113 782 629 3 
101 114 761 617 3 
95 113 740 599 3 
97 116 740 598 3 
89 120 726 599 3 
96 112 735 584 3 
101 107 720 589 3 
99 106 727 585 3 
100 103 753 569 3 
94 105 755 569 3 
97 96 753 575 3 
95 103 764 570 3 
93 101 776 578 3 
89 97 767 579 3 
80 92 756 570 3 
82 89 774 575 3 
84 91 793 569 3 
83 88 783 563 3 
90 91 790 587 3 
76 91 769 580 3 
77 87 772 580 3 
78 84 780 586 3 
84 79 783 580 3 
78 80 782 572 3 
76 80 765 568 3 
75 84 762 552 3 
75 76 774 551 3 
72 77 774 574 3 
74 75 779 555 3 
70 80 801 563 3 
75 77 819 562 3 
68 80 829 573 3 
68 79 807 581 3 
71 79 803 572 3 
72 79 819 555 3 
75 78 843 556 3 
80 74 847 553 3 
79 74 856 540 3 
82 73 863 545 3 
77 73 859 550 3 
80 71 846 550 3 
77 71 857 535 3 
83 69 854 537 3 
82 68 847 540 3 
86 70 817 546 3 
95 74 815 535 3 
93 71 825 534 3 
93 71 834 527 3 
93 69 846 528 3 
93 68 843 536 3 
94 75 837 542 3 
90 76 808 543 3 
95 72 800 519 3 
95 77 799 527 3 
93 71 799 525 3 
87 70 816 544 3 
87 65 807 548 3 
94 68 802 539 3 
98 67 823 539 3 
98 65 840 525 3 
102 66 863 523 3 
100 66 850 538 3 
104 64 854 548 3 
107 59 851 545 3 
105 56 842 539 3 
104 54 812 544 3 
106 53 818 550 3 
106 50 805 553 3 
106 51 824 549 3 
105 50 857 542 3 
98 51 868 553 3 
95 50 853 548 3 
99 53 845 546 3 
97 54 846 543 3 
97 53 820 533 3 
97 52 822 543 3 
91 45 813 535 3 
88 42 825 531 3 
85 39 827 522 3 
89 38 833 522 3 
90 42 858 525 3 
85 42 874 536 3 
89 43 865 542 3 
84 43 890 553 3 
95 38 908 547 3 
102 38 904 548 3 
108 35 911 549 3 
107 30 936 549 3 
117 32 931 539 3 
120 31 959 540 3 
116 32 950 550 3 
113 29 951 539 3 
118 30 963 539 3 
120 34 980 548 3 
118 35 944 528 3 
115 34 942 525 3 
116 34 925 525 3 
121 35 920 520 3 
124 40 918 527 3 
124 40 907 523 3 
125 44 925 515 3 
119 43 917 522 3 
119 45 921 519 3 
122 51 912 511 3 
117 48 931 503 3 
120 50 915 515 3 
120 49 933 506 3 
123 49 921 509 3 
127 50 925 518 3 
131 46 928 517 3 
126 49 928 504 3 
119 50 926 500 3 
121 49 930 495 3 
120 50 919 494 3 
118 47 921 485 3 
119 46 915 483 3 
122 48 934 480 3 
121 54 939 468 3 
119 55 949 458 3 
119 52 954 448 3 
119 54 963 447 3 
117 58 952 448 3 
116 50 946 446 3 
119 51 939 454 3 
125 52 920 458 3 
120 54 923 456 3 
120 59 936 447 3 
119 62 932 453 3 
116 58 928 440 3 
124 61 906 434 3 
118 60 896 448 3 
127 59 910 456 3 
128 58 920 457 3 
122 55 909 450 3 
121 60 909 452 3 
128 60 915 457 3 
124 56 911 447 3 
117 56 930 448 3 
115 59 943 448 3 
116 58 952 431 3 
110 54 953 434 3 
104 51 960 442 3 
105 50 984 462 3 
105 46 989 457 3 
106 46 982 468 3 
116 47 989 471 3 
115 43 977 469 3 
114 44 970 477 3 
113 40 973 471 3 
121 41 979 470 3 
127 45 979 469 3 
126 44 949 463 3 
116 46 982 450 3 
120 46 974 467 3 
122 48 970 474 3 
115 49 967 478 3 
111 47 980 479 3 
108 49 986 477 3 
105 47 976 476 3 
104 51 947 471 3 
100 51 933 482 3 
104 50 940 485 3 
107 47 942 485 3 
107 46 934 469 3 
110 44 923 466 3 
113 45 915 479 3 
115 50 918 470 3 
113 51 907 488 3 
115 49 905 487 3 
109 54 916 480 3 
110 57 899 473 3 
112 57 947 474 3 
112 58 942 477 3 
110 57 933 494 3 
110 53 928 492 3 
108 55 939 508 3 
107 55 939 504 3 
111 55 918 507 3 
115 61 917 503 3 
109 65 909 513 3 
103 59 915 511 3 
101 57 934 512 3 
101 58 940 517 3 
95 53 959 509 3 
89 54 966 503 3 
92 53 953 500 3 
91 57 921 514 3 
94 54 946 521 3 
98 53 954 524 3 
103 46 961 533 3 
99 51 960 542 3 
95 56 980 548 3 
102 54 978 541 3 
103 54 995 534 3 
100 51 1009 533 3 
101 51 1013 520 3 
102 48 989 519 3 
106 46 977 510 3 
106 47 968 512 3 
104 45 954 506 3 
101 47 972 516 3 
102 45 954 513 3 
97 46 961 517 3 
107 47 959 503 3 
110 49 970 516 3 
110 49 969 496 3 
106 51 964 509 3 
111 54 957 513 3 
115 55 968 510 3 
121 49 975 510 3 
118 49 949 511 3 
111 45 956 528 3 
109 47 982 506 3 
110 43 961 507 3 
115 46 963 515 3 
114 48 961 506 3 
117 46 1003 487 3 
116 49 979 469 3 
119 51 1005 466 3 
126 54 1012 445 3 
119 54 1012 440 3 
121 48 1010 439 3 
118 48 1029 439 3 
115 44 1040 442 3 
115 46 999 437 3 
114 49 1015 430 3 
112 49 1004 437 3 
122 50 995 450 3 
120 52 997 451 3 
113 56 996 448 3 
109 58 993 441 3 
103 63 1010 419 3 
93 62 987 427 3 
94 62 995 429 3 
89 66 1003 434 3 
91 61 995 448 3 
94 61 996 445 3 
90 64 990 447 3 
91 64 957 455 3 
92 67 933 458 3 
94 66 935 450 3 
93 63 957 451 3 
92 64 947 460 3 
94 62 971 461 3 
86 60 971 451 3 
84 60 979 462 3 
85 61 971 458 3 
82 59 966 457 3 
86 64 981 460 3 
85 66 975 457 3 
85 69 973 447 3 
87 66 952 447 3 
89 70 976 453 3 
88 67 966 458 3 
93 72 963 467 3 
91 73 968 466 3 
85 70 962 474 3 
91 69 980 484 3 
88 68 971 476 3 
97 65 1002 479 3 
95 67 999 474 3 
101 64 991 469 3 
106 65 999 479 3 
107 64 1000 473 3 
98 60 986 474 3 
100 57 989 482 3 
97 56 994 489 3 
96 58 982 477 3 
98 57 974 467 3 
97 51 981 463 3 
93 54 992 459 3 
97 58 969 460 3 
94 60 960 470 3 
100 65 957 478 3 
95 62 950 463 3 
90 56 948 455 3 
86 51 952 457 3 
93 54 957 454 3 
92 59 954 444 3 
95 52 955 424 3 
94 55 966 427 3 
95 58 965 439 3 
91 58 955 432 3 
88 58 961 437 3 
88 57 971 420 3 
91 62 973 439 3 
93 60 977 441 3 
92 61 960 424 3 
91 64 981 421 3 
93 60 980 433 3 
88 54 978 417 3 
88 53 987 411 3 
91 52 991 415 3 
95 58 979 397 3 
88 62 967 385 3 
90 61 986 404 3 
98 61 977 416 3 
100 64 989 424 3 
102 60 978 424 3 
107 60 981 445 3 
112 57 969 459 3 
115 57 986 453 3 
106 59 987 426 3 
109 59 999 426 3 
110 57 1022 430 3 
109 57 1026 424 3 
115 60 1006 417 3 
114 58 1007 423 3 
114 54 1011 419 3 
115 55 985 401 3 
124 55 966 399 3 
133 50 955 399 3 
133 46 953 402 3 
134 42 977 405 3 
133 41 992 397 3 
130 46 982 384 3 
129 47 992 397 3 
134 49 1013 389 3 
141 50 1011 391 3 
133 50 1008 394 3 
129 55 985 405 3 
124 54 979 413 3 
120 53 973 418 3 
117 55 974 416 3 
114 52 982 417 3 
111 52 972 403 3 
116 57 983 404 3 
123 54 955 403 3 
124 53 972 394 3 
121 56 983 395 3 
118 65 1018 391 3 
113 63 1004 386 3 
115 59 997 385 3 
114 48 1006 390 3 
113 49 1020 384 3 
116 48 1020 403 3 
117 47 1003 416 3 
123 45 1022 410 3 
124 45 1026 416 3 
123 47 1036 422 3 
123 49 1036 421 3 
124 52 1071 434 3 
124 49 1035 433 3 
125 44 1027 436 3 
123 47 1024 441 3 
128 49 1036 448 3 
126 47 1051 443 3 
122 52 1062 438 3 
122 52 1062 418 3 
133 51 1056 427 3 
126 51 1037 419 3 
127 50 1025 412 3 
128 49 1005 398 3 
117 49 1013 403 3 
113 47 1023 394 3 
114 45 1038 399 3 
113 39 1035 392 3 
114 39 1035 376 3 
117 39 1041 387 3 
112 41 1041 391 3 
113 39 1037 390 3 
115 40 1043 368 3 
120 35 1058 358 3 
117 33 1062 360 3 
116 33 1044 360 3 
121 33 1030 354 3 
134 31 1049 344 3 
134 34 1063 342 3 
133 33 1062 346 3 
130 36 1063 350 3 
133 42 1069 346 3 
131 38 1057 357 3 
125 35 1055 360 3 
123 41 1073 361 3 
118 38 1079 362 3 
127 40 1053 363 3 
127 44 1049 353 3 
122 46 1063 347 3 
118 49 1073 338 3 
116 46 1068 337 3 
120 43 1047 335 3 
121 48 1066 338 3 
122 50 1067 341 3 
131 50 1043 347 3 
132 52 1018 342 3 
122 51 1021 352 3 
122 54 1009 349 3 
111 48 1001 341 3 
108 42 1007 353 3 
107 46 1014 357 3 
112 44 1013 352 3 
111 43 1006 358 3 
110 42 993 359 3 
110 38 1004 367 3 
105 39 1007 371 3 
108 39 1003 377 3 
103 40 996 378 3 
101 40 1005 368 3 
102 40 1001 355 3 
108 41 997 360 3 
106 41 987 371 3 
108 42 999 357 3 
113 45 1008 357 3 
108 42 999 360 3 
106 40 993 355 3 
116 43 980 355 3 
120 40 984 360 3 
118 39 993 347 3 
120 39 965 352 3 
118 38 992 361 3 
117 44 987 371 3 
119 42 995 376 3 
114 42 964 367 3 
115 41 960 378 3 
109 43 959 364 3 
107 46 969 350 3 
108 43 958 360 3 
108 42 953 362 3 
106 39 978 352 3 
106 44 985 351 3 
103 43 976 360 3 
112 44 989 352 3 
109 46 973 347 3 
104 44 946 346 3 
115 45 946 345 3 
115 43 948 341 3 
110 39 954 344 3 
107 38 947 341 3 
111 35 926 325 3 
110 37 933 319 3 
109 37 932 337 3 
115 34 936 329 3 
118 35 964 327 3 
114 37 958 327 3 
117 42 959 330 3 
118 41 948 327 3 
124 43 959 329 3 
122 46 973 333 3 
122 47 965 341 3 
119 47 978 340 3 
120 50 978 349 3 
118 44 1001 335 3 
116 44 1013 333 3 
116 49 1015 339 3 
112 49 1003 338 3 
113 47 1021 325 3 
103 48 1022 335 3 
108 45 1018 339 3 
107 49 1015 351 3 
106 54 1015 345 3 
110 51 998 347 3 
110 49 1012 347 3 
115 47 996 347 3 
112 48 1002 355 3 
107 49 1030 353 3 
109 46 1011 357 3 
100 48 1001 347 3 
99 47 1003 339 3 
97 48 996 342 3 
100 44 959 346 3 
99 48 979 343 3 
98 50 972 344 3 
94 46 992 336 3 
99 47 1007 334 3 
93 49 1005 327 3 
94 48 1001 324 3 
95 51 1002 335 3 
95 51 994 338 3 
98 48 994 334 3 
93 47 991 351 3 
94 48 1014 364 3 
93 47 1000 358 3 
93 49 987 353 3 
95 51 980 335 3 
95 51 988 327 3 
99 49 991 335 3 
96 53 1001 332 3 
94 55 999 340 3 
94 52 1010 345 3 
94 50 1016 349 3 
91 49 1011 350 3 
86 47 1017 358 3 
88 47 1028 385 3 
87 47 1026 376 3 
86 47 1013 370 3 
85 52 1002 369 3 
85 54 986 361 3 
88 57 991 350 3 
93 58 988 353 3 
93 61 992 347 3 
94 62 1000 342 3 
99 57 1024 331 3 
94 56 1054 339 3 
92 58 1053 344 3 
93 59 1047 343 3 
99 59 1072 333 3 
102 61 1076 342 3 
101 63 1083 339 3 
99 64 1088 332 3 
102 58 1099 334 3 
101 55 1095 352 3 
98 51 1064 358 3 
104 53 1059 369 3 
108 48 1030 360 3 
99 51 1019 365 3 
94 47 1017 356 3 
93 50 1028 349 3 
100 53 1034 355 3 
102 52 1049 355 3 
102 52 1060 360 3 
103 50 1082 366 3 
112 45 1075 369 3 
114 44 1070 373 3 
107 43 1076 380 3 
103 43 1066 368 3 
108 42 1066 356 3 
108 42 1098 367 3 
111 40 1085 360 3 
102 40 1071 356 3 
105 44 1057 353 3 
99 47 1078 349 3 
98 46 1100 350 3 
88 43 1090 357 3 
90 42 1089 355 3 
85 44 1078 352 3 
84 44 1062 358 3 
90 45 1079 360 3 
95 51 1104 359 3 
93 57 1099 356 3 
96 53 1078 347 3 
95 51 1077 360 3 
94 54 1069 354 3 
94 49 1057 353 3 
104 52 1048 358 3 
103 51 1064 360 3 
105 48 1064 360 3 
97 48 1070 356 3 
98 55 1063 355 3 
98 50 1044 349 3 
100 52 1047 350 3 
103 55 1034 355 3 
109 58 1073 339 3 
116 60 1078 344 3 
115 59 1083 354 3 
112 63 1095 356 3 
109 60 1082 358 3 
108 60 1095 354 3 
108 60 1088 356 3 
105 56 1085 349 3 
101 57 1077 345 3 
91 55 1101 344 3 
92 60 1092 349 3 
95 61 1085 337 3 
99 57 1069 352 3 
95 53 1088 358 3 
98 53 1088 359 3 
104 53 1104 359 3 
106 50 1087 358 3 
108 52 1092 350 3 
99 52 1087 341 3 
102 52 1098 350 3 
102 51 1104 348 3 
101 51 1112 342 3 
99 54 1110 341 3 
105 49 1087 327 3 
100 50 1098 339 3 
101 48 1109 349 3 
110 47 1120 348 3 
109 52 1141 349 3 
106 52 1144 340 3 
107 48 1133 338 3 
112 43 1127 339 3 
109 43 1145 345 3 
112 41 1129 339 3 
110 46 1116 344 3 
111 43 1099 341 3 
112 39 1141 338 3 
108 39 1148 349 3 
112 39 1132 350 3 
117 39 1137 354 3 
119 37 1134 346 3 
114 39 1109 342 3 
107 39 1124 329 3 
102 40 1142 333 3 
106 37 1113 324 3 
105 35 1133 330 3 
102 39 1150 314 3 
102 39 1154 321 3 
100 42 1148 323 3 
98 41 1153 316 3 
102 41 1150 322 3 
104 43 1154 317 3 
103 38 1151 298 3 
108 32 1143 304 3 
115 36 1130 307 3 
112 35 1130 315 3 
118 34 1125 330 3 
118 31 1143 333 3 
117 33 1139 335 3 
123 34 1112 337 3 
125 33 1121 341 3 
117 35 1134 333 3 
107 35 1132 323 3 
110 34 1141 323 3 
107 34 1118 327 3 
102 34 1114 320 3 
101 38 1106 314 3 
98 38 1109 306 3 
98 37 1121 299 3 
103 38 1100 297 3 
108 39 1099 302 3 
105 45 1075 313 3 
99 45 1096 308 3 
92 40 1118 311 3 
95 40 1129 309 3 
97 42 1141 305 3 
96 48 1139 314 3 
100 49 1142 297 3 
103 47 1132 289 3 
103 44 1125 294 3 
103 43 1131 294 3 
106 43 1160 291 3 
102 39 1151 296 3 
105 39 1161 292 3 
105 37 1147 298 3 
108 35 1137 306 3 
112 36 1127 304 3 
104 35 1103 299 3 
104 35 1081 296 3 
100 36 1086 296 3 
100 38 1090 290 3 
97 36 1101 286 3 
95 36 1097 299 3 
102 33 1088 311 3 
98 34 1081 300 3 
96 34 1089 313 3 
101 34 1106 320 3 
107 35 1110 318 3 
106 38 1082 317 3 
105 38 1099 314 3 
110 42 1094 315 3 
112 42 1123 316 3 
120 46 1102 308 3 
117 45 1094 298 3 
118 46 1075 299 3 
116 46 1081 308 3 
119 47 1089 321 3 
124 48 1091 320 3 
123 52 1076 317 3 
127 52 1060 313 3 
121 55 1064 310 3 
122 56 1071 299 3 
120 53 1102 297 3 
123 54 1133 292 3 
128 57 1125 303 3 
130 53 1123 306 3 
137 53 1124 303 3 
133 53 1124 297 3 
134 54 1083 301 3 
141 53 1072 298 3 
145 53 1076 301 3 
135 52 1069 314 3 
144 54 1064 321 3 
151 53 1032 305 3 
167 56 1055 310 3 
165 61 1037 315 3 
163 59 1048 324 3 
166 58 1041 327 3 
166 54 1010 336 3 
160 54 1026 324 3 
163 58 1012 326 3 
167 57 1005 328 3 
169 55 1039 329 3 
158 56 1027 327 3 
155 47 1027 325 3 
147 48 1038 316 3 
152 48 1031 310 3 
149 49 1022 313 3 
151 48 1012 314 3 
149 51 1018 314 3 
149 51 1032 322 3 
146 57 1030 319 3 
143 57 1051 322 3 
142 58 1027 321 3 
142 60 1039 319 3 
142 58 1047 328 3 
135 51 1074 326 3 
137 50 1080 311 3 
125 48 1086 313 3 
125 48 1062 289 3 
130 51 1053 294 3 
132 53 1050 305 3 
133 47 1054 302 3 
134 44 1065 318 3 
130 46 1080 319 3 
127 44 1082 323 3 
