0 0 0 1 0 
0 0 1 1 0 
1 0 1 1 0 
2 1 1 1 0 
4 1 1 1 0 
5 1 1 1 0 
6 2 1 1 0 
4 3 1 0 0 
4 4 1 0 0 
5 6 0 0 0 
7 7 0 0 0 
9 8 0 0 0 
10 7 1 0 0 
10 7 1 0 0 
14 8 1 0 0 
15 8 1 0 0 
14 7 2 0 0 
15 7 3 0 0 
14 9 2 0 0 
17 8 2 0 0 
19 11 2 0 0 
21 11 3 0 0 
21 11 3 0 0 
20 12 3 0 0 
21 10 3 0 0 
21 10 4 0 0 
18 10 6 0 0 
17 10 7 0 0 
17 9 7 0 0 
14 9 10 0 0 
14 10 10 0 0 
15 10 10 0 0 
12 10 10 0 0 
12 12 8 0 0 
11 15 9 0 0 
12 16 9 0 0 
12 17 12 0 0 
13 15 12 0 0 
16 16 14 0 0 
20 19 14 0 0 
20 19 14 0 0 
21 20 17 0 0 
19 20 14 1 0 
20 23 17 1 0 
21 24 16 1 0 
22 24 17 2 0 
20 26 19 1 0 
21 28 23 1 0 
18 31 25 3 0 
22 34 25 5 0 
23 38 26 5 0 
24 40 26 5 0 
24 43 27 6 0 
21 47 31 5 0 
20 50 36 3 0 
22 51 34 2 0 
23 50 35 1 0 
21 48 38 1 0 
23 50 38 1 0 
22 51 41 1 0 
23 49 41 3 0 
26 46 43 4 0 
28 47 50 4 0 
26 48 53 4 0 
27 43 51 3 0 
31 49 54 2 0 
31 55 61 2 0 
29 59 62 2 0 
28 57 67 2 0 
33 60 72 2 0 
34 61 76 3 0 
30 65 78 3 0 
31 67 82 3 0 
30 67 79 3 0 
34 71 74 4 0 
33 72 68 4 0 
33 78 74 5 0 
36 71 76 6 0 
34 73 74 7 0 
35 72 65 9 0 
30 72 77 11 0 
30 71 90 9 0 
30 76 87 10 0 
28 81 91 10 0 
26 93 93 12 0 
24 98 97 12 0 
23 95 112 16 0 
20 106 105 17 0 
19 111 104 15 0 
22 114 110 15 0 
26 111 109 15 0 
27 113 115 15 0 
29 120 115 14 0 
31 120 117 15 0 
33 122 123 16 0 
31 118 126 20 0 
34 119 137 23 0 
34 117 144 26 0 
34 127 149 28 0 
38 128 153 29 0 
39 126 158 26 0 
43 124 163 25 0 
40 122 161 25 0 
42 123 159 25 0 
42 134 167 27 0 
43 127 175 29 3 
40 129 177 29 3 
39 134 171 34 0 
38 143 180 34 0 
37 145 178 32 0 
38 128 182 32 3 
45 129 181 33 3 
44 125 176 34 3 
43 133 181 37 3 
45 135 190 39 3 
46 127 196 42 3 
44 125 197 43 3 
41 128 209 45 3 
43 123 215 43 3 
41 129 214 47 3 
44 128 219 48 3 
45 132 230 50 3 
44 131 233 56 3 
43 119 234 62 3 
42 117 231 61 3 
44 123 230 61 3 
49 129 233 66 3 
53 136 223 70 3 
51 130 221 76 3 
54 129 211 73 3 
52 135 215 68 3 
56 127 210 68 3 
53 116 216 69 3 
50 118 218 70 3 
50 118 221 70 3 
51 114 231 76 3 
51 123 232 75 3 
49 123 238 76 3 
46 119 242 84 3 
46 123 246 87 3 
51 121 245 84 3 
50 120 241 81 3 
50 132 246 82 3 
51 135 255 86 3 
45 140 249 94 3 
45 141 252 101 3 
46 141 252 99 3 
49 143 255 105 3 
48 145 261 110 3 
53 159 258 107 3 
57 160 254 107 3 
59 149 254 104 3 
58 144 263 99 3 
57 147 279 104 3 
64 146 289 106 3 
65 142 291 108 3 
63 137 295 115 3 
60 136 287 122 3 
58 138 289 128 3 
58 147 292 124 3 
59 146 298 123 3 
60 143 294 119 3 
63 137 307 116 3 
64 132 300 117 3 
60 132 307 133 3 
61 133 303 137 3 
60 132 308 147 3 
63 141 325 144 3 
73 138 327 156 3 
70 141 332 149 3 
61 142 331 154 3 
56 151 330 170 3 
60 150 338 174 3 
64 147 347 174 3 
66 157 361 178 3 
62 163 364 184 3 
66 163 358 186 3 
69 166 373 195 3 
75 165 376 196 3 
77 165 383 205 3 
83 159 385 203 3 
83 153 392 203 3 
78 152 406 200 3 
81 147 401 206 3 
84 155 394 208 3 
77 153 393 202 3 
80 161 393 194 3 
78 149 386 202 3 
76 144 385 211 3 
79 139 374 211 3 
82 137 371 222 3 
85 140 379 224 3 
95 137 390 222 3 
94 131 390 220 3 
105 129 400 222 3 
107 135 413 239 3 
116 136 407 241 3 
123 136 414 234 3 
128 138 415 239 3 
126 134 418 240 3 
115 143 418 246 3 
113 140 414 256 3 
108 144 436 255 3 
110 148 452 250 3 
116 148 446 261 3 
120 153 454 267 3 
112 154 453 267 3 
110 147 466 268 3 
118 144 494 262 3 
126 127 500 256 3 
129 128 509 257 3 
132 125 513 266 3 
127 123 515 258 3 
128 122 528 261 3 
136 122 523 262 3 
139 124 518 268 3 
144 116 524 268 3 
144 120 528 270 3 
145 116 548 267 3 
150 117 556 271 3 
160 115 553 261 3 
158 115 554 268 3 
166 116 555 276 3 
170 119 552 265 3 
173 120 554 275 3 
170 119 553 270 3 
176 106 565 278 3 
174 108 565 278 3 
176 110 562 275 3 
176 113 565 274 3 
176 108 578 288 3 
174 98 585 287 3 
177 99 579 292 3 
178 100 586 292 3 
174 97 584 298 3 
184 95 595 294 3 
179 95 613 299 3 
177 94 609 308 3 
182 97 619 310 3 
181 98 650 311 3 
183 100 660 302 3 
179 95 660 312 3 
180 95 647 312 3 
182 95 642 304 3 
189 90 661 290 3 
192 91 648 285 3 
196 86 641 294 3 
196 80 646 288 3 
187 79 640 292 3 
184 81 646 297 3 
193 83 649 315 3 
194 87 662 307 3 
193 93 669 318 3 
194 92 687 329 3 
198 94 703 329 3 
191 93 704 332 3 
191 89 706 332 3 
183 88 732 334 3 
184 90 738 338 3 
183 87 720 344 3 
175 88 729 350 3 
177 89 732 359 3 
169 91 733 364 3 
161 88 729 363 3 
168 90 716 368 3 
170 86 723 358 3 
171 91 701 354 3 
178 97 706 355 3 
175 103 712 356 3 
182 102 708 356 3 
185 103 716 364 3 
182 96 723 376 3 
182 96 713 365 3 
191 91 730 364 3 
190 95 718 362 3 
191 95 723 373 3 
185 97 726 378 3 
174 100 731 376 3 
187 99 734 380 3 
185 97 744 377 3 
185 90 729 371 3 
180 90 738 374 3 
180 88 738 372 3 
181 90 746 381 3 
172 89 745 374 3 
168 91 722 386 3 
170 91 726 385 3 
168 91 738 378 3 
162 88 726 375 3 
161 89 727 366 3 
162 85 723 360 3 
160 82 721 376 3 
164 81 717 385 3 
160 82 734 397 3 
157 84 740 394 3 
163 88 739 389 3 
165 82 750 394 3 
162 78 736 395 3 
157 75 740 391 3 
165 73 739 395 3 
171 76 759 395 3 
158 77 746 398 3 
171 78 739 402 3 
172 78 736 396 3 
182 81 729 369 3 
190 76 741 365 3 
187 73 735 377 3 
195 75 743 375 3 
195 69 739 376 3 
187 73 756 389 3 
180 71 770 392 3 
176 74 778 376 3 
167 76 759 377 3 
158 78 748 380 3 
155 83 736 379 3 
158 90 722 382 3 
162 94 727 380 3 
156 94 732 399 3 
151 91 758 395 3 
152 88 762 397 3 
159 87 772 393 3 
162 81 773 390 3 
155 90 792 386 3 
164 90 803 369 3 
175 85 802 379 3 
184 89 814 384 3 
170 91 814 381 3 
175 89 789 386 3 
175 90 805 387 3 
179 94 812 384 3 
172 91 834 383 3 
170 92 827 383 3 
179 85 833 376 3 
184 82 810 382 3 
192 83 810 401 3 
181 85 818 410 3 
180 84 818 416 3 
174 82 834 407 3 
181 83 810 379 3 
167 84 830 379 3 
172 82 829 379 3 
169 81 834 385 3 
175 79 819 398 3 
175 75 838 400 3 
178 72 823 394 3 
171 78 834 394 3 
170 73 847 394 3 
175 69 861 403 3 
175 65 859 400 3 
188 61 873 405 3 
189 59 875 399 3 
179 62 878 418 3 
179 57 864 425 3 
179 56 858 429 3 
186 55 853 435 3 
179 56 879 429 3 
172 53 871 426 3 
174 52 879 432 3 
167 52 857 434 3 
175 51 845 440 3 
179 55 864 436 3 
178 51 849 433 3 
183 51 843 449 3 
187 53 832 453 3 
187 54 841 448 3 
182 54 851 426 3 
182 50 836 422 3 
182 47 824 430 3 
183 52 830 428 3 
178 43 837 431 3 
183 42 838 425 3 
183 42 876 419 3 
182 42 882 429 3 
187 45 889 434 3 
185 45 863 425 3 
184 44 871 434 3 
185 45 871 436 3 
188 45 863 430 3 
193 49 867 429 3 
195 49 871 430 3 
197 51 867 427 3 
198 49 867 421 3 
196 48 833 417 3 
195 49 839 426 3 
184 46 838 428 3 
179 51 852 412 3 
184 55 846 407 3 
178 52 854 419 3 
180 51 871 414 3 
168 53 856 406 3 
168 57 859 421 3 
165 55 851 417 3 
160 54 860 416 3 
168 55 857 422 3 
172 51 842 429 3 
175 49 856 434 3 
176 44 862 434 3 
175 43 869 441 3 
175 44 904 445 3 
167 42 918 440 3 
160 42 930 442 3 
156 43 917 438 3 
157 42 923 443 3 
156 47 916 451 3 
155 51 902 472 3 
156 47 893 473 3 
155 44 884 488 3 
154 42 881 473 3 
144 42 879 480 3 
149 40 901 467 3 
146 43 917 452 3 
148 39 910 448 3 
141 40 918 461 3 
148 41 920 460 3 
146 39 916 451 3 
153 38 922 443 3 
145 37 944 442 3 
146 36 936 455 3 
150 39 958 443 3 
153 36 950 437 3 
152 43 937 442 3 
166 38 935 436 3 
165 39 921 441 3 
171 40 917 434 3 
174 40 919 444 3 
186 41 912 438 3 
189 42 917 440 3 
196 46 921 424 3 
198 46 903 419 3 
194 42 921 415 3 
192 41 907 422 3 
195 39 901 420 3 
198 41 885 431 3 
193 37 907 427 3 
189 33 916 422 3 
190 34 920 419 3 
203 31 917 420 3 
186 29 913 414 3 
194 26 916 421 3 
197 26 897 418 3 
200 29 912 416 3 
200 29 907 410 3 
191 35 897 398 3 
193 31 896 405 3 
190 26 926 395 3 
194 25 925 377 3 
202 25 954 379 3 
211 26 952 371 3 
199 22 947 375 3 
207 25 945 377 3 
204 25 953 372 3 
205 26 957 352 3 
201 26 944 338 3 
196 26 948 338 3 
205 23 939 344 3 
198 24 952 351 3 
193 26 955 352 3 
191 27 959 360 3 
190 29 948 349 3 
181 27 942 351 3 
180 31 948 352 3 
173 34 942 357 3 
180 38 937 358 3 
178 39 937 363 3 
183 42 935 361 3 
183 38 944 355 3 
180 32 929 369 3 
177 31 953 367 3 
179 35 966 349 3 
177 38 973 339 3 
168 37 967 327 3 
164 39 984 326 3 
161 36 972 315 3 
158 38 966 303 3 
156 39 963 316 3 
155 42 966 321 3 
163 42 961 332 3 
167 43 984 332 3 
168 43 993 324 3 
172 42 998 332 3 
171 44 1012 321 3 
165 45 1005 323 3 
165 43 1010 337 3 
155 44 1033 328 3 
154 44 1046 334 3 
156 43 1049 335 3 
159 39 1062 347 3 
164 37 1060 337 3 
169 44 1051 333 3 
170 45 1054 330 3 
177 42 1082 321 3 
173 41 1089 319 3 
173 44 1071 321 3 
167 45 1089 320 3 
170 44 1091 327 3 
173 41 1084 323 3 
174 38 1072 329 3 
179 39 1083 314 3 
170 34 1082 306 3 
166 31 1074 317 3 
166 30 1071 313 3 
166 28 1087 318 3 
165 31 1081 317 3 
166 30 1113 307 3 
167 32 1111 312 3 
170 36 1134 309 3 
167 35 1119 300 3 
155 32 1094 310 3 
158 30 1071 301 3 
154 31 1076 302 3 
160 31 1077 310 3 
163 30 1077 310 3 
155 31 1083 318 3 
144 30 1078 334 3 
143 32 1071 334 3 
147 29 1072 342 3 
141 30 1092 336 3 
142 31 1099 329 3 
140 28 1078 326 3 
142 29 1075 340 3 
146 27 1062 345 3 
143 25 1049 339 3 
138 24 1057 333 3 
144 26 1068 325 3 
141 24 1058 321 3 
144 23 1052 331 3 
153 20 1034 328 3 
160 22 1034 326 3 
157 19 1035 323 3 
156 20 1052 322 3 
154 22 1038 313 3 
153 22 1037 316 3 
156 23 1037 322 3 
156 26 1036 313 3 
156 24 1038 320 3 
157 22 1043 322 3 
163 19 1060 322 3 
165 20 1073 314 3 
164 20 1073 314 3 
168 21 1071 330 3 
157 20 1086 330 3 
157 22 1091 332 3 
151 21 1094 327 3 
149 22 1091 324 3 
147 20 1111 317 3 
149 20 1128 321 3 
152 19 1164 319 3 
145 20 1159 323 3 
139 20 1169 335 3 
146 21 1179 350 3 
149 22 1170 353 3 
152 21 1163 357 3 
151 20 1146 358 3 
143 22 1131 359 3 
142 20 1141 357 3 
144 21 1117 365 3 
147 22 1113 374 3 
148 21 1116 363 3 
146 21 1128 373 3 
143 22 1108 375 3 
142 27 1110 370 3 
141 27 1110 362 3 
137 25 1104 355 3 
146 25 1112 373 3 
153 23 1098 367 3 
148 25 1108 378 3 
145 31 1105 396 3 
152 29 1086 393 3 
155 31 1092 399 3 
144 31 1061 380 3 
143 33 1050 373 3 
142 35 1070 375 3 
143 34 1074 377 3 
134 33 1075 370 3 
137 34 1068 373 3 
137 34 1090 370 3 
142 39 1070 366 3 
137 37 1070 368 3 
140 35 1090 368 3 
131 33 1091 364 3 
128 30 1096 366 3 
124 30 1087 366 3 
119 32 1070 367 3 
129 27 1092 369 3 
128 27 1054 362 3 
129 29 1052 361 3 
130 29 1056 373 3 
127 29 1066 370 3 
125 32 1066 369 3 
128 30 1071 368 3 
131 32 1097 370 3 
128 32 1112 366 3 
129 29 1112 371 3 
121 32 1126 369 3 
133 32 1107 372 3 
136 33 1103 375 3 
136 32 1108 357 3 
129 33 1092 354 3 
135 36 1100 353 3 
134 35 1125 348 3 
133 40 1145 349 3 
130 39 1133 348 3 
141 42 1126 332 3 
140 38 1111 335 3 
136 43 1116 332 3 
133 43 1105 334 3 
136 39 1107 328 3 
136 38 1109 327 3 
135 37 1121 322 3 
130 37 1097 320 3 
132 38 1118 314 3 
133 40 1135 308 3 
131 45 1121 300 3 
119 48 1131 307 3 
118 46 1127 300 3 
122 49 1101 309 3 
132 47 1110 308 3 
138 48 1118 296 3 
128 43 1123 296 3 
130 44 1128 301 3 
131 41 1135 298 3 
136 43 1147 309 3 
141 41 1140 315 3 
134 38 1161 320 3 
137 37 1165 319 3 
132 38 1155 319 3 
133 38 1153 302 3 
136 39 1148 302 3 
140 40 1149 291 3 
137 39 1133 293 3 
139 41 1140 297 3 
147 46 1142 296 3 
155 44 1132 302 3 
163 40 1131 312 3 
152 32 1131 311 3 
143 34 1160 306 3 
151 34 1156 299 3 
148 33 1125 299 3 
151 38 1128 286 3 
158 38 1122 297 3 
157 38 1133 313 3 
159 42 1115 311 3 
156 48 1117 312 3 
155 46 1115 297 3 
150 55 1117 302 3 
146 57 1113 305 3 
152 61 1123 301 3 
159 66 1102 307 3 
151 68 1088 306 3 
154 67 1088 298 3 
146 61 1079 287 3 
145 63 1091 295 3 
147 62 1089 305 3 
151 58 1079 310 3 
151 59 1071 304 3 
151 56 1061 307 3 
150 56 1072 310 3 
142 63 1073 312 3 
135 58 1080 310 3 
139 55 1084 324 3 
142 57 1120 325 3 
148 53 1101 333 3 
142 49 1102 322 3 
139 50 1117 325 3 
139 51 1129 319 3 
147 47 1125 321 3 
146 43 1122 318 3 
151 45 1098 314 3 
154 45 1087 311 3 
154 51 1103 303 3 
157 52 1119 294 3 
160 52 1108 285 3 
154 52 1099 285 3 
147 50 1106 283 3 
145 56 1102 301 3 
150 54 1090 292 3 
148 58 1092 288 3 
144 57 1092 275 3 
145 55 1091 274 3 
147 52 1102 273 3 
144 53 1085 274 3 
148 53 1097 271 3 
148 54 1080 268 3 
145 58 1071 272 3 
145 62 1066 273 3 
142 61 1075 263 3 
139 53 1052 266 3 
136 49 1054 269 3 
141 45 1073 273 3 
130 50 1059 281 3 
125 51 1082 290 3 
117 53 1081 284 3 
125 52 1093 275 3 
116 52 1087 285 3 
113 53 1111 280 3 
106 55 1094 276 3 
108 55 1067 274 3 
107 61 1085 273 3 
111 63 1076 266 3 
117 64 1076 278 3 
120 68 1081 282 3 
119 69 1093 292 3 
121 70 1087 295 3 
120 68 1105 299 3 
125 69 1092 298 3 
118 61 1069 307 3 
114 57 1089 307 3 
122 60 1100 301 3 
120 61 1107 306 3 
115 63 1115 293 3 
117 60 1098 300 3 
116 62 1073 280 3 
122 63 1057 289 3 
115 62 1056 292 3 
115 65 1045 304 3 
115 62 1034 291 3 
115 62 1017 292 3 
119 62 1039 295 3 
119 61 1053 283 3 
118 59 1067 286 3 
123 61 1066 286 3 
124 68 1070 282 3 
119 64 1089 282 3 
114 65 1075 280 3 
111 66 1065 288 3 
115 71 1083 292 3 
112 63 1105 289 3 
118 61 1134 294 3 
118 63 1133 280 3 
119 63 1153 277 3 
120 64 1148 276 3 
123 72 1149 262 3 
121 74 1140 263 3 
122 72 1144 265 3 
114 69 1155 264 3 
122 65 1138 270 3 
116 69 1109 269 3 
120 74 1107 269 3 
124 76 1108 265 3 
122 73 1120 261 3 
119 70 1129 265 3 
128 68 1101 267 3 
124 74 1103 275 3 
127 75 1115 276 3 
117 81 1095 286 3 
123 81 1082 285 3 
120 82 1095 282 3 
120 84 1090 277 3 
129 78 1096 281 3 
128 71 1094 273 3 
135 73 1106 275 3 
137 69 1096 270 3 
140 72 1082 266 3 
138 69 1081 262 3 
136 75 1105 271 3 
143 84 1109 263 3 
139 81 1118 274 3 
140 75 1112 269 3 
143 77 1112 269 3 
140 77 1105 278 3 
136 72 1110 276 3 
142 74 1099 288 3 
144 73 1092 301 3 
147 78 1092 295 3 
150 78 1084 296 3 
159 73 1085 283 3 
169 70 1082 285 3 
168 67 1049 287 3 
170 66 1062 275 3 
167 63 1058 279 3 
165 69 1077 279 3 
163 67 1108 270 3 
163 67 1083 267 3 
164 69 1076 279 3 
159 71 1094 270 3 
161 69 1100 264 3 
160 73 1091 272 3 
161 76 1114 277 3 
159 72 1115 279 3 
160 69 1115 271 3 
152 67 1111 274 3 
163 63 1097 276 3 
165 62 1121 271 3 
160 55 1153 279 3 
158 54 1141 279 3 
167 51 1142 278 3 
172 46 1129 277 3 
176 46 1135 280 3 
173 45 1147 273 3 
164 45 1137 265 3 
159 43 1122 259 3 
155 43 1137 264 3 
161 44 1096 264 3 
163 47 1110 265 3 
164 47 1117 257 3 
167 46 1106 263 3 
162 46 1100 260 3 
160 43 1101 259 3 
160 43 1106 269 3 
158 41 1123 269 3 
160 39 1133 280 3 
162 42 1134 281 3 
163 41 1119 271 3 
162 39 1107 264 3 
167 37 1091 268 3 
176 37 1092 270 3 
170 38 1084 270 3 
173 37 1086 265 3 
172 36 1060 263 3 
169 38 1054 264 3 
167 41 1024 261 3 
161 39 1031 269 3 
161 38 1027 260 3 
170 36 1030 270 3 
159 35 1029 278 3 
156 39 1009 273 3 
158 41 1025 270 3 
162 36 1015 270 3 
153 36 1009 272 3 
158 39 1023 274 3 
164 36 1021 266 3 
173 35 1020 281 3 
168 35 1034 278 3 
170 39 1026 277 3 
175 41 1037 280 3 
170 39 1042 286 3 
166 39 1056 282 3 
165 43 1046 287 3 
158 43 1054 281 3 
156 44 1061 269 3 
158 46 1092 278 3 
165 40 1098 286 3 
179 39 1106 285 3 
182 36 1101 286 3 
174 36 1108 279 3 
179 38 1108 274 3 
175 36 1111 271 3 
173 36 1121 272 3 
179 33 1124 273 3 
179 34 1138 266 3 
185 39 1140 260 3 
179 45 1113 259 3 
177 41 1099 249 3 
176 43 1108 247 3 
174 42 1121 247 3 
161 39 1097 244 3 
162 40 1072 243 3 
153 39 1064 229 3 
154 42 1071 220 3 
151 42 1081 221 3 
156 47 1082 214 3 
148 48 1073 211 3 
148 43 1084 208 3 
147 43 1106 222 3 
138 38 1123 224 3 
133 36 1121 221 3 
136 35 1125 227 3 
134 33 1130 225 3 
136 34 1100 225 3 
134 32 1117 222 3 
136 30 1089 230 3 
144 32 1094 234 3 
148 34 1088 237 3 
153 31 1083 231 3 
155 28 1086 232 3 
150 27 1084 230 3 
155 28 1111 231 3 
154 24 1132 231 3 
160 25 1108 225 3 
149 26 1114 224 3 
141 33 1121 230 3 
149 30 1129 233 3 
150 31 1123 230 3 
144 34 1109 228 3 
142 33 1120 233 3 
142 31 1131 226 3 
137 32 1127 231 3 
143 29 1122 226 3 
147 30 1142 231 3 
147 26 1145 235 3 
154 23 1146 234 3 
148 24 1143 236 3 
148 27 1126 239 3 
146 29 1129 232 3 
144 27 1115 238 3 
140 29 1096 244 3 
139 23 1098 248 3 
145 20 1093 247 3 
137 19 1076 258 3 
138 20 1106 261 3 
141 23 1112 274 3 
141 25 1104 275 3 
146 20 1087 268 3 
140 19 1082 271 3 
144 21 1106 278 3 
143 20 1134 297 3 
131 22 1125 302 3 
130 23 1132 296 3 
131 25 1141 297 3 
130 23 1129 303 3 
126 23 1149 295 3 
122 22 1161 289 3 
130 21 1164 297 3 
129 20 1137 280 3 
130 18 1150 279 3 
124 19 1163 282 3 
136 21 1148 282 3 
128 21 1131 284 3 
132 20 1130 279 3 
135 18 1126 268 3 
138 17 1129 265 3 
134 15 1105 264 3 
141 13 1106 268 3 
136 12 1101 265 3 
139 15 1115 267 3 
143 14 1108 260 3 
142 13 1117 267 3 
140 12 1119 259 3 
132 12 1126 268 3 
126 11 1146 265 3 
134 9 1124 261 3 
136 9 1141 272 3 
138 9 1144 277 3 
138 9 1150 283 3 
138 9 1163 287 3 
140 9 1151 276 3 
136 8 1176 290 3 
145 7 1157 288 3 
147 5 1150 286 3 
145 6 1150 278 3 
142 8 1154 277 3 
133 10 1149 286 3 
125 9 1163 277 3 
118 10 1139 276 3 
122 11 1120 277 3 
122 11 1114 279 3 
117 9 1109 275 3 
111 10 1111 282 3 
109 11 1120 286 3 
113 14 1128 292 3 
117 17 1123 303 3 
110 16 1114 300 3 
113 19 1140 305 3 
105 18 1146 315 3 
94 20 1126 308 3 
105 21 1095 292 3 
106 21 1096 296 3 
93 17 1101 297 3 
92 16 1075 290 3 
92 13 1078 277 3 
95 14 1100 280 3 
95 17 1118 280 3 
91 18 1109 274 3 
87 19 1135 269 3 
92 24 1136 287 3 
90 23 1118 296 3 
95 24 1107 299 3 
100 24 1100 287 3 
103 20 1098 285 3 
103 22 1109 289 3 
103 23 1128 284 3 
105 24 1126 280 3 
101 22 1134 277 3 
96 23 1136 284 3 
101 23 1153 286 3 
107 28 1146 294 3 
115 27 1151 307 3 
117 26 1154 303 3 
117 24 1156 295 3 
118 23 1130 306 3 
114 24 1147 303 3 
111 28 1170 298 3 
107 34 1168 299 3 
114 35 1159 299 3 
113 38 1157 299 3 
109 41 1148 289 3 
106 36 1162 295 3 
111 33 1174 309 3 
117 33 1223 299 3 
110 35 1223 305 3 
112 34 1213 304 3 
110 31 1218 301 3 
103 36 1235 299 3 
106 38 1223 294 3 
108 42 1218 287 3 
114 42 1232 279 3 
121 40 1194 282 3 
120 40 1190 282 3 
118 36 1181 273 3 
119 43 1197 293 3 
123 43 1215 299 3 
117 44 1201 308 3 
110 46 1205 307 3 
118 44 1206 308 3 
116 46 1177 303 3 
123 47 1178 304 3 
114 49 1167 309 3 
112 50 1193 305 3 
114 50 1179 309 3 
106 49 1169 307 3 
