1 0 0 0 0 
1 0 0 1 0 
1 0 1 2 0 
1 0 1 3 0 
2 0 1 4 0 
1 1 1 4 0 
0 1 2 5 0 
0 1 3 5 0 
0 2 4 6 0 
0 2 6 8 0 
1 2 6 7 0 
1 0 6 9 0 
1 1 7 7 0 
2 1 6 6 0 
2 3 7 5 0 
2 3 6 5 0 
3 2 6 6 0 
3 4 7 8 0 
2 3 6 9 0 
2 3 8 11 0 
2 3 8 14 0 
2 2 7 14 0 
1 2 6 12 0 
1 3 6 14 0 
1 5 7 17 0 
1 4 8 19 0 
1 2 11 19 0 
1 3 12 20 0 
1 4 13 19 0 
1 5 15 18 0 
0 7 16 16 0 
1 7 16 17 0 
1 7 16 22 0 
2 9 18 21 0 
2 9 20 20 0 
3 11 20 19 0 
3 12 18 22 0 
3 14 18 22 0 
4 14 21 24 0 
2 17 17 25 0 
0 14 20 24 0 
0 11 18 23 0 
1 11 17 28 0 
1 11 18 28 0 
3 13 17 32 0 
4 15 17 33 0 
4 16 19 38 0 
3 20 20 42 4 
4 21 19 47 4 
5 20 18 46 4 
6 22 19 47 4 
6 21 18 44 4 
6 20 18 41 4 
6 20 18 44 4 
6 19 16 49 4 
7 19 18 45 4 
8 20 15 47 4 
6 19 16 49 4 
6 21 14 61 4 
6 21 15 67 4 
6 23 13 67 4 
5 25 15 65 4 
5 22 11 71 4 
5 26 12 74 4 
4 25 14 74 4 
4 25 14 77 4 
3 27 14 86 4 
4 25 17 83 4 
4 23 21 85 4 
7 23 24 88 4 
9 25 27 92 4 
10 23 28 93 4 
12 24 31 99 4 
12 27 34 101 4 
12 26 34 99 4 
13 28 41 108 4 
10 33 43 110 4 
11 39 43 107 4 
14 37 48 106 4 
15 36 50 102 4 
12 38 51 109 4 
11 37 53 109 4 
15 34 55 113 4 
14 33 64 112 4 
12 36 63 115 4 
11 31 68 112 4 
11 31 67 103 4 
8 29 68 104 4 
8 29 72 110 4 
7 29 69 113 4 
5 28 66 114 4 
5 29 67 119 4 
5 26 77 122 4 
6 29 77 123 4 
5 27 78 122 4 
6 27 75 129 4 
5 28 79 129 4 
6 28 80 137 4 
7 28 76 130 4 
8 26 78 127 4 
7 26 79 128 4 
6 29 76 134 4 
5 30 79 135 4 
5 29 80 147 4 
6 27 77 150 4 
7 27 76 155 4 
7 25 72 163 4 
9 26 70 162 4 
10 28 67 166 4 
11 30 72 163 4 
10 30 74 173 4 
8 34 75 190 4 
9 36 78 191 4 
7 39 82 192 4 
6 42 85 197 4 
7 42 92 196 4 
8 37 98 188 4 
9 37 107 198 4 
9 35 109 203 4 
8 32 110 200 4 
7 29 113 213 4 
8 30 108 214 4 
11 34 111 216 4 
11 31 110 217 4 
11 31 111 213 4 
10 27 107 208 4 
12 33 108 201 4 
13 33 113 207 4 
10 32 111 204 4 
9 37 112 212 4 
11 39 117 216 4 
12 39 112 222 4 
12 39 110 224 4 
17 36 118 231 4 
15 37 128 228 4 
18 38 133 236 4 
17 40 137 247 4 
17 46 137 260 4 
20 44 141 259 4 
20 41 147 259 4 
19 40 154 271 4 
25 45 157 281 4 
26 36 167 274 4 
30 39 163 274 4 
27 43 171 283 4 
31 43 176 283 4 
27 40 172 284 4 
28 40 166 287 4 
33 36 175 278 4 
31 40 179 281 4 
31 40 174 272 4 
30 38 185 290 4 
30 35 177 297 4 
30 36 186 297 4 
33 35 198 314 4 
29 36 192 314 4 
33 40 203 332 4 
36 42 214 338 4 
35 37 226 335 4 
42 40 226 356 4 
37 39 231 350 4 
42 38 236 366 4 
44 37 241 373 4 
49 38 227 368 4 
50 38 234 377 4 
49 36 237 380 4 
44 35 237 382 4 
43 36 240 390 4 
46 40 250 389 4 
45 41 265 403 4 
43 41 273 402 4 
39 44 276 414 4 
45 44 268 411 4 
52 41 267 414 4 
50 41 266 420 4 
51 40 275 426 4 
51 38 262 431 4 
50 38 259 432 4 
51 38 274 441 4 
45 40 270 453 4 
50 38 263 462 4 
54 41 261 472 4 
53 43 258 478 4 
53 40 257 484 4 
56 38 263 478 4 
56 40 258 490 4 
54 42 262 491 4 
51 41 275 504 4 
52 41 286 515 4 
60 44 291 506 4 
56 42 292 509 4 
53 41 289 490 4 
50 37 295 491 4 
50 42 294 502 4 
52 43 279 504 4 
57 41 289 518 4 
57 41 291 520 4 
56 44 281 528 4 
62 46 293 538 4 
60 51 278 538 4 
56 59 280 539 4 
56 53 287 555 4 
61 50 289 563 4 
66 53 295 586 4 
64 54 295 594 4 
69 52 291 585 4 
69 60 281 582 4 
73 63 297 584 4 
64 74 302 582 4 
64 76 305 557 4 
65 79 305 570 4 
66 75 311 571 4 
67 71 326 565 4 
61 71 330 568 4 
58 73 331 549 4 
57 76 330 555 4 
54 72 324 570 4 
56 65 326 567 4 
58 63 341 581 4 
60 63 342 573 4 
64 65 344 555 4 
63 65 345 567 4 
63 61 348 578 4 
65 62 338 581 4 
61 63 353 594 4 
64 67 340 587 4 
68 71 341 593 4 
73 71 347 607 4 
72 69 351 613 4 
70 72 350 607 4 
71 72 349 605 4 
69 75 357 630 4 
71 72 370 637 4 
63 71 388 623 4 
65 79 389 633 4 
67 90 373 654 4 
63 91 374 668 4 
65 96 379 689 4 
63 104 374 681 4 
65 101 392 672 4 
59 105 399 671 4 
63 109 399 674 4 
59 108 396 685 4 
61 102 404 681 4 
61 103 409 686 4 
57 99 415 691 4 
59 105 411 696 4 
61 107 415 707 4 
58 109 407 703 4 
58 105 398 716 4 
61 104 411 715 4 
56 110 414 719 4 
59 103 416 716 4 
59 99 407 723 4 
60 92 412 727 4 
62 100 416 735 4 
66 100 405 745 4 
69 97 404 738 4 
73 103 411 751 4 
72 99 423 758 4 
73 93 437 765 4 
80 93 451 755 4 
83 94 451 752 4 
84 95 442 746 4 
79 98 449 755 4 
78 100 468 756 4 
74 97 471 772 4 
72 109 475 769 4 
78 106 483 793 4 
79 105 499 832 4 
77 102 491 820 4 
77 101 483 822 4 
81 97 493 825 4 
81 98 471 812 4 
80 98 462 806 4 
81 96 457 767 4 
81 90 440 776 4 
81 94 448 795 4 
82 98 454 797 4 
80 99 455 802 4 
80 99 467 827 4 
83 105 458 849 4 
87 105 462 823 4 
85 106 454 823 4 
78 102 464 816 4 
80 102 469 816 4 
81 97 467 802 4 
81 98 466 801 4 
88 99 460 799 4 
93 102 467 798 4 
91 96 469 818 4 
93 99 459 800 4 
94 100 459 794 4 
95 102 460 805 4 
93 101 472 825 4 
91 105 462 811 4 
90 112 453 827 4 
92 110 469 831 4 
97 105 456 833 4 
105 107 467 832 4 
104 106 458 820 4 
108 106 450 808 4 
111 112 449 809 4 
108 109 452 816 4 
106 108 450 809 4 
110 106 451 797 4 
116 100 452 796 4 
112 95 452 804 4 
120 87 453 796 4 
121 87 475 805 4 
117 92 475 803 4 
118 95 492 824 4 
112 96 500 814 4 
111 93 497 806 4 
112 94 503 798 4 
110 88 498 814 4 
110 92 491 811 4 
117 91 497 812 4 
124 92 497 817 4 
124 85 492 802 4 
132 95 486 815 4 
121 104 493 820 4 
120 100 509 807 4 
117 102 513 794 4 
114 103 510 793 4 
109 110 517 788 4 
100 112 522 775 4 
102 106 517 773 4 
97 99 515 774 4 
99 95 506 758 4 
104 91 514 745 4 
109 96 516 749 4 
112 95 512 752 4 
112 90 524 770 4 
109 94 527 754 4 
110 84 523 773 4 
113 83 529 781 4 
116 84 526 779 4 
116 79 532 772 4 
115 83 527 763 4 
122 88 527 769 4 
123 86 526 775 4 
122 90 533 765 4 
119 91 537 756 4 
111 89 539 740 4 
105 83 532 757 4 
102 85 540 761 4 
97 82 539 742 4 
96 81 527 731 4 
95 82 546 729 4 
99 95 545 731 4 
93 92 544 735 4 
103 96 555 734 4 
105 97 552 748 4 
104 97 576 751 4 
106 95 551 749 4 
105 97 560 747 4 
104 97 574 749 4 
107 103 583 736 4 
102 108 589 742 4 
104 109 601 726 4 
104 107 614 714 4 
100 105 608 706 4 
97 93 618 717 4 
98 90 633 709 0 
89 92 628 712 0 
86 85 612 704 0 
87 84 624 704 0 
86 83 599 684 0 
79 74 601 683 0 
85 79 619 695 0 
87 79 609 687 0 
91 78 611 698 0 
93 75 624 716 0 
92 75 632 725 0 
93 75 617 746 4 
97 76 619 749 4 
94 73 618 758 4 
98 75 615 751 4 
98 74 612 749 4 
97 79 625 742 4 
98 85 624 735 4 
102 86 622 745 4 
101 89 626 730 4 
104 84 637 724 0 
99 85 633 739 4 
97 86 650 750 4 
95 91 649 744 0 
89 85 639 739 4 
96 87 642 737 0 
99 89 638 744 4 
102 90 642 743 4 
103 90 645 741 4 
97 81 647 748 4 
97 83 663 740 0 
96 83 660 719 0 
93 78 656 717 0 
95 81 644 734 0 
88 79 667 740 0 
91 82 680 736 0 
92 77 671 750 0 
94 77 655 748 0 
89 75 653 752 4 
83 80 660 733 0 
84 87 668 724 0 
81 83 665 725 0 
76 81 658 725 0 
79 78 666 721 0 
79 78 688 721 0 
75 79 678 715 0 
77 79 675 694 0 
81 80 678 692 0 
84 80 694 679 0 
81 84 703 668 0 
78 80 699 665 0 
81 86 725 668 0 
77 88 745 658 0 
82 92 742 657 0 
85 91 745 666 0 
79 90 743 687 0 
77 92 758 666 0 
75 94 760 659 3 
70 96 745 678 0 
80 95 760 675 0 
82 95 748 680 0 
87 85 745 673 0 
86 80 741 666 0 
87 85 734 662 0 
93 84 746 664 0 
93 82 757 674 0 
93 89 755 662 0 
91 87 753 668 0 
85 91 746 653 0 
92 92 743 650 0 
90 90 760 663 0 
89 87 751 649 3 
91 89 770 628 3 
89 87 770 623 3 
85 91 780 617 3 
77 86 767 609 3 
82 81 774 598 3 
86 86 760 602 3 
91 85 747 613 3 
92 79 764 604 3 
93 75 774 612 3 
92 81 799 601 3 
98 82 795 591 3 
92 79 780 584 3 
82 81 775 596 3 
84 77 779 598 3 
88 82 790 614 3 
86 84 780 625 3 
88 74 781 632 3 
86 73 784 639 3 
88 71 798 647 3 
84 69 794 635 3 
81 68 785 632 3 
87 72 806 648 3 
85 74 816 635 3 
88 76 802 638 3 
91 78 798 628 3 
92 78 794 642 3 
91 80 795 618 3 
96 75 799 616 3 
99 77 807 606 3 
100 83 803 612 3 
92 80 789 626 3 
93 82 786 628 3 
100 88 798 620 3 
97 93 811 621 3 
97 86 822 615 3 
99 88 805 625 3 
106 85 794 622 3 
105 85 791 637 3 
107 87 800 637 3 
111 82 800 628 3 
114 83 797 617 3 
115 81 779 629 3 
111 81 772 628 3 
113 86 777 623 3 
120 87 780 625 3 
113 87 788 602 3 
107 86 783 605 3 
106 82 777 607 3 
101 85 779 607 3 
101 86 774 612 3 
101 92 780 608 3 
95 97 774 608 3 
94 98 778 609 3 
97 97 771 596 3 
94 89 787 587 3 
95 86 822 582 3 
92 88 830 574 3 
93 78 824 584 3 
92 77 820 590 3 
92 74 816 590 3 
86 73 834 595 3 
86 72 845 594 3 
86 75 859 591 3 
93 78 867 596 3 
94 74 871 603 3 
84 72 879 604 3 
88 71 870 594 3 
87 74 886 590 3 
100 75 906 599 3 
104 77 911 593 3 
111 73 902 593 3 
116 71 901 603 3 
116 79 895 591 3 
116 75 915 590 3 
118 77 892 580 3 
116 76 876 579 3 
118 70 867 593 3 
116 70 860 591 3 
112 65 865 602 3 
115 66 860 606 3 
108 64 865 618 3 
113 66 867 607 3 
117 67 875 600 3 
118 69 852 606 3 
126 66 828 604 3 
120 66 833 600 3 
120 65 846 602 3 
125 62 851 603 3 
122 62 841 580 3 
119 64 865 594 3 
124 59 825 591 3 
122 64 832 597 3 
124 62 829 604 3 
134 62 814 610 3 
139 62 818 615 3 
139 57 832 610 3 
130 59 838 595 3 
134 64 837 583 3 
132 62 845 590 3 
127 64 846 571 3 
124 67 882 580 3 
135 61 883 577 3 
134 58 888 563 3 
132 52 896 557 3 
132 57 918 552 3 
137 55 902 562 3 
137 47 887 568 3 
137 45 870 550 3 
129 41 860 563 3 
130 38 879 551 3 
138 39 892 540 3 
143 43 905 531 3 
141 43 890 520 3 
137 43 908 518 3 
128 44 900 521 3 
137 41 903 505 3 
143 43 888 501 3 
150 43 889 489 3 
139 41 871 493 3 
138 42 865 497 3 
135 41 865 505 3 
129 42 873 514 3 
129 42 860 512 3 
134 40 844 512 3 
133 45 850 502 3 
130 44 842 503 3 
133 43 842 505 3 
140 40 825 500 3 
139 42 822 509 3 
138 41 834 485 3 
141 41 832 502 3 
148 42 829 487 3 
144 45 833 496 3 
149 47 844 500 3 
146 47 836 512 3 
150 47 818 501 3 
160 47 825 516 3 
166 47 822 507 3 
167 49 848 499 3 
174 54 835 501 3 
188 50 837 481 3 
185 50 829 482 3 
175 50 825 491 3 
173 53 829 468 3 
172 50 825 451 3 
167 52 826 443 3 
166 54 822 437 3 
153 55 830 436 3 
156 55 842 439 3 
149 59 835 442 3 
158 60 824 454 3 
163 66 835 447 3 
161 65 842 450 3 
160 69 829 453 3 
155 68 842 461 3 
141 68 841 445 3 
143 66 831 450 3 
137 62 830 456 3 
139 60 866 466 3 
147 64 856 468 3 
147 61 842 466 3 
146 61 843 465 3 
142 60 854 446 3 
141 60 862 448 3 
139 60 871 454 3 
142 62 868 434 3 
149 66 895 456 3 
154 59 895 460 3 
149 60 890 473 3 
157 64 891 466 3 
154 62 872 460 3 
155 63 878 452 3 
160 64 881 437 3 
161 63 898 442 3 
162 61 895 454 3 
168 59 901 463 3 
169 60 916 468 3 
163 62 902 466 3 
162 61 888 465 3 
169 63 884 466 3 
164 64 890 466 3 
164 66 886 456 3 
172 70 899 462 3 
169 70 913 454 3 
168 72 875 455 3 
183 67 886 464 3 
173 69 897 472 3 
172 75 912 455 3 
172 72 909 446 3 
166 70 905 440 3 
163 69 907 449 3 
166 69 901 448 3 
158 73 923 454 3 
150 72 917 464 3 
146 71 920 463 3 
150 74 925 467 3 
150 74 912 462 3 
135 78 920 448 3 
145 72 930 444 3 
138 69 938 447 3 
127 73 910 435 3 
132 73 883 441 3 
129 78 900 447 3 
135 73 891 416 3 
134 80 891 408 3 
128 79 886 406 3 
132 77 887 392 3 
132 72 891 380 3 
133 73 886 370 3 
127 72 873 359 3 
128 71 884 354 3 
129 67 893 345 3 
126 73 894 364 3 
127 75 890 362 3 
128 75 901 355 3 
126 75 908 358 3 
126 72 908 349 3 
126 74 916 364 3 
128 73 937 366 3 
121 71 942 365 3 
126 75 915 363 3 
126 75 904 358 3 
133 70 915 357 3 
140 66 904 351 3 
137 62 925 352 3 
142 55 932 354 3 
139 58 940 345 3 
133 60 947 351 3 
137 64 940 361 3 
136 69 933 368 3 
143 69 948 373 3 
133 63 918 378 3 
134 60 908 388 3 
134 62 920 398 3 
129 61 932 397 3 
129 59 924 404 3 
123 58 950 403 3 
119 59 951 397 3 
118 61 955 398 3 
112 58 954 401 3 
109 57 932 407 3 
108 54 951 425 3 
104 55 960 415 3 
103 57 967 408 3 
99 62 956 412 3 
103 63 940 420 3 
107 61 964 405 3 
108 60 939 395 3 
110 60 932 399 3 
104 62 939 384 3 
98 54 948 389 3 
96 58 950 387 3 
96 59 954 381 3 
93 56 944 381 3 
90 57 943 384 3 
82 53 939 374 3 
86 56 941 372 3 
85 55 934 372 3 
83 53 943 371 3 
83 56 952 356 3 
86 58 962 359 3 
88 58 975 372 3 
93 60 993 372 3 
98 56 990 350 3 
97 56 987 358 3 
97 57 1004 354 3 
94 61 1015 346 3 
90 69 1027 336 3 
95 70 1040 339 3 
95 72 1042 338 3 
94 77 1057 332 3 
98 75 1058 328 3 
99 75 1065 339 3 
102 71 1048 338 3 
104 75 1037 339 3 
103 71 1053 337 3 
109 73 1066 336 3 
100 75 1058 336 3 
108 67 1059 334 3 
104 67 1055 320 3 
108 68 1063 323 3 
103 65 1030 325 3 
104 64 1038 327 3 
106 66 1038 329 3 
105 54 1047 324 3 
106 61 1059 309 3 
98 60 1066 300 3 
99 62 1090 294 3 
103 61 1096 294 3 
94 60 1083 289 3 
89 65 1086 291 3 
87 68 1095 288 3 
87 69 1100 295 3 
91 65 1089 292 3 
95 66 1104 294 3 
99 68 1083 295 3 
94 64 1116 302 3 
93 59 1126 288 3 
97 61 1130 285 3 
98 59 1136 285 3 
100 56 1159 290 3 
102 57 1169 284 3 
94 56 1178 281 3 
98 56 1173 284 3 
108 57 1153 278 3 
109 60 1164 265 3 
108 62 1148 273 3 
112 58 1154 292 3 
110 53 1170 285 3 
115 48 1148 280 3 
119 47 1130 279 3 
121 50 1119 274 3 
123 51 1102 272 3 
126 53 1103 266 3 
120 56 1126 276 3 
119 55 1103 282 3 
109 59 1114 281 3 
106 56 1094 269 3 
103 53 1090 268 3 
104 49 1075 274 3 
99 41 1070 282 3 
100 39 1087 293 3 
106 36 1089 297 3 
99 39 1116 306 3 
97 40 1113 304 3 
93 40 1103 306 3 
93 37 1115 317 3 
100 37 1123 310 3 
94 39 1144 324 3 
103 39 1146 326 3 
106 42 1122 319 3 
113 41 1137 310 3 
112 40 1152 302 3 
115 35 1179 311 3 
111 35 1165 326 3 
103 37 1165 320 3 
97 37 1164 327 3 
96 41 1156 315 3 
99 39 1160 309 3 
97 39 1159 311 3 
103 40 1165 323 3 
101 42 1171 314 3 
106 44 1130 321 3 
103 46 1098 330 3 
98 49 1096 329 3 
99 47 1095 316 3 
93 50 1082 308 3 
92 51 1070 302 3 
86 53 1102 307 3 
82 54 1106 307 3 
73 51 1117 314 3 
76 54 1117 320 3 
77 54 1135 315 3 
83 52 1129 305 3 
84 55 1142 302 3 
81 57 1145 314 3 
75 61 1137 313 3 
78 66 1129 319 3 
83 61 1095 314 3 
84 67 1097 299 3 
84 66 1073 309 3 
86 66 1092 297 3 
86 72 1099 291 3 
81 68 1099 294 3 
88 64 1106 282 3 
102 63 1109 302 3 
105 60 1102 306 3 
108 61 1106 304 3 
106 63 1125 305 3 
103 62 1140 302 3 
106 60 1141 290 3 
114 61 1134 279 3 
118 57 1145 270 3 
123 54 1147 268 3 
122 56 1159 255 3 
116 61 1145 264 3 
119 61 1135 275 3 
125 60 1156 279 3 
126 60 1149 267 3 
120 56 1138 266 3 
120 56 1159 273 3 
121 59 1152 269 3 
116 56 1154 264 3 
121 54 1169 262 3 
115 59 1179 267 3 
118 61 1193 270 3 
124 63 1187 263 3 
127 62 1214 264 3 
124 58 1197 259 3 
122 54 1184 248 3 
120 54 1178 242 3 
112 56 1169 243 3 
116 56 1175 252 3 
107 60 1178 250 3 
106 61 1177 257 3 
102 54 1164 259 3 
103 55 1173 263 3 
97 56 1146 257 3 
106 50 1169 260 3 
113 43 1185 253 3 
116 47 1188 263 3 
114 44 1183 264 3 
117 45 1167 262 3 
108 45 1168 268 3 
105 44 1162 265 3 
96 47 1169 266 3 
105 45 1150 273 3 
98 41 1147 275 3 
89 39 1144 282 3 
93 43 1132 286 3 
96 44 1143 288 3 
93 42 1156 287 3 
95 43 1137 290 3 
101 44 1137 288 3 
107 44 1125 292 3 
112 45 1132 295 3 
119 47 1136 290 3 
118 44 1121 289 3 
122 45 1131 293 3 
130 42 1127 288 3 
131 44 1141 284 3 
136 45 1156 289 3 
131 43 1159 269 3 
134 44 1155 265 3 
130 42 1164 279 3 
117 44 1178 281 3 
116 45 1155 281 3 
121 47 1143 275 3 
120 51 1126 272 3 
122 52 1137 274 3 
119 56 1139 276 3 
122 56 1142 264 3 
107 53 1163 267 3 
112 55 1129 268 3 
115 52 1151 266 3 
118 45 1144 269 3 
124 42 1159 272 3 
126 39 1173 275 3 
132 40 1159 275 3 
129 37 1136 273 3 
122 38 1125 283 3 
122 42 1136 288 3 
125 40 1130 278 3 
118 41 1123 293 3 
115 41 1110 291 3 
117 42 1103 304 3 
114 44 1104 298 3 
115 43 1091 292 3 
112 47 1078 294 3 
112 46 1089 301 3 
105 47 1096 292 3 
104 44 1114 288 3 
100 33 1126 290 3 
102 35 1139 289 3 
102 35 1142 292 3 
104 30 1143 287 3 
104 30 1143 280 3 
107 28 1178 286 3 
100 28 1192 272 3 
98 26 1193 266 3 
99 29 1181 275 3 
98 25 1194 263 3 
100 24 1215 267 3 
104 25 1206 268 3 
109 24 1205 277 3 
117 24 1208 282 3 
121 21 1180 290 3 
125 19 1176 286 3 
119 16 1159 276 3 
118 15 1168 276 3 
115 18 1183 280 3 
117 21 1175 286 3 
111 26 1191 287 3 
113 24 1201 290 3 
106 26 1219 290 3 
102 27 1248 295 3 
99 31 1241 296 3 
106 31 1243 287 3 
104 35 1235 286 3 
110 34 1244 288 3 
109 33 1250 288 3 
119 35 1246 283 3 
121 37 1251 282 3 
124 34 1243 278 3 
125 35 1252 277 3 
127 33 1232 290 3 
119 34 1211 295 3 
123 34 1180 287 3 
129 35 1217 277 3 
120 36 1216 279 3 
115 38 1225 281 3 
115 37 1217 278 3 
110 36 1197 264 3 
114 33 1196 282 3 
111 30 1176 286 3 
112 25 1174 280 3 
115 27 1167 279 3 
113 28 1181 282 3 
113 27 1195 281 3 
108 33 1184 283 3 
104 30 1181 278 3 
108 26 1165 284 3 
117 29 1132 285 3 
117 34 1139 283 3 
117 34 1164 299 3 
120 39 1177 288 3 
116 42 1155 280 3 
117 45 1154 281 3 
112 44 1152 280 3 
112 49 1152 293 3 
112 54 1154 296 3 
115 51 1151 302 3 
114 48 1147 301 3 
115 51 1133 309 3 
119 53 1132 308 3 
121 57 1149 302 3 
131 59 1165 285 3 
123 56 1148 280 3 
126 54 1141 282 3 
128 58 1154 278 3 
130 56 1137 266 3 
135 53 1153 251 3 
144 52 1145 249 3 
138 50 1125 244 3 
140 52 1148 238 3 
137 49 1140 248 3 
136 50 1150 238 3 
137 52 1152 235 3 
137 53 1136 233 3 
136 51 1132 236 3 
136 51 1147 238 3 
140 52 1143 243 3 
133 53 1159 242 3 
143 52 1122 235 3 
147 49 1137 224 3 
144 51 1139 222 3 
141 47 1134 229 3 
137 47 1130 218 3 
137 43 1141 216 3 
142 37 1151 214 3 
135 44 1125 222 3 
137 50 1123 218 3 
135 49 1128 225 3 
134 49 1115 215 3 
133 51 1126 215 3 
133 47 1106 214 3 
143 49 1116 218 3 
142 47 1088 221 3 
143 45 1104 224 3 
153 46 1100 225 3 
147 46 1130 229 3 
147 42 1113 226 3 
155 37 1107 219 3 
149 37 1072 223 3 
148 42 1084 240 3 
143 42 1078 244 3 
147 40 1069 247 3 
141 40 1098 237 3 
143 38 1093 244 3 
155 39 1106 252 3 
154 41 1106 247 3 
143 37 1110 248 3 
137 35 1104 239 3 
132 36 1100 240 3 
