0 0 0 1 0 
0 0 1 1 0 
0 0 1 2 0 
1 0 1 2 0 
2 0 1 1 0 
3 0 1 1 0 
4 2 1 1 0 
5 2 3 1 0 
6 2 2 0 0 
6 2 3 1 0 
6 4 2 1 0 
7 3 2 0 0 
8 3 2 0 0 
9 3 2 0 0 
9 3 2 1 0 
10 2 2 1 0 
12 3 3 1 0 
10 4 4 2 0 
11 5 4 2 0 
12 6 4 1 0 
11 6 3 0 0 
11 6 2 1 0 
12 6 2 1 0 
12 7 3 0 0 
11 7 4 0 0 
12 9 6 2 0 
13 10 4 2 0 
13 11 4 3 0 
13 13 4 2 0 
14 14 6 2 0 
15 14 6 2 0 
14 13 5 3 0 
15 12 4 2 0 
14 15 7 2 0 
15 16 6 2 0 
15 17 7 3 0 
15 18 8 4 0 
13 18 8 6 0 
11 21 8 7 0 
11 24 8 6 0 
13 24 7 5 0 
16 23 8 8 0 
15 28 8 9 0 
20 29 11 10 0 
20 30 11 8 0 
21 31 12 9 0 
22 32 13 9 0 
20 36 14 12 0 
22 38 11 13 0 
24 37 10 11 0 
25 42 10 13 0 
23 45 10 12 2 
20 47 10 11 2 
20 47 10 11 2 
22 49 9 11 2 
23 50 9 12 2 
23 50 10 12 2 
25 51 10 10 2 
25 49 10 12 2 
22 51 10 14 2 
21 53 14 16 2 
19 52 15 16 2 
17 52 16 15 2 
16 49 15 18 2 
14 51 16 20 2 
14 54 17 20 2 
16 50 19 19 2 
16 47 20 21 2 
14 44 24 21 0 
14 46 27 21 0 
15 44 32 24 0 
12 43 33 25 0 
15 39 39 26 0 
15 37 41 26 0 
13 37 48 31 0 
14 41 49 35 0 
14 45 49 38 0 
15 47 56 39 0 
15 50 59 37 0 
15 49 62 45 0 
15 51 62 41 0 
14 53 64 41 0 
12 60 64 43 0 
13 63 67 46 0 
17 63 65 49 0 
18 63 71 48 0 
21 63 67 47 0 
19 64 68 40 0 
21 66 70 43 0 
25 67 63 44 0 
26 69 67 45 0 
25 69 63 47 0 
23 74 62 46 0 
25 74 64 41 0 
27 77 68 45 0 
25 80 65 40 0 
23 79 65 48 0 
21 78 69 50 0 
19 83 73 54 0 
19 86 74 57 0 
20 87 78 55 0 
18 89 82 60 0 
15 89 85 62 0 
13 99 87 61 0 
13 99 95 63 0 
15 100 103 58 0 
16 94 110 62 0 
15 85 115 66 0 
13 84 114 73 0 
14 87 118 74 0 
13 82 128 70 3 
14 79 132 75 3 
15 79 136 82 3 
16 80 138 84 3 
20 77 139 87 3 
23 75 144 93 3 
26 74 152 90 3 
28 72 150 91 3 
29 69 153 87 3 
31 69 156 87 3 
31 71 169 95 3 
32 71 182 98 3 
30 73 186 107 3 
31 68 183 111 3 
29 67 189 117 3 
30 67 201 120 3 
29 68 209 118 3 
30 73 231 115 3 
35 71 235 113 3 
36 71 242 116 3 
42 66 254 114 3 
43 64 266 114 3 
44 67 261 110 3 
47 66 270 114 3 
47 63 270 114 3 
53 67 282 112 3 
52 66 292 113 3 
47 64 298 108 3 
46 60 303 114 3 
47 56 306 116 3 
49 58 317 118 3 
52 49 327 121 3 
51 50 327 131 3 
47 52 333 139 3 
48 53 331 136 3 
44 52 345 134 3 
47 51 349 129 3 
50 55 343 134 3 
51 51 352 137 3 
51 53 365 135 3 
49 46 374 138 3 
52 48 381 132 3 
52 47 382 143 3 
54 44 383 157 3 
52 44 393 169 3 
55 47 388 169 3 
52 45 397 163 3 
53 45 407 163 3 
53 39 403 162 3 
53 44 404 161 3 
56 49 402 166 3 
60 46 405 173 3 
60 50 412 172 3 
61 48 406 173 3 
64 43 418 176 3 
62 45 417 173 3 
61 44 429 182 3 
62 44 433 184 3 
61 44 448 191 3 
61 45 457 202 3 
63 51 462 199 3 
65 45 475 195 3 
63 45 477 204 3 
62 47 479 193 3 
63 54 508 193 3 
59 50 515 202 3 
64 51 522 200 3 
61 54 528 211 3 
56 48 553 207 3 
59 46 556 216 3 
56 47 593 214 3 
56 41 580 217 3 
60 44 590 217 3 
59 43 592 224 3 
56 41 600 230 3 
56 41 586 223 3 
55 42 600 230 3 
54 45 616 222 3 
53 45 652 233 3 
57 44 647 244 3 
59 47 661 241 3 
59 41 679 234 3 
64 43 671 233 3 
68 37 664 238 3 
72 41 658 244 3 
66 45 668 246 3 
73 46 680 248 3 
72 44 687 260 3 
71 44 709 273 3 
72 43 716 273 3 
70 40 732 263 3 
71 43 724 255 3 
72 44 744 268 3 
76 48 737 253 3 
77 44 740 255 3 
81 39 760 252 3 
80 39 774 254 3 
78 38 788 254 3 
78 39 769 256 3 
80 41 806 265 3 
84 43 802 266 3 
90 40 816 271 3 
91 45 834 276 3 
90 49 839 281 3 
89 49 845 294 3 
84 52 859 309 3 
86 49 877 304 3 
84 50 860 301 3 
79 48 875 301 3 
80 51 890 293 3 
77 54 908 297 3 
82 61 906 311 3 
82 67 899 323 3 
84 65 884 330 3 
87 63 869 329 3 
87 67 877 333 3 
79 61 882 333 3 
77 63 899 329 3 
75 61 907 317 3 
75 56 912 309 3 
80 55 907 308 3 
77 60 909 304 3 
77 65 907 302 3 
77 67 884 310 3 
78 67 890 310 3 
71 60 907 309 3 
66 61 908 319 3 
65 65 913 328 3 
58 58 928 326 3 
55 60 905 316 3 
58 60 919 319 3 
62 59 921 322 3 
59 57 927 328 3 
53 54 945 325 3 
51 54 952 336 3 
52 57 940 335 3 
58 61 951 339 3 
58 64 946 357 3 
58 65 935 348 3 
60 70 940 350 3 
60 71 931 352 3 
61 69 934 346 3 
59 74 936 350 3 
54 74 936 348 3 
50 71 924 338 3 
48 70 952 339 3 
47 69 961 350 3 
48 66 982 345 3 
46 65 976 351 3 
49 66 973 361 3 
50 68 978 374 3 
51 74 976 370 3 
49 79 991 374 3 
51 78 998 366 3 
51 75 1002 366 3 
51 78 1013 376 3 
49 86 1022 379 3 
54 80 1028 379 3 
54 79 1026 376 3 
54 79 1046 363 3 
54 75 1053 368 3 
53 70 1048 387 3 
56 73 1046 392 3 
60 69 1053 394 3 
65 72 1053 407 3 
63 72 1045 396 3 
64 72 1034 395 3 
57 75 1036 406 3 
61 74 1076 398 3 
68 71 1095 407 3 
64 69 1103 402 3 
67 71 1095 411 3 
68 67 1102 416 3 
72 60 1084 412 3 
74 57 1091 421 3 
63 58 1094 431 3 
62 59 1083 420 3 
60 55 1065 424 3 
65 57 1072 419 3 
63 58 1070 410 3 
57 57 1050 411 3 
57 57 1059 404 3 
58 53 1055 411 3 
60 52 1050 405 3 
62 53 1065 400 3 
60 51 1050 410 3 
62 52 1062 399 3 
66 48 1087 400 3 
62 51 1080 401 3 
60 48 1056 406 3 
60 46 1058 411 3 
62 48 1063 414 3 
65 48 1056 416 3 
61 43 1048 430 3 
63 45 1057 430 3 
63 47 1051 434 3 
62 46 1034 439 3 
67 42 1008 430 3 
66 38 1012 441 3 
69 36 1002 452 3 
73 36 1005 454 3 
75 37 1025 468 3 
74 40 1019 472 3 
75 45 1024 453 3 
79 48 1000 440 3 
82 48 1038 467 3 
83 50 1060 479 3 
83 48 1035 481 3 
81 42 1025 498 3 
82 40 1037 498 3 
82 35 1055 508 3 
82 32 1049 509 3 
80 35 1050 495 3 
81 34 1064 484 3 
81 37 1048 502 3 
79 35 1040 501 3 
84 38 1046 503 3 
78 34 1044 497 3 
78 29 1060 492 3 
80 30 1071 503 3 
79 36 1054 491 3 
88 38 1046 473 3 
89 39 1039 456 3 
85 38 1012 445 3 
90 37 1011 448 3 
89 38 1011 449 3 
88 38 1033 466 3 
87 37 1029 443 3 
95 42 1020 445 3 
91 45 1046 433 3 
81 43 1040 427 3 
83 42 1052 431 3 
79 50 1049 426 3 
83 45 1039 450 3 
85 41 1038 447 3 
84 40 1038 437 3 
78 41 1048 436 3 
78 38 1036 436 3 
75 41 1050 431 3 
78 44 1060 441 3 
78 43 1052 441 3 
77 43 1039 440 3 
79 42 1041 438 3 
80 48 1032 440 3 
77 49 1024 451 3 
78 46 1038 455 3 
79 44 1016 459 3 
84 46 1021 444 3 
78 48 1019 452 3 
77 48 1013 455 3 
80 48 1013 448 3 
76 50 1000 457 3 
78 49 1028 470 3 
81 52 1038 455 3 
78 53 1033 454 3 
72 52 1048 451 3 
80 55 1052 447 3 
81 57 1044 436 3 
83 54 1077 432 3 
75 55 1071 441 3 
77 55 1062 440 3 
77 54 1057 446 3 
78 55 1057 431 3 
81 50 1041 433 3 
89 52 1027 445 3 
89 51 1016 444 3 
86 51 1034 438 3 
84 54 1026 431 3 
83 56 1010 439 3 
85 56 1012 440 3 
92 58 1000 427 3 
88 56 1009 429 3 
87 56 995 415 3 
85 57 995 439 3 
86 51 1012 432 3 
88 46 983 436 3 
89 52 998 433 3 
96 50 1003 429 3 
94 50 998 439 3 
92 53 1019 438 3 
94 48 1020 413 3 
96 49 1013 415 3 
102 50 996 415 3 
104 53 998 436 3 
97 55 993 441 3 
105 52 997 435 3 
108 54 975 429 3 
109 56 962 429 3 
102 53 935 425 3 
100 51 946 432 3 
96 49 950 443 3 
90 49 966 435 3 
88 47 959 431 3 
93 50 998 422 3 
98 44 1001 428 3 
94 45 1012 436 3 
100 42 990 433 3 
99 47 1013 432 3 
94 47 1018 429 3 
97 46 995 433 3 
99 49 997 428 3 
98 50 1003 439 3 
99 56 1015 436 3 
97 60 983 434 3 
98 61 990 446 3 
101 63 987 437 3 
99 63 996 439 3 
103 61 991 449 3 
97 61 999 441 3 
100 53 990 447 3 
99 57 1003 442 3 
101 54 1009 456 3 
96 55 1008 452 3 
97 50 1021 435 3 
100 52 999 428 3 
102 48 998 446 3 
103 49 992 460 3 
103 49 1005 467 3 
101 46 999 467 3 
100 47 993 458 3 
103 47 989 458 3 
105 51 992 460 3 
104 54 997 448 3 
104 50 992 457 3 
98 49 1000 435 3 
108 47 1009 431 3 
112 50 1003 435 3 
110 48 1005 424 3 
104 50 981 414 3 
112 50 995 416 3 
114 44 985 411 3 
100 46 1003 404 3 
101 45 1003 416 3 
100 43 995 413 3 
101 42 990 415 3 
97 41 986 419 3 
97 43 955 421 3 
97 42 949 424 3 
99 43 949 416 3 
107 43 968 408 3 
106 37 992 425 3 
104 33 983 429 3 
111 32 973 423 3 
106 37 959 429 3 
102 40 961 450 3 
101 42 976 465 3 
102 43 984 463 3 
102 47 1001 451 3 
100 48 1009 444 3 
95 56 1025 450 3 
102 53 1010 453 3 
97 46 1010 447 3 
89 43 1010 451 3 
99 44 1003 443 3 
102 45 996 462 3 
101 44 987 447 3 
100 44 1018 431 3 
103 39 999 440 3 
103 39 1007 447 3 
102 38 1032 437 3 
104 39 1029 433 3 
110 40 1032 422 3 
105 45 1025 420 3 
108 49 1022 424 3 
105 52 1037 415 3 
98 47 1056 403 3 
90 50 1044 402 3 
91 47 1038 399 3 
99 42 1018 389 3 
97 41 1014 396 3 
98 42 1014 394 3 
101 39 1018 398 3 
103 39 1023 385 3 
107 42 1048 387 3 
104 39 1067 383 3 
108 41 1074 371 3 
109 40 1070 371 3 
114 43 1080 364 3 
120 40 1081 376 3 
117 45 1079 380 3 
115 47 1085 384 3 
113 51 1107 380 3 
110 47 1127 375 3 
108 49 1127 376 3 
106 50 1120 376 3 
110 51 1117 375 3 
104 54 1115 367 3 
105 57 1095 382 3 
104 56 1094 376 3 
99 55 1080 374 3 
104 56 1108 375 3 
104 56 1055 372 3 
99 48 1070 383 3 
104 46 1086 383 3 
110 48 1084 385 3 
104 40 1097 379 3 
106 41 1092 377 3 
112 40 1081 376 3 
111 42 1084 374 3 
102 42 1092 372 3 
108 39 1082 366 3 
107 36 1090 363 3 
102 32 1081 369 3 
97 36 1069 358 3 
94 37 1063 358 3 
91 36 1072 362 3 
96 38 1066 376 3 
95 34 1049 388 3 
93 30 1072 389 3 
98 29 1095 403 3 
97 29 1090 407 3 
99 29 1090 413 3 
97 28 1086 426 3 
94 28 1086 414 3 
100 26 1057 418 3 
99 26 1052 421 3 
97 26 1038 418 3 
101 24 1045 391 3 
107 23 1060 376 3 
99 27 1058 362 3 
98 25 1045 367 3 
99 28 1056 369 3 
105 25 1045 374 3 
107 29 1061 371 3 
107 27 1055 373 3 
110 24 1062 370 3 
110 26 1081 372 3 
109 26 1080 360 3 
104 23 1056 368 3 
107 26 1035 363 3 
103 30 1032 354 3 
102 33 1037 352 3 
107 24 1035 351 3 
106 25 1040 349 3 
109 25 1051 336 3 
115 22 1041 340 3 
120 20 1045 347 3 
123 20 1034 358 3 
120 17 1061 362 3 
121 17 1063 365 3 
119 14 1066 359 3 
116 11 1066 351 3 
120 13 1068 352 3 
114 16 1038 366 3 
111 17 1051 369 3 
111 18 1061 379 3 
110 18 1065 384 3 
105 21 1067 395 3 
103 20 1060 394 3 
97 23 1071 401 3 
102 25 1077 403 3 
100 24 1089 398 3 
107 23 1107 392 3 
101 25 1102 377 3 
100 24 1119 384 3 
104 24 1104 387 3 
103 26 1116 373 3 
103 30 1109 357 3 
111 30 1106 349 3 
101 33 1090 338 3 
99 34 1079 333 3 
103 32 1065 342 3 
115 32 1057 347 3 
112 25 1072 349 3 
107 27 1077 341 3 
99 28 1077 352 3 
96 28 1072 360 3 
96 28 1071 360 3 
100 26 1083 366 3 
101 26 1087 369 3 
91 23 1092 362 3 
93 25 1091 351 3 
93 26 1102 362 3 
93 25 1102 367 3 
84 24 1106 375 3 
78 25 1115 381 3 
78 28 1128 380 3 
80 31 1121 388 3 
83 29 1114 385 3 
95 30 1109 395 3 
91 26 1107 393 3 
94 29 1110 378 3 
90 30 1130 376 3 
89 31 1111 368 3 
86 25 1115 368 3 
87 22 1090 371 3 
91 20 1104 370 3 
83 20 1092 366 3 
84 20 1073 353 3 
83 24 1098 356 3 
88 22 1093 358 3 
88 23 1103 363 3 
82 23 1079 371 3 
85 19 1080 360 3 
85 19 1055 371 3 
86 21 1069 382 3 
88 20 1059 377 3 
90 18 1074 374 3 
86 22 1090 370 3 
82 20 1095 365 3 
81 19 1099 368 3 
81 17 1103 377 3 
78 16 1106 374 3 
77 15 1109 363 3 
74 14 1116 358 3 
75 16 1131 351 3 
79 17 1128 354 3 
77 16 1137 355 3 
81 18 1138 365 3 
80 23 1126 376 3 
80 22 1142 355 3 
81 27 1145 344 3 
85 32 1144 327 3 
88 28 1128 331 3 
81 30 1137 322 3 
82 26 1147 318 3 
81 29 1132 321 3 
76 28 1160 318 3 
78 28 1154 308 3 
78 26 1186 312 3 
84 23 1185 301 3 
87 23 1190 311 3 
91 27 1193 291 3 
91 29 1170 290 3 
88 27 1202 292 3 
92 24 1209 295 3 
87 28 1213 294 3 
85 28 1216 298 3 
86 26 1225 302 3 
80 28 1244 298 3 
82 24 1245 301 3 
87 24 1251 289 3 
85 24 1236 302 3 
82 20 1231 307 3 
85 19 1211 304 3 
84 18 1218 298 3 
89 19 1204 301 3 
95 23 1221 305 3 
100 23 1192 306 3 
98 22 1180 300 3 
96 21 1159 303 3 
99 19 1196 306 3 
96 19 1196 299 3 
88 19 1199 299 3 
85 19 1192 296 3 
79 17 1170 313 3 
79 17 1149 306 3 
79 15 1163 315 3 
81 16 1172 309 3 
82 14 1179 307 3 
81 16 1172 310 3 
75 18 1178 316 3 
77 18 1190 331 3 
88 17 1208 327 3 
89 21 1224 322 3 
85 22 1228 315 3 
87 21 1236 304 3 
91 24 1237 309 3 
88 23 1242 316 3 
91 24 1248 319 3 
86 23 1227 326 3 
83 23 1210 332 3 
79 26 1213 330 3 
82 28 1228 339 3 
82 29 1234 325 3 
83 30 1234 315 3 
76 29 1225 319 3 
82 32 1226 310 3 
83 39 1235 316 3 
83 39 1242 303 3 
85 33 1250 303 3 
79 26 1231 319 3 
78 26 1240 331 3 
76 26 1212 322 3 
82 24 1216 319 3 
82 26 1202 309 3 
79 26 1194 303 3 
80 22 1199 301 3 
78 18 1212 302 3 
76 18 1219 303 3 
74 18 1188 317 3 
68 18 1196 313 3 
70 17 1206 302 3 
73 15 1197 283 3 
71 17 1210 279 3 
66 17 1202 283 3 
69 18 1203 278 3 
64 19 1221 286 3 
65 20 1224 291 3 
65 23 1236 281 3 
61 22 1233 277 3 
61 20 1234 282 3 
60 20 1251 277 3 
62 18 1223 283 3 
60 18 1263 278 3 
62 20 1275 275 3 
62 21 1262 280 3 
63 22 1278 284 3 
68 23 1291 293 3 
70 20 1279 283 3 
71 20 1300 281 3 
66 19 1280 282 3 
63 17 1277 272 3 
62 21 1273 287 3 
68 22 1257 275 3 
67 21 1258 274 3 
69 22 1282 257 3 
67 18 1290 243 3 
69 20 1283 245 3 
73 20 1258 247 3 
78 20 1239 237 3 
81 23 1234 243 3 
88 23 1264 250 3 
94 24 1264 256 3 
85 22 1261 247 3 
84 18 1265 241 3 
83 20 1255 229 3 
90 15 1275 234 3 
88 14 1253 230 3 
85 14 1254 230 3 
89 17 1248 236 3 
91 15 1239 229 3 
88 13 1253 234 3 
91 14 1273 240 3 
93 16 1253 230 3 
94 14 1244 238 3 
93 16 1261 232 3 
90 18 1227 234 3 
94 21 1233 232 3 
93 22 1232 223 3 
90 21 1237 226 3 
87 20 1218 225 3 
90 21 1223 227 3 
94 23 1255 234 3 
95 24 1249 232 3 
86 26 1247 247 3 
84 24 1289 250 3 
80 24 1283 255 3 
83 28 1299 255 3 
84 27 1299 247 3 
80 27 1297 253 3 
80 26 1287 261 3 
76 25 1272 253 3 
82 22 1270 252 3 
85 23 1276 259 3 
84 23 1272 256 3 
85 21 1266 254 3 
84 25 1245 256 3 
75 26 1257 262 3 
73 29 1272 264 3 
73 30 1272 272 3 
73 27 1273 262 3 
80 25 1252 244 3 
81 28 1232 240 3 
78 27 1238 239 3 
76 27 1248 238 3 
76 26 1240 238 3 
77 27 1236 232 3 
74 27 1247 234 3 
67 27 1253 229 3 
66 28 1244 227 3 
72 29 1250 239 3 
77 29 1240 245 3 
75 28 1229 255 3 
75 25 1262 252 3 
73 26 1276 250 3 
68 23 1236 252 3 
65 21 1214 253 3 
63 23 1230 255 3 
64 25 1235 255 3 
68 22 1221 257 3 
66 18 1226 261 3 
72 20 1239 258 3 
77 20 1225 259 3 
76 21 1233 256 3 
74 21 1244 253 3 
80 22 1237 250 3 
81 21 1246 241 3 
83 20 1252 241 3 
78 16 1256 237 3 
75 16 1233 239 3 
77 16 1252 239 3 
75 18 1284 244 3 
71 18 1282 241 3 
73 17 1285 235 3 
76 20 1265 243 3 
81 18 1301 234 3 
70 19 1292 224 3 
66 19 1299 218 3 
65 22 1293 215 3 
63 23 1292 224 3 
64 21 1296 229 3 
65 27 1257 225 3 
65 27 1278 225 3 
62 31 1284 223 3 
58 32 1287 223 3 
62 33 1300 231 3 
66 34 1287 230 3 
61 38 1283 233 3 
62 37 1282 226 3 
62 34 1264 244 3 
63 34 1240 241 3 
66 35 1224 237 3 
64 31 1206 232 3 
64 31 1219 232 3 
64 33 1232 246 3 
64 37 1258 246 3 
67 36 1286 241 3 
70 37 1279 245 3 
69 39 1277 238 3 
68 43 1281 239 3 
66 41 1316 247 3 
63 43 1306 247 3 
64 47 1310 254 3 
66 51 1291 244 3 
70 53 1298 242 3 
72 51 1272 245 3 
71 50 1276 243 3 
70 43 1270 237 3 
75 47 1269 236 3 
77 43 1255 242 3 
75 41 1245 247 3 
72 41 1252 256 3 
74 38 1247 255 3 
75 39 1231 262 3 
75 38 1237 247 3 
76 35 1245 249 3 
74 37 1251 247 3 
76 42 1223 240 3 
79 46 1226 236 3 
81 46 1213 241 3 
83 44 1204 244 3 
88 45 1213 250 3 
95 50 1235 246 3 
97 47 1241 239 3 
102 45 1261 242 3 
102 44 1246 247 3 
101 41 1232 251 3 
100 43 1244 247 3 
88 42 1220 248 3 
86 43 1255 243 3 
88 45 1256 237 3 
87 44 1240 243 3 
80 43 1232 244 3 
84 48 1232 238 3 
81 43 1227 234 3 
83 37 1227 242 3 
85 36 1229 242 3 
85 34 1218 249 3 
80 29 1192 253 3 
76 31 1194 252 3 
86 32 1184 249 3 
90 32 1179 240 3 
97 34 1181 234 3 
90 32 1196 233 3 
93 30 1198 247 3 
99 32 1188 247 3 
105 29 1179 257 3 
102 27 1163 256 3 
108 30 1149 260 3 
107 31 1144 252 3 
113 30 1141 246 3 
113 36 1146 252 3 
113 35 1151 260 3 
115 34 1183 264 3 
120 32 1178 266 3 
124 33 1196 257 3 
126 34 1200 253 3 
123 35 1172 266 3 
123 36 1169 261 3 
119 38 1177 252 3 
127 38 1168 246 3 
129 42 1164 250 3 
127 40 1145 260 3 
125 38 1157 270 3 
122 39 1158 267 3 
117 40 1144 278 3 
118 42 1140 265 3 
112 48 1135 256 3 
108 45 1111 251 3 
111 50 1122 239 3 
115 47 1134 247 3 
114 48 1137 249 3 
108 49 1115 246 3 
110 53 1130 242 3 
111 52 1162 239 3 
112 55 1182 239 3 
111 55 1187 236 3 
108 59 1190 226 3 
98 64 1200 231 3 
91 62 1195 234 3 
92 55 1197 234 3 
95 55 1194 238 3 
91 56 1187 231 3 
92 58 1176 235 3 
95 56 1172 230 3 
92 52 1160 227 3 
89 54 1146 233 3 
84 49 1156 229 3 
90 51 1161 228 3 
92 43 1194 235 3 
94 41 1187 227 3 
91 41 1194 223 3 
92 42 1196 224 3 
92 44 1196 231 3 
91 41 1201 230 3 
100 38 1225 227 3 
107 38 1227 220 3 
107 38 1227 225 3 
105 42 1209 224 3 
112 47 1217 223 3 
110 44 1212 216 3 
118 47 1212 206 3 
115 48 1210 203 3 
116 53 1198 205 3 
123 52 1190 191 3 
125 53 1207 188 3 
130 58 1197 184 3 
128 56 1207 178 3 
127 55 1194 175 3 
125 51 1196 177 3 
108 49 1210 175 3 
114 48 1235 176 3 
110 46 1243 178 3 
111 48 1226 176 3 
111 47 1235 171 3 
114 50 1209 173 3 
112 51 1218 167 3 
116 52 1193 160 3 
116 50 1190 166 3 
118 50 1171 163 3 
116 48 1180 159 3 
103 51 1193 157 3 
103 48 1195 153 3 
104 48 1214 155 3 
104 49 1201 156 3 
105 45 1218 155 3 
104 43 1216 149 3 
96 44 1230 145 3 
98 47 1270 138 3 
102 46 1265 142 3 
102 50 1292 139 3 
104 52 1306 137 3 
104 48 1309 146 3 
102 51 1304 153 3 
107 48 1299 155 3 
106 49 1291 157 3 
104 47 1289 159 3 
104 47 1282 148 3 
111 45 1278 155 3 
106 49 1262 168 3 
111 58 1248 160 3 
107 61 1240 158 3 
109 64 1227 155 3 
109 63 1239 151 3 
108 62 1253 150 3 
111 63 1256 150 3 
107 64 1258 150 3 
101 62 1239 153 3 
97 62 1243 157 3 
97 60 1247 146 3 
84 60 1251 151 3 
87 64 1242 142 3 
90 65 1245 140 3 
90 61 1234 148 3 
87 59 1262 153 3 
95 54 1239 155 3 
94 48 1244 156 3 
95 46 1235 150 3 
93 47 1225 149 3 
94 46 1233 144 3 
97 44 1226 141 3 
99 46 1215 143 3 
97 45 1235 144 3 
93 45 1246 146 3 
84 47 1247 153 3 
94 47 1252 153 3 
88 44 1246 154 3 
87 45 1238 153 3 
89 42 1230 155 3 
93 46 1238 152 3 
90 42 1248 158 3 
90 43 1231 156 3 
93 45 1243 158 3 
94 45 1247 149 3 
90 47 1261 145 3 
90 48 1259 146 3 
93 47 1245 150 3 
91 44 1238 157 3 
102 43 1234 161 3 
