1 0 0 0 0 
1 1 0 0 0 
3 1 0 0 0 
3 2 0 0 0 
5 2 0 0 0 
5 2 0 0 0 
5 3 0 0 0 
4 4 1 0 0 
4 4 1 1 0 
5 5 1 1 0 
5 4 2 1 0 
6 4 2 2 0 
10 3 2 2 0 
9 4 2 2 0 
11 5 2 2 0 
11 8 2 2 0 
8 6 3 2 0 
9 6 2 2 0 
10 6 3 3 0 
10 5 4 4 0 
12 6 4 2 0 
10 6 4 3 0 
12 8 5 3 0 
12 8 5 3 0 
11 7 4 3 0 
13 7 4 4 0 
13 7 5 5 0 
11 5 8 8 0 
13 4 8 12 0 
13 4 7 15 0 
12 4 6 15 0 
11 3 5 15 0 
10 4 5 13 0 
8 4 6 13 0 
7 5 7 11 0 
8 6 7 12 0 
10 7 7 13 0 
10 11 9 12 0 
15 10 9 13 0 
16 12 9 14 0 
15 10 8 12 0 
12 10 9 13 0 
11 11 12 13 0 
11 12 12 14 0 
11 14 13 15 0 
11 13 13 15 0 
11 13 10 15 0 
11 15 12 13 0 
12 14 14 16 0 
10 15 15 16 0 
10 15 13 17 0 
10 16 11 18 0 
11 16 11 21 0 
10 17 14 19 0 
9 18 15 23 0 
8 23 17 24 0 
7 24 19 25 0 
7 26 18 25 0 
8 30 18 27 0 
8 36 21 27 0 
8 39 23 30 0 
8 39 22 31 0 
9 43 25 32 0 
6 43 24 36 0 
7 42 26 36 0 
6 44 26 44 0 
7 47 32 53 0 
8 43 32 52 0 
6 42 31 52 0 
4 40 31 52 0 
3 41 33 54 0 
3 42 33 58 0 
4 42 37 54 0 
2 41 37 55 0 
2 44 36 58 0 
2 47 37 58 0 
3 51 39 60 0 
3 47 37 61 0 
5 43 40 66 0 
5 47 40 74 0 
6 41 38 76 4 
4 41 36 78 4 
5 44 36 90 4 
5 43 32 94 4 
6 44 34 97 4 
5 42 34 96 4 
6 47 35 100 4 
8 49 33 105 4 
9 51 35 117 4 
9 44 34 122 4 
12 43 35 123 4 
13 48 35 129 4 
15 48 38 125 4 
16 50 41 133 4 
16 51 42 135 4 
17 50 39 140 4 
19 55 40 148 4 
18 49 40 153 4 
14 49 39 154 4 
16 49 42 156 4 
14 50 45 168 4 
16 47 46 164 4 
18 47 49 167 4 
17 49 47 167 4 
16 49 48 167 4 
17 52 49 173 4 
17 51 52 170 4 
17 48 54 163 4 
17 42 55 163 4 
15 47 53 164 4 
12 50 52 174 4 
12 51 61 180 4 
11 54 67 187 4 
12 57 73 176 4 
10 55 76 180 4 
12 61 72 180 4 
14 62 71 186 4 
12 66 65 183 4 
13 62 63 187 4 
14 55 66 188 4 
15 56 69 198 4 
16 51 73 206 4 
19 52 78 206 4 
19 48 82 213 4 
18 55 82 217 4 
17 57 78 224 4 
19 57 77 226 4 
21 59 79 232 4 
21 60 81 234 4 
24 58 76 237 4 
21 62 81 242 4 
24 61 86 239 4 
27 61 92 246 4 
25 61 97 250 4 
28 63 108 256 4 
27 70 118 252 4 
26 70 122 261 4 
27 70 127 262 4 
26 63 116 265 4 
23 69 116 266 4 
24 67 116 263 4 
26 66 122 271 4 
26 63 122 281 4 
25 67 132 274 4 
25 67 132 292 4 
25 71 135 303 4 
24 70 135 317 4 
22 81 142 326 4 
20 77 149 322 4 
20 78 147 331 4 
23 78 160 337 4 
24 79 167 339 4 
24 82 178 341 4 
24 85 177 345 4 
25 90 171 345 4 
25 89 172 372 4 
22 87 174 366 4 
23 94 172 375 4 
26 89 172 383 4 
28 89 167 388 4 
25 91 171 400 4 
23 94 171 405 4 
25 105 166 405 4 
22 101 173 406 4 
21 103 174 410 4 
22 108 179 423 4 
24 106 174 422 4 
27 104 168 424 4 
30 97 170 434 4 
32 95 173 442 4 
35 94 177 432 4 
37 100 177 426 4 
36 99 180 432 4 
40 99 179 438 4 
42 105 176 445 4 
40 105 173 450 4 
40 103 181 449 4 
41 102 184 440 4 
39 106 186 445 4 
37 108 190 444 4 
35 114 202 447 4 
39 115 202 458 4 
39 117 198 465 4 
43 116 213 462 4 
47 121 209 462 4 
47 125 208 476 4 
45 119 209 485 4 
47 125 232 477 4 
52 129 234 492 4 
54 125 229 509 4 
56 128 231 518 4 
52 136 234 531 4 
48 139 233 531 4 
49 146 232 533 4 
54 146 229 528 4 
50 144 246 545 4 
48 136 241 550 4 
51 134 241 544 4 
53 142 237 549 4 
55 147 248 540 4 
50 139 255 534 4 
55 136 264 558 4 
56 140 280 566 4 
60 136 276 573 4 
60 144 276 565 4 
60 144 282 559 4 
58 141 279 566 4 
53 134 274 559 4 
54 127 288 559 4 
54 123 297 553 4 
53 128 306 579 4 
50 130 300 577 4 
49 141 302 603 4 
45 142 305 606 4 
39 145 303 605 4 
44 145 315 628 4 
47 151 330 644 4 
50 150 338 636 4 
57 152 344 641 4 
61 152 349 651 4 
64 154 351 651 4 
63 155 369 677 4 
63 149 358 677 4 
67 151 360 687 4 
68 160 374 689 4 
69 165 375 680 4 
70 158 378 675 4 
72 150 371 672 4 
71 151 371 670 4 
71 148 361 682 4 
70 138 356 695 4 
68 141 351 696 4 
73 142 354 693 4 
78 141 370 695 4 
77 142 384 686 4 
71 137 391 691 4 
72 123 404 693 4 
75 119 395 684 4 
77 117 393 668 4 
81 115 391 687 4 
80 112 404 693 4 
72 115 402 693 4 
73 116 429 711 4 
68 119 426 720 4 
68 123 439 734 4 
72 119 433 745 4 
78 124 451 732 4 
72 122 453 745 4 
73 131 463 740 4 
73 137 469 732 4 
72 137 486 740 4 
78 134 486 735 4 
73 144 487 737 4 
71 151 482 748 4 
73 151 487 750 4 
73 146 499 747 4 
75 142 499 745 4 
77 147 503 746 4 
77 150 521 738 4 
81 158 517 734 4 
78 158 523 736 4 
82 154 535 743 4 
80 150 547 754 4 
78 144 554 751 4 
79 135 538 745 4 
82 143 539 745 4 
84 140 553 745 4 
83 129 555 749 4 
82 129 550 741 4 
86 129 537 744 4 
88 136 542 740 4 
89 132 531 731 4 
96 136 525 726 4 
92 141 532 737 4 
91 138 547 743 4 
96 138 557 756 4 
95 141 545 747 4 
99 151 552 745 4 
108 147 557 752 4 
110 152 559 743 4 
108 155 556 734 4 
109 151 561 759 4 
106 142 547 737 4 
108 138 567 733 4 
102 138 565 710 4 
106 140 575 694 4 
109 134 571 680 4 
110 127 581 687 4 
107 127 578 656 0 
101 124 583 663 0 
89 131 567 665 4 
91 127 560 659 4 
94 129 563 655 4 
98 124 564 660 4 
90 115 580 648 0 
92 117 569 624 0 
96 119 567 616 0 
97 119 549 632 0 
83 114 555 639 0 
91 118 552 620 0 
88 117 558 629 0 
81 125 560 658 4 
81 116 557 657 4 
76 112 570 636 0 
77 106 582 644 0 
73 114 583 652 0 
75 117 599 647 0 
75 113 599 650 0 
72 113 598 660 0 
71 113 623 682 0 
69 114 631 685 0 
68 118 617 686 0 
69 116 622 671 0 
68 123 623 680 0 
67 125 632 678 0 
67 126 629 674 0 
64 122 633 672 0 
58 116 636 697 0 
57 119 639 687 0 
63 111 640 706 0 
66 111 638 706 0 
68 121 648 696 0 
67 122 651 701 0 
65 119 660 721 0 
67 121 655 728 0 
66 127 664 729 0 
61 126 675 718 0 
63 125 692 719 0 
59 122 675 747 0 
56 127 670 748 0 
59 124 676 749 0 
59 120 675 739 0 
66 124 668 731 0 
63 122 669 749 0 
69 120 643 744 4 
65 118 642 726 0 
69 123 630 716 0 
68 123 617 709 0 
72 122 624 712 0 
73 123 630 703 0 
70 128 629 724 4 
72 128 648 724 0 
77 130 648 721 0 
76 134 653 740 0 
79 131 649 742 0 
82 130 661 753 0 
85 133 657 763 4 
82 134 657 770 4 
76 128 674 752 0 
77 130 659 748 0 
74 123 646 737 0 
69 129 643 732 0 
74 130 654 732 0 
76 133 654 738 0 
76 130 638 731 0 
75 135 649 724 0 
82 136 646 707 0 
80 136 634 717 0 
87 133 636 735 4 
85 136 647 729 0 
92 138 635 711 0 
90 141 631 714 0 
86 141 640 698 0 
85 134 631 681 0 
91 140 648 690 0 
91 139 646 690 0 
89 137 656 693 0 
95 135 633 695 0 
90 134 643 701 0 
95 134 653 702 0 
98 132 671 725 0 
96 131 694 746 0 
101 124 696 769 0 
101 128 711 759 0 
101 121 720 750 0 
108 123 706 718 0 
100 120 704 735 0 
99 112 703 747 0 
90 119 689 754 0 
88 114 674 755 0 
87 124 674 752 0 
89 123 674 762 0 
88 127 692 758 0 
85 127 664 732 0 
88 126 675 730 0 
84 118 666 747 0 
87 114 673 756 0 
90 119 668 748 0 
95 120 672 758 0 
93 125 695 748 0 
96 130 695 747 0 
97 128 690 735 0 
95 121 695 724 0 
98 110 685 743 0 
101 108 688 746 0 
108 107 685 766 0 
110 111 663 788 4 
111 105 685 779 0 
109 104 696 787 0 
110 101 686 776 0 
117 114 689 779 0 
113 109 680 788 4 
113 104 657 791 4 
115 103 667 779 4 
117 107 669 757 0 
115 106 668 742 0 
120 114 661 727 0 
118 112 679 716 0 
110 114 667 699 0 
114 111 672 708 0 
112 112 669 693 0 
113 112 677 689 0 
118 105 677 681 0 
120 105 683 663 0 
120 104 667 659 0 
116 113 669 668 0 
115 111 693 679 0 
113 112 706 662 0 
119 102 727 666 0 
116 96 730 681 0 
109 95 747 659 0 
114 95 752 663 0 
102 92 769 666 3 
97 87 763 655 3 
97 80 773 662 3 
96 78 779 667 3 
105 75 764 664 3 
112 73 758 673 0 
111 78 773 674 3 
114 77 756 685 0 
115 74 745 673 0 
115 75 760 671 0 
110 76 762 656 3 
110 79 750 683 0 
109 80 759 683 0 
103 85 752 691 0 
106 91 729 703 0 
103 92 722 696 0 
108 90 720 698 0 
107 83 725 689 0 
102 87 745 704 0 
103 86 744 695 0 
106 81 738 683 0 
115 83 754 682 0 
108 72 754 708 0 
111 73 764 705 0 
115 76 762 714 0 
117 77 772 701 0 
120 71 763 691 0 
123 70 763 684 0 
129 80 765 676 0 
127 75 777 673 3 
129 74 768 684 0 
134 72 766 690 0 
132 78 787 688 3 
129 78 763 691 0 
129 80 767 695 0 
124 84 754 700 0 
117 81 758 683 0 
124 80 747 692 0 
127 84 744 694 0 
140 84 746 693 0 
141 85 743 688 0 
135 83 747 696 0 
140 88 730 679 0 
137 98 753 684 0 
145 102 735 690 0 
141 98 758 667 0 
136 88 753 650 3 
136 90 734 648 0 
134 81 749 639 3 
131 85 734 639 0 
134 80 746 641 3 
134 76 758 648 3 
134 78 738 638 3 
138 76 732 626 3 
119 81 739 607 3 
118 81 756 618 3 
122 77 740 634 3 
125 85 753 620 3 
124 87 757 606 3 
128 86 753 611 3 
124 88 753 607 3 
118 93 759 616 3 
124 95 734 620 3 
119 94 730 609 3 
128 96 741 608 3 
119 95 733 576 3 
118 92 741 572 3 
118 90 757 590 3 
122 93 776 601 3 
125 90 754 608 3 
126 92 733 602 3 
124 97 746 581 3 
131 97 742 595 3 
133 99 747 586 3 
140 98 733 587 3 
140 95 744 583 3 
138 91 761 588 3 
139 91 768 596 3 
138 91 772 606 3 
139 96 758 603 3 
141 100 757 600 3 
148 91 753 611 3 
142 90 766 606 3 
142 91 760 604 3 
145 84 766 617 3 
152 89 775 600 3 
148 90 768 593 3 
147 91 786 576 3 
151 90 772 578 3 
152 94 756 576 3 
147 92 762 570 3 
154 97 782 561 3 
149 95 781 551 3 
152 97 780 542 3 
160 88 760 547 3 
161 89 759 548 3 
168 86 751 553 3 
169 87 752 552 3 
174 86 751 552 3 
179 87 740 544 3 
175 83 747 534 3 
172 80 758 534 3 
166 81 762 519 3 
165 82 754 518 3 
158 87 767 509 3 
163 92 775 508 3 
165 92 769 519 3 
162 92 780 530 3 
160 88 775 526 3 
162 85 760 531 3 
169 87 770 533 3 
163 87 766 533 3 
160 81 746 526 3 
160 74 729 534 3 
162 83 726 528 3 
170 81 756 544 3 
166 78 766 530 3 
162 78 780 550 3 
160 78 767 552 3 
148 76 771 551 3 
149 82 783 554 3 
150 84 777 571 3 
140 84 796 563 3 
142 82 802 582 3 
142 83 785 606 3 
150 83 786 606 3 
147 82 798 612 3 
138 76 784 599 3 
139 76 785 602 3 
151 69 773 584 3 
153 65 772 580 3 
149 69 793 599 3 
140 70 794 597 3 
137 75 795 607 3 
139 73 779 610 3 
146 71 776 615 3 
143 70 773 611 3 
148 70 784 616 3 
147 73 791 613 3 
142 78 794 624 3 
140 84 798 617 3 
134 84 792 612 3 
133 81 795 607 3 
135 84 800 598 3 
137 84 807 597 3 
136 85 823 605 3 
131 77 819 606 3 
127 79 806 593 3 
125 75 804 598 3 
129 73 786 602 3 
135 72 777 607 3 
132 70 767 606 3 
127 66 774 587 3 
137 64 772 590 3 
131 66 780 599 3 
137 70 794 616 3 
140 64 764 618 3 
132 58 767 627 3 
132 54 747 610 3 
137 54 744 606 3 
139 55 755 606 3 
144 56 761 625 3 
151 55 784 632 3 
150 57 772 630 3 
146 61 772 618 3 
150 62 769 607 3 
153 63 774 623 3 
157 63 770 626 3 
153 61 759 627 3 
153 61 776 626 3 
150 58 781 606 3 
145 53 758 623 3 
150 55 751 616 3 
154 49 731 625 3 
157 47 734 607 3 
159 48 751 634 3 
156 48 753 628 3 
156 48 769 635 3 
159 50 753 653 3 
167 49 759 655 3 
162 52 761 650 3 
158 47 767 648 3 
159 53 781 652 3 
146 54 753 653 3 
140 55 773 653 3 
127 55 785 666 3 
123 56 789 684 3 
123 51 798 675 3 
123 55 803 657 3 
119 63 820 660 3 
116 64 822 660 3 
110 61 815 665 3 
118 59 803 647 3 
119 55 811 651 3 
119 57 809 660 3 
120 55 805 653 3 
116 55 815 631 3 
120 53 821 617 3 
123 58 830 604 3 
126 61 837 592 3 
133 62 826 582 3 
132 64 866 581 3 
122 59 852 586 3 
117 56 847 589 3 
113 55 855 589 3 
122 54 854 609 3 
116 52 851 587 3 
115 47 874 588 3 
110 54 876 598 3 
108 54 875 597 3 
113 54 872 614 3 
116 50 880 599 3 
111 54 874 598 3 
110 55 877 581 3 
114 55 872 575 3 
114 55 869 570 3 
114 52 871 560 3 
108 52 901 572 3 
105 52 896 588 3 
98 47 886 574 3 
100 44 885 559 3 
98 45 872 554 3 
98 44 899 551 3 
95 49 898 542 3 
95 50 893 545 3 
93 49 896 539 3 
93 51 880 545 3 
94 48 876 562 3 
91 53 870 564 3 
95 54 876 566 3 
89 55 868 567 3 
90 56 850 534 3 
85 56 859 534 3 
89 50 842 527 3 
93 55 860 541 3 
103 58 851 542 3 
100 58 868 535 3 
99 64 849 547 3 
91 65 883 541 3 
98 60 900 540 3 
100 60 891 549 3 
102 60 903 548 3 
100 61 892 557 3 
95 57 927 546 3 
98 57 916 563 3 
97 58 903 594 3 
100 60 890 589 3 
94 60 900 586 3 
94 63 876 592 3 
92 66 911 582 3 
93 62 913 569 3 
87 65 918 563 3 
79 69 903 575 3 
80 71 899 589 3 
87 72 896 580 3 
82 70 888 590 3 
82 65 909 594 3 
78 64 897 605 3 
82 67 904 593 3 
82 63 916 552 3 
80 60 895 572 3 
83 63 905 565 3 
88 64 906 561 3 
90 61 928 553 3 
92 56 941 558 3 
92 54 926 552 3 
97 58 919 545 3 
99 61 931 537 3 
101 65 924 539 3 
103 70 921 524 3 
104 72 919 534 3 
109 72 919 528 3 
96 67 901 528 3 
100 68 904 531 3 
108 66 909 535 3 
112 63 920 521 3 
107 62 912 522 3 
106 62 917 515 3 
107 68 950 504 3 
110 70 952 504 3 
111 74 966 495 3 
117 78 943 501 3 
115 79 921 485 3 
110 74 931 471 3 
109 78 921 459 3 
103 69 916 460 3 
101 71 902 465 3 
104 68 914 466 3 
104 66 922 469 3 
106 68 918 462 3 
102 67 931 460 3 
98 65 935 443 3 
100 63 947 443 3 
102 63 957 455 3 
102 53 964 471 3 
103 52 942 468 3 
106 50 947 466 3 
102 48 965 473 3 
98 46 957 460 3 
100 47 946 471 3 
101 43 946 467 3 
99 40 929 463 3 
102 37 933 479 3 
103 38 956 483 3 
106 37 942 480 3 
103 40 934 488 3 
97 39 930 478 3 
100 40 925 472 3 
106 41 913 479 3 
103 39 926 473 3 
103 36 927 467 3 
98 40 941 469 3 
103 38 932 467 3 
109 36 938 457 3 
110 43 927 453 3 
107 45 926 441 3 
102 45 957 440 3 
97 44 948 433 3 
105 45 936 431 3 
111 45 936 436 3 
122 42 920 439 3 
119 42 927 457 3 
120 43 953 454 3 
121 43 957 433 3 
119 43 932 431 3 
124 47 951 432 3 
132 46 948 431 3 
137 43 935 440 3 
134 45 963 439 3 
139 43 964 426 3 
137 40 993 428 3 
139 40 991 431 3 
146 41 996 433 3 
139 43 986 439 3 
135 44 977 439 3 
132 42 987 422 3 
128 41 960 423 3 
126 37 961 410 3 
121 39 962 415 3 
118 39 967 411 3 
116 36 967 409 3 
117 32 961 409 3 
123 32 959 415 3 
121 33 972 409 3 
121 37 972 402 3 
132 34 980 396 3 
133 34 953 406 3 
133 34 953 410 3 
131 34 949 404 3 
126 33 938 405 3 
130 27 951 412 3 
131 30 968 412 3 
128 32 962 418 3 
130 34 958 404 3 
126 30 937 419 3 
124 34 927 418 3 
118 35 931 426 3 
122 38 926 432 3 
122 33 926 426 3 
117 32 945 417 3 
116 35 942 416 3 
125 34 938 426 3 
123 33 943 440 3 
123 36 917 443 3 
119 33 943 448 3 
122 34 927 449 3 
122 31 923 454 3 
125 34 940 461 3 
121 35 953 472 3 
122 36 949 470 3 
118 39 956 464 3 
118 37 941 458 3 
118 38 953 465 3 
121 34 933 479 3 
122 34 941 476 3 
123 33 937 477 3 
124 33 939 481 3 
124 30 953 466 3 
122 29 957 471 3 
118 28 934 462 3 
121 27 932 460 3 
104 29 935 461 3 
106 28 941 461 3 
100 31 941 443 3 
101 30 925 448 3 
110 33 943 453 3 
113 34 938 449 3 
117 30 922 448 3 
117 26 908 433 3 
108 30 915 425 3 
103 32 906 419 3 
106 33 917 415 3 
108 31 951 414 3 
100 32 957 412 3 
97 36 961 404 3 
94 35 962 399 3 
87 37 969 409 3 
86 42 975 400 3 
88 41 994 413 3 
95 40 1006 427 3 
94 44 1018 425 3 
97 45 1032 417 3 
91 45 1049 417 3 
88 45 1018 419 3 
90 47 1029 420 3 
87 43 1022 414 3 
89 45 1018 412 3 
89 47 1017 407 3 
96 44 1029 397 3 
100 39 1020 394 3 
106 40 1010 394 3 
113 40 1007 393 3 
113 40 1005 406 3 
105 41 1019 413 3 
105 36 1022 419 3 
101 36 1003 412 3 
98 35 992 416 3 
97 36 981 421 3 
100 36 975 441 3 
96 39 980 426 3 
98 40 967 431 3 
102 39 970 436 3 
103 39 985 439 3 
110 37 996 439 3 
111 37 1014 444 3 
119 36 1007 439 3 
117 33 1005 435 3 
115 33 1004 443 3 
117 34 992 431 3 
114 34 995 441 3 
119 35 993 429 3 
125 37 991 434 3 
120 42 1004 435 3 
117 43 1009 447 3 
118 41 1001 444 3 
118 42 1004 436 3 
109 40 1006 430 3 
103 40 983 429 3 
105 32 995 421 3 
110 32 1015 412 3 
108 32 1005 417 3 
100 27 996 419 3 
95 33 993 428 3 
97 36 960 425 3 
98 37 951 437 3 
102 38 946 418 3 
101 41 948 422 3 
105 47 961 422 3 
110 47 968 426 3 
102 46 976 415 3 
105 45 986 417 3 
109 49 1011 418 3 
107 50 1028 412 3 
100 50 1051 425 3 
100 50 1042 421 3 
106 49 1041 420 3 
107 49 1053 418 3 
103 53 1040 420 3 
104 56 1046 417 3 
104 59 1040 412 3 
105 59 1038 415 3 
103 58 1041 421 3 
108 53 1026 426 3 
112 52 1003 421 3 
114 50 1004 446 3 
118 49 993 448 3 
120 46 1015 442 3 
112 49 1011 431 3 
113 51 1013 428 3 
111 49 1035 433 3 
110 51 1034 437 3 
109 51 1049 431 3 
107 51 1029 419 3 
108 49 1026 400 3 
112 50 1032 394 3 
110 51 1028 397 3 
110 55 1051 407 3 
112 54 1057 403 3 
113 56 1064 385 3 
114 60 1071 397 3 
115 56 1068 419 3 
119 50 1064 407 3 
125 51 1058 408 3 
135 51 1030 396 3 
136 46 1030 399 3 
140 45 1006 398 3 
146 45 1015 393 3 
145 45 1024 385 3 
150 50 1015 391 3 
147 50 1040 397 3 
154 53 1064 404 3 
150 47 1054 397 3 
147 50 1021 393 3 
154 53 1037 384 3 
150 53 1027 386 3 
143 55 1023 386 3 
140 51 1030 383 3 
142 51 1023 382 3 
148 51 1023 372 3 
151 52 1018 367 3 
145 46 997 363 3 
145 45 992 373 3 
140 43 967 373 3 
140 42 985 362 3 
144 42 1001 357 3 
143 45 1002 354 3 
145 46 1016 352 3 
144 44 1006 350 3 
138 42 1014 350 3 
131 43 1007 362 3 
138 41 1008 356 3 
139 47 1007 358 3 
137 48 1014 361 3 
147 50 1013 369 3 
157 50 1007 372 3 
159 49 1023 382 3 
158 46 1023 382 3 
157 48 1023 384 3 
155 51 1016 389 3 
145 52 1000 388 3 
140 46 998 381 3 
145 38 1001 375 3 
136 35 1011 372 3 
138 35 1004 374 3 
142 36 1013 390 3 
138 37 992 403 3 
132 41 992 406 3 
131 39 998 417 3 
135 39 1011 422 3 
145 35 1012 413 3 
148 36 991 439 3 
145 40 1011 441 3 
141 41 985 441 3 
131 44 982 421 3 
130 46 988 408 3 
127 45 996 402 3 
122 41 990 391 3 
119 46 984 394 3 
115 44 991 380 3 
109 41 988 373 3 
110 40 982 369 3 
107 42 982 356 3 
116 45 984 359 3 
119 48 977 352 3 
130 54 968 357 3 
135 49 967 362 3 
138 51 979 377 3 
141 53 973 370 3 
141 54 955 379 3 
138 61 946 383 3 
136 55 951 382 3 
143 54 935 372 3 
142 56 934 374 3 
133 56 939 377 3 
126 56 918 371 3 
139 58 924 357 3 
139 54 923 359 3 
145 54 914 359 3 
145 52 933 377 3 
145 52 934 373 3 
146 54 934 379 3 
144 51 942 382 3 
150 50 945 381 3 
148 43 926 389 3 
144 46 917 404 3 
142 46 941 415 3 
136 42 931 415 3 
144 50 911 398 3 
137 50 900 395 3 
133 48 913 382 3 
132 43 900 391 3 
130 44 885 376 3 
129 45 892 367 3 
129 44 880 360 3 
123 44 910 357 3 
122 41 910 360 3 
128 42 909 355 3 
130 40 914 340 3 
