1 0 0 0 0 
1 0 0 2 0 
1 0 0 2 0 
1 1 0 2 0 
1 1 1 2 0 
1 1 2 1 0 
2 1 3 1 0 
3 1 3 0 0 
3 1 4 0 0 
3 1 4 0 0 
3 1 4 0 0 
4 3 4 0 0 
6 3 4 0 0 
8 3 5 1 0 
8 3 6 2 0 
6 6 5 3 0 
6 7 5 4 0 
7 7 4 5 0 
8 8 3 5 0 
9 7 3 5 0 
6 8 3 7 0 
6 9 2 6 0 
5 8 3 5 0 
6 8 3 5 0 
7 9 2 7 0 
9 11 4 6 0 
10 12 4 6 0 
10 15 4 8 0 
10 16 5 8 0 
11 17 5 9 0 
10 19 5 11 0 
12 20 5 11 0 
12 21 6 10 0 
11 23 5 8 0 
13 20 5 12 0 
11 24 6 12 0 
11 20 6 14 0 
13 22 5 15 0 
15 24 7 15 0 
15 25 8 13 0 
16 25 9 13 0 
14 26 6 11 0 
9 27 8 10 2 
12 26 8 11 0 
14 26 10 9 0 
16 24 11 11 0 
17 25 12 12 0 
14 24 13 13 0 
15 26 13 15 0 
16 26 9 14 0 
16 31 8 14 0 
17 30 8 17 0 
17 30 8 20 0 
16 31 9 21 0 
17 32 8 23 0 
15 36 5 26 0 
14 38 6 27 0 
10 39 6 25 0 
13 38 8 26 0 
11 40 8 30 0 
13 43 6 28 0 
12 43 8 30 0 
12 44 10 33 0 
13 44 10 33 0 
17 44 10 30 0 
18 41 11 25 0 
15 38 10 25 0 
16 44 10 26 0 
17 47 10 27 0 
18 47 10 30 0 
20 48 12 34 0 
18 48 12 35 0 
19 48 10 31 0 
18 50 11 30 0 
16 50 11 30 0 
18 49 10 30 0 
13 48 11 34 0 
13 50 12 35 0 
12 51 13 37 0 
14 53 11 38 0 
14 50 15 41 0 
17 54 16 41 0 
15 52 17 44 0 
12 54 19 49 0 
11 52 22 55 0 
10 49 20 63 0 
11 52 20 60 0 
11 50 21 64 0 
12 47 22 72 0 
12 46 24 68 0 
10 52 24 72 0 
10 56 22 79 0 
11 57 20 84 0 
10 52 19 87 4 
10 55 19 82 0 
11 54 17 90 4 
11 58 15 84 0 
12 64 14 92 0 
13 66 14 99 0 
12 66 15 107 4 
13 64 16 102 4 
12 67 14 104 4 
15 67 13 108 4 
15 72 13 117 4 
19 74 12 118 4 
19 78 12 121 4 
21 83 14 127 4 
21 87 12 132 4 
20 92 13 140 4 
18 85 17 144 4 
21 86 21 147 4 
22 89 20 140 4 
20 82 21 139 4 
19 90 20 139 4 
21 89 22 143 4 
20 91 23 148 4 
19 90 25 148 4 
19 87 25 145 4 
18 89 29 155 4 
20 90 35 162 4 
19 89 36 171 4 
20 89 41 179 4 
16 87 40 178 4 
17 87 41 181 4 
16 84 44 180 4 
18 85 44 180 4 
18 85 43 188 4 
18 89 50 197 4 
22 85 47 211 4 
23 84 51 218 4 
21 82 52 224 4 
20 82 57 211 4 
21 79 66 210 4 
25 83 71 212 4 
24 83 74 217 4 
28 85 78 220 4 
29 78 87 219 4 
26 81 87 225 4 
27 82 88 231 4 
26 81 85 232 4 
24 79 84 238 4 
24 80 80 247 4 
23 79 85 246 4 
23 76 75 240 4 
24 77 77 244 4 
24 77 78 238 4 
28 72 80 240 4 
28 73 87 244 4 
29 77 86 245 4 
29 84 89 252 4 
27 82 86 264 4 
24 78 77 271 4 
31 84 80 274 4 
34 87 82 296 4 
38 81 86 304 4 
43 79 91 303 4 
44 86 93 317 4 
42 95 91 317 4 
43 85 94 330 4 
41 85 96 336 4 
45 89 94 340 4 
48 89 104 338 4 
48 82 110 356 4 
43 83 118 358 4 
44 86 126 361 4 
40 84 125 367 4 
43 87 127 371 4 
44 87 130 366 4 
46 87 133 368 4 
48 90 143 378 4 
46 88 132 389 4 
48 83 137 386 4 
47 81 136 397 4 
52 85 139 399 4 
48 85 133 395 4 
50 88 130 401 4 
56 95 128 404 4 
59 98 131 402 4 
56 100 133 413 4 
54 100 140 426 4 
50 107 151 432 4 
54 106 155 431 4 
55 106 157 441 4 
60 109 156 439 4 
57 114 161 453 4 
59 113 161 450 4 
61 106 164 435 4 
60 102 167 451 4 
58 103 170 458 4 
55 97 173 462 4 
54 104 173 488 4 
51 103 178 489 4 
45 107 176 500 4 
44 105 186 507 4 
41 105 187 492 4 
40 98 179 504 4 
42 98 180 500 4 
43 102 179 517 4 
47 103 172 509 4 
46 107 179 524 4 
46 104 174 526 4 
45 113 183 547 4 
46 120 178 552 4 
44 120 176 541 4 
43 129 177 556 4 
45 128 180 578 4 
54 130 190 584 4 
54 125 184 594 4 
52 123 182 590 4 
49 124 182 593 4 
53 128 185 604 4 
54 134 190 613 4 
64 133 195 622 4 
69 133 190 626 4 
64 134 191 632 4 
69 139 195 638 4 
69 143 198 650 4 
72 140 197 679 4 
85 142 194 700 4 
85 146 189 693 4 
85 145 200 687 4 
82 145 210 693 4 
78 142 217 695 4 
77 138 215 699 4 
79 141 214 697 4 
85 155 216 700 4 
84 155 214 706 4 
79 156 209 710 4 
73 156 215 715 4 
77 159 220 698 4 
75 156 221 690 4 
72 156 233 699 4 
71 152 232 719 4 
69 152 238 730 4 
70 154 229 733 4 
70 152 234 727 4 
71 160 232 731 4 
68 161 226 734 4 
75 163 227 750 4 
75 158 238 742 4 
74 156 248 745 4 
80 162 258 749 4 
80 162 265 758 4 
84 150 264 753 4 
78 154 264 777 4 
84 160 252 765 4 
84 159 256 747 4 
86 151 260 741 4 
86 154 269 747 4 
92 163 266 754 4 
97 168 278 755 4 
92 165 286 772 4 
95 167 283 798 4 
92 158 296 807 4 
97 169 302 824 4 
94 163 309 827 4 
92 168 318 802 4 
94 160 328 817 4 
96 154 324 811 4 
96 156 315 802 4 
99 162 312 799 4 
92 160 301 806 4 
87 157 294 789 4 
87 152 299 813 4 
88 146 292 800 4 
92 152 296 793 4 
92 152 293 799 4 
93 151 293 810 4 
91 151 291 798 4 
89 149 298 783 4 
87 141 301 804 4 
85 136 309 805 4 
87 135 300 805 4 
91 142 290 799 4 
92 141 305 818 4 
91 138 301 821 4 
89 142 297 857 4 
89 143 297 839 4 
91 147 301 831 4 
86 142 299 840 4 
93 141 295 851 4 
96 142 296 869 4 
96 143 288 862 4 
95 142 293 855 4 
95 136 292 858 4 
91 127 308 863 4 
94 124 315 857 4 
93 127 318 835 4 
98 129 318 840 4 
100 127 316 851 4 
96 129 326 857 4 
94 122 328 848 4 
93 126 323 855 4 
103 129 336 852 4 
98 131 339 866 4 
98 129 351 852 4 
98 121 350 856 4 
96 130 362 877 4 
101 126 379 872 4 
102 137 402 881 4 
102 139 401 895 4 
103 143 410 896 4 
103 141 420 905 4 
103 129 411 898 4 
101 131 413 897 4 
102 129 416 899 4 
106 122 419 899 4 
104 125 419 883 4 
103 120 407 862 4 
102 124 412 863 4 
114 116 398 858 4 
106 118 394 873 4 
104 121 407 877 4 
95 119 401 885 4 
93 118 412 896 4 
102 115 415 891 4 
102 110 401 898 4 
105 109 412 885 4 
105 108 406 872 4 
108 103 405 858 4 
121 99 405 855 4 
126 99 420 853 4 
127 95 427 829 4 
126 88 442 853 4 
126 79 456 854 4 
131 81 445 843 4 
138 80 448 833 4 
146 80 453 820 4 
140 78 455 822 4 
141 80 462 794 4 
144 81 456 805 4 
150 88 468 780 4 
149 92 477 769 4 
148 97 467 784 4 
148 96 483 782 4 
148 99 486 772 4 
152 101 462 761 4 
149 101 461 784 4 
153 110 455 800 4 
152 113 444 805 4 
150 109 459 810 4 
145 107 455 815 4 
153 115 454 805 4 
153 109 455 814 4 
154 106 472 802 4 
153 99 490 790 4 
159 101 496 792 4 
152 103 513 802 4 
159 102 540 793 4 
159 101 535 806 4 
161 99 528 792 4 
163 98 525 784 4 
162 93 540 782 4 
163 96 529 777 4 
159 92 529 795 4 
159 91 507 820 4 
151 99 513 827 4 
152 102 513 806 4 
155 100 531 767 4 
148 103 527 752 4 
150 114 535 742 4 
149 112 539 740 4 
153 113 539 746 4 
150 100 527 750 4 
146 107 524 760 4 
149 104 525 744 4 
140 107 542 757 4 
139 108 538 772 4 
127 104 547 775 4 
128 107 557 760 4 
125 106 550 756 4 
128 113 561 743 4 
122 116 571 763 4 
123 118 586 754 4 
126 119 585 734 4 
124 123 589 732 4 
131 126 587 752 4 
130 117 604 744 4 
131 115 622 755 4 
137 113 618 749 4 
135 111 617 718 4 
132 117 627 738 4 
135 124 617 728 4 
135 123 608 728 4 
135 123 616 713 4 
144 121 604 734 4 
145 121 603 739 4 
143 119 617 735 4 
138 115 620 718 4 
139 115 610 710 4 
138 116 631 703 0 
141 113 619 706 0 
149 114 610 698 0 
145 117 620 714 0 
151 114 635 713 0 
160 108 640 720 0 
160 113 649 729 0 
160 119 663 739 0 
155 114 666 717 0 
156 117 667 729 0 
157 116 676 728 0 
159 114 679 715 0 
172 118 665 715 0 
166 119 670 691 0 
164 122 676 710 0 
161 127 687 707 0 
165 118 676 697 0 
166 110 680 687 0 
164 110 677 689 0 
163 117 652 699 0 
162 107 651 720 0 
147 102 667 724 0 
144 106 664 735 0 
149 113 669 711 0 
155 104 676 717 0 
165 105 676 745 0 
148 108 663 744 0 
159 110 678 742 0 
154 113 680 707 0 
154 120 676 717 0 
160 118 691 714 0 
158 112 706 723 0 
166 120 690 731 0 
164 130 698 718 0 
168 124 718 714 0 
174 122 718 727 0 
172 119 719 727 0 
172 112 712 727 0 
165 106 713 723 0 
160 104 716 729 0 
165 103 714 709 0 
168 97 704 709 0 
162 102 701 690 0 
167 96 704 701 0 
154 95 699 691 0 
148 95 710 677 0 
163 94 717 674 0 
162 92 707 673 0 
164 87 698 669 0 
166 85 681 662 0 
177 78 669 661 0 
173 75 672 665 0 
168 79 671 667 0 
168 80 667 682 0 
163 74 684 686 0 
159 82 694 669 0 
157 84 683 671 0 
161 83 686 672 0 
163 90 692 674 0 
160 90 706 653 0 
149 85 697 656 0 
152 85 696 669 0 
153 86 692 670 0 
164 85 708 666 0 
163 82 693 674 0 
155 79 697 665 0 
157 80 699 651 0 
151 79 701 635 0 
155 82 703 626 0 
164 82 704 615 0 
166 85 710 608 3 
169 84 708 627 0 
179 86 710 630 0 
185 88 701 620 0 
184 93 696 609 0 
184 89 693 601 0 
186 86 689 602 0 
186 82 695 611 0 
194 86 693 619 0 
195 85 682 626 0 
206 84 669 629 0 
202 88 655 634 0 
200 91 676 632 0 
196 93 678 618 0 
184 91 689 624 0 
176 87 694 626 0 
173 91 690 629 0 
181 91 696 630 0 
187 86 707 634 0 
192 86 710 620 0 
191 87 720 598 3 
184 88 712 588 3 
186 84 703 585 3 
171 85 694 592 3 
178 80 680 602 0 
186 85 686 619 0 
184 80 679 617 0 
185 76 683 607 0 
183 82 700 614 0 
182 83 706 593 3 
181 73 706 583 3 
179 78 712 600 3 
174 75 727 593 3 
173 74 713 607 3 
177 72 714 630 0 
171 65 731 613 3 
163 59 742 610 3 
161 57 738 611 3 
167 58 747 614 3 
158 57 733 629 3 
151 61 731 631 3 
152 58 728 633 0 
157 59 736 642 0 
149 59 725 643 0 
139 58 729 657 0 
138 62 739 654 0 
135 61 746 649 3 
142 64 727 641 0 
146 61 710 648 0 
137 57 701 653 0 
127 58 688 637 0 
119 59 679 652 0 
116 61 683 658 0 
118 58 686 670 0 
127 60 665 669 0 
131 66 656 674 0 
138 68 649 676 0 
138 77 660 667 0 
141 71 642 643 0 
138 73 664 636 0 
132 66 668 639 0 
134 69 661 633 0 
137 73 682 647 0 
135 75 678 645 0 
128 78 664 650 0 
125 79 670 646 0 
131 79 690 657 0 
124 76 674 645 0 
121 71 663 658 0 
120 69 683 667 0 
119 68 684 671 0 
113 66 672 672 0 
119 67 663 669 0 
116 63 684 682 0 
110 66 673 678 0 
114 65 689 671 0 
108 67 695 679 0 
105 62 677 689 0 
102 67 682 682 0 
101 72 671 692 0 
102 73 690 674 0 
100 73 678 668 0 
97 77 669 670 0 
101 70 668 675 0 
102 69 680 669 0 
102 69 695 660 0 
98 72 709 662 0 
103 72 711 667 0 
100 69 708 651 0 
108 68 723 665 0 
114 70 728 631 3 
116 75 727 638 0 
111 72 726 641 0 
112 73 752 629 3 
113 73 745 621 3 
106 77 754 628 3 
103 75 738 642 3 
106 71 765 637 3 
105 69 768 633 3 
108 63 761 656 3 
112 69 761 670 0 
116 70 777 673 3 
118 78 775 655 3 
121 80 782 664 3 
126 79 771 671 3 
121 87 772 657 3 
127 87 769 654 3 
128 84 768 646 3 
122 85 758 633 3 
119 84 744 635 3 
123 84 727 647 0 
120 84 740 638 3 
118 84 735 641 0 
124 83 718 644 0 
123 89 732 656 0 
128 90 736 648 0 
135 88 721 645 0 
132 83 700 666 0 
136 84 713 647 0 
136 87 713 644 0 
131 88 735 643 0 
128 86 725 632 0 
132 84 725 626 3 
126 81 743 634 3 
134 81 734 628 3 
142 87 757 626 3 
143 86 751 633 3 
139 83 732 626 3 
141 85 746 616 3 
143 84 751 618 3 
132 79 763 625 3 
127 80 763 621 3 
123 75 778 611 3 
120 70 775 623 3 
113 67 770 600 3 
105 66 777 610 3 
100 63 797 626 3 
101 61 790 638 3 
104 62 795 651 3 
98 63 796 641 3 
100 60 788 648 3 
97 59 800 644 3 
99 56 811 651 3 
98 51 806 636 3 
94 49 797 619 3 
94 50 785 628 3 
89 52 775 624 3 
86 53 771 621 3 
80 50 754 610 3 
79 46 760 596 3 
84 51 759 590 3 
86 53 741 589 3 
90 58 754 591 3 
93 58 767 601 3 
90 58 763 611 3 
94 59 789 611 3 
94 60 792 613 3 
99 58 794 625 3 
88 57 801 624 3 
93 58 806 621 3 
90 59 802 616 3 
95 57 804 614 3 
94 59 774 624 3 
89 63 791 625 3 
93 62 764 627 3 
93 59 771 623 3 
92 52 776 644 3 
95 57 784 657 3 
93 59 791 651 3 
92 54 769 652 3 
89 55 778 654 3 
94 48 789 658 3 
94 51 790 643 3 
94 50 790 626 3 
89 49 779 631 3 
94 48 771 625 3 
96 45 773 622 3 
91 47 783 627 3 
92 51 785 643 3 
94 48 799 637 3 
92 48 798 643 3 
90 48 804 642 3 
93 47 804 638 3 
90 47 800 634 3 
89 45 783 624 3 
90 49 805 625 3 
83 47 809 614 3 
78 49 794 607 3 
79 52 796 607 3 
82 50 799 599 3 
89 51 799 619 3 
96 53 799 609 3 
93 55 816 592 3 
90 59 832 586 3 
91 61 819 594 3 
89 67 827 605 3 
85 71 807 601 3 
84 74 817 598 3 
86 74 821 606 3 
80 71 815 593 3 
82 69 822 605 3 
83 70 837 600 3 
83 72 864 586 3 
81 72 868 570 3 
79 72 868 567 3 
77 67 868 559 3 
79 70 874 557 3 
82 73 851 543 3 
86 70 826 553 3 
90 69 832 560 3 
89 71 813 553 3 
89 79 810 571 3 
90 79 819 569 3 
93 75 845 564 3 
85 80 840 570 3 
82 83 850 571 3 
81 72 835 565 3 
80 66 812 547 3 
79 62 827 551 3 
80 64 807 556 3 
78 63 819 557 3 
72 61 815 557 3 
69 61 802 561 3 
75 58 828 576 3 
75 57 832 571 3 
79 53 844 561 3 
82 50 841 562 3 
83 52 821 544 3 
76 52 843 535 3 
74 54 842 540 3 
76 52 855 539 3 
73 52 856 542 3 
72 51 853 549 3 
83 51 855 544 3 
84 57 875 546 3 
89 60 863 547 3 
96 60 849 532 3 
87 57 854 528 3 
89 61 879 509 3 
92 65 905 508 3 
96 65 896 511 3 
96 69 896 523 3 
92 73 917 527 3 
92 73 930 513 3 
98 75 915 503 3 
98 78 930 495 3 
91 84 945 494 3 
95 81 954 494 3 
91 78 939 482 3 
87 81 938 490 3 
94 78 970 477 3 
95 74 943 480 3 
96 74 948 485 3 
98 78 950 488 3 
99 76 937 483 3 
112 75 947 495 3 
113 80 939 497 3 
105 82 944 499 3 
105 77 937 491 3 
101 79 948 497 3 
100 77 923 494 3 
98 74 910 503 3 
100 72 901 506 3 
102 70 909 495 3 
111 71 909 498 3 
120 73 897 503 3 
122 72 907 499 3 
124 76 893 511 3 
128 79 872 519 3 
130 77 858 517 3 
135 74 860 520 3 
132 75 874 520 3 
134 74 900 508 3 
133 76 898 514 3 
137 74 909 501 3 
132 73 917 510 3 
133 71 932 513 3 
135 69 953 504 3 
144 73 960 506 3 
139 71 932 503 3 
130 75 920 496 3 
141 75 907 499 3 
139 73 881 503 3 
141 72 902 492 3 
144 72 881 486 3 
149 68 896 488 3 
144 54 889 491 3 
138 52 888 481 3 
135 52 873 481 3 
139 55 859 488 3 
135 58 867 490 3 
143 56 886 466 3 
144 50 877 472 3 
136 51 859 470 3 
137 54 853 456 3 
133 59 853 437 3 
137 63 866 440 3 
145 68 881 443 3 
145 69 912 438 3 
142 72 906 443 3 
144 68 893 445 3 
137 62 910 450 3 
142 62 914 457 3 
143 59 924 458 3 
146 54 913 461 3 
141 55 903 465 3 
146 56 913 476 3 
139 53 904 468 3 
135 56 908 466 3 
136 58 906 478 3 
143 64 899 468 3 
141 69 886 486 3 
133 64 873 474 3 
131 58 893 478 3 
132 56 894 493 3 
129 58 892 496 3 
123 59 911 496 3 
127 52 928 501 3 
130 53 923 494 3 
137 59 926 472 3 
139 62 911 455 3 
137 63 947 451 3 
134 59 947 451 3 
135 56 956 438 3 
128 54 941 434 3 
129 63 939 438 3 
120 61 916 458 3 
113 58 929 468 3 
115 58 926 451 3 
111 61 942 464 3 
113 60 934 462 3 
115 61 949 467 3 
114 58 967 478 3 
111 62 950 480 3 
122 63 967 468 3 
123 64 963 449 3 
115 66 949 445 3 
107 67 946 448 3 
106 73 963 436 3 
99 69 955 441 3 
95 71 913 456 3 
100 70 926 467 3 
101 62 932 457 3 
104 57 906 465 3 
104 56 932 459 3 
116 61 933 466 3 
118 57 943 456 3 
119 59 933 450 3 
117 59 933 443 3 
113 62 933 445 3 
111 64 937 442 3 
107 64 941 443 3 
102 64 957 449 3 
111 65 968 449 3 
111 61 982 441 3 
112 54 978 442 3 
111 50 975 436 3 
116 49 967 442 3 
119 50 947 441 3 
116 51 947 450 3 
114 50 944 456 3 
117 53 930 445 3 
121 51 919 438 3 
122 51 902 429 3 
118 55 918 429 3 
115 55 934 441 3 
112 58 924 449 3 
115 60 951 442 3 
118 61 949 446 3 
114 59 946 458 3 
114 57 932 470 3 
118 54 933 456 3 
119 57 929 463 3 
121 62 932 468 3 
122 56 921 458 3 
116 48 935 450 3 
123 47 951 448 3 
130 49 957 436 3 
134 45 973 436 3 
131 47 966 432 3 
125 44 985 426 3 
126 43 989 427 3 
126 39 993 426 3 
125 42 987 414 3 
132 42 1002 408 3 
126 45 990 407 3 
129 47 994 398 3 
121 45 993 413 3 
125 43 993 418 3 
126 43 999 419 3 
120 43 1014 397 3 
117 45 1032 410 3 
121 45 1048 425 3 
123 47 1049 431 3 
126 48 1054 409 3 
128 49 1048 412 3 
133 46 1041 418 3 
138 52 1042 412 3 
130 48 1038 413 3 
125 44 1029 409 3 
119 45 1048 403 3 
122 48 1028 403 3 
124 55 1003 391 3 
116 57 1026 391 3 
124 54 1027 388 3 
124 50 1018 376 3 
121 54 1030 370 3 
121 54 1016 360 3 
123 57 1016 361 3 
113 59 1018 368 3 
115 53 1004 369 3 
115 54 1030 358 3 
108 53 1024 354 3 
101 57 1024 347 3 
100 58 1035 343 3 
100 66 1036 345 3 
102 58 1040 339 3 
96 63 1059 353 3 
97 66 1040 363 3 
98 63 1051 351 3 
99 65 1058 347 3 
94 67 1064 333 3 
93 73 1068 337 3 
86 66 1059 334 3 
85 68 1041 345 3 
87 68 1038 338 3 
86 68 1048 350 3 
91 65 1047 345 3 
97 69 1038 344 3 
88 69 1058 349 3 
93 66 1054 357 3 
91 71 1042 364 3 
94 72 1010 356 3 
99 70 1004 341 3 
94 66 1010 354 3 
96 64 1037 357 3 
92 66 1045 340 3 
93 67 1064 342 3 
98 67 1077 328 3 
99 63 1093 318 3 
96 62 1067 318 3 
94 63 1072 328 3 
97 59 1077 320 3 
90 54 1076 320 3 
83 48 1058 310 3 
80 47 1063 321 3 
74 47 1102 319 3 
70 43 1111 318 3 
76 42 1135 306 3 
74 45 1150 311 3 
74 45 1141 301 3 
69 49 1148 304 3 
73 49 1182 316 3 
68 50 1160 317 3 
74 49 1176 316 3 
80 48 1188 298 3 
79 44 1163 312 3 
80 47 1165 310 3 
82 45 1156 302 3 
84 40 1166 296 3 
85 41 1173 305 3 
85 42 1172 310 3 
88 40 1163 323 3 
87 44 1175 321 3 
87 40 1172 327 3 
92 41 1144 318 3 
85 45 1168 326 3 
85 44 1158 329 3 
85 42 1137 328 3 
88 43 1138 326 3 
87 45 1139 327 3 
84 48 1142 324 3 
84 50 1125 333 3 
75 50 1131 329 3 
76 52 1141 335 3 
76 48 1141 344 3 
77 46 1133 340 3 
72 45 1131 354 3 
77 46 1140 363 3 
75 52 1121 362 3 
74 60 1092 366 3 
72 58 1103 365 3 
71 60 1122 348 3 
72 52 1125 345 3 
66 50 1124 347 3 
60 51 1118 338 3 
62 54 1119 346 3 
60 58 1127 356 3 
56 55 1122 363 3 
53 55 1111 361 3 
51 55 1139 359 3 
56 58 1122 372 3 
59 56 1130 386 3 
60 62 1112 400 3 
61 63 1132 380 3 
62 61 1120 381 3 
66 60 1134 379 3 
72 61 1116 381 3 
71 60 1110 386 3 
72 60 1120 382 3 
74 60 1106 376 3 
74 66 1156 365 3 
72 65 1164 353 3 
72 65 1164 347 3 
72 64 1170 345 3 
75 61 1144 345 3 
73 62 1118 348 3 
76 62 1109 341 3 
75 63 1107 345 3 
76 61 1117 338 3 
72 63 1119 339 3 
71 61 1135 336 3 
78 62 1126 339 3 
85 62 1139 337 3 
88 57 1145 336 3 
92 58 1150 343 3 
96 50 1150 334 3 
98 54 1136 323 3 
98 50 1127 330 3 
85 46 1135 319 3 
80 50 1133 313 3 
76 51 1122 306 3 
78 49 1128 316 3 
73 49 1106 332 3 
76 45 1088 339 3 
77 42 1096 339 3 
81 38 1111 336 3 
83 40 1102 331 3 
79 41 1099 334 3 
76 42 1102 335 3 
80 42 1103 350 3 
78 40 1102 350 3 
82 41 1094 348 3 
83 40 1122 335 3 
89 41 1111 338 3 
87 37 1118 357 3 
87 39 1105 343 3 
80 40 1095 345 3 
82 45 1062 337 3 
81 47 1064 333 3 
