0 0 0 1 0 
1 0 0 1 0 
1 0 1 2 0 
1 1 1 2 0 
4 1 1 2 0 
4 2 1 2 0 
4 2 2 2 0 
4 2 3 4 0 
4 2 3 4 0 
4 2 3 5 0 
5 3 4 6 0 
5 3 3 7 0 
5 4 3 8 0 
5 5 4 8 0 
7 8 4 9 0 
9 8 2 8 0 
11 8 2 8 0 
10 6 1 8 0 
12 6 1 9 0 
13 8 2 9 0 
13 7 1 8 0 
14 8 2 8 0 
15 8 2 10 0 
16 8 2 10 0 
12 7 3 13 0 
11 8 3 12 0 
11 9 2 14 0 
11 7 2 16 0 
11 5 1 21 0 
11 6 2 25 0 
14 6 1 25 0 
15 6 2 21 0 
16 7 2 21 0 
17 8 2 21 0 
18 8 3 23 0 
19 6 5 23 0 
17 7 7 21 0 
18 6 6 24 0 
19 6 7 26 0 
21 6 5 27 0 
22 7 5 22 0 
21 5 5 23 0 
22 4 5 22 0 
21 3 7 20 0 
19 2 9 20 0 
20 2 10 18 0 
18 3 14 18 0 
20 3 12 17 0 
23 3 13 19 0 
27 3 14 21 0 
28 3 13 21 0 
27 3 14 26 0 
25 4 16 30 0 
24 3 16 28 0 
26 2 15 28 0 
26 2 13 25 0 
23 2 14 30 0 
24 3 15 30 0 
24 3 20 28 0 
28 3 21 28 0 
28 4 21 29 0 
26 3 20 30 0 
25 3 20 31 0 
26 4 20 32 0 
25 4 24 35 0 
23 5 28 34 0 
24 8 25 40 0 
22 9 26 38 0 
21 11 27 36 0 
23 14 31 35 0 
23 14 29 35 0 
27 14 32 37 0 
27 14 32 37 0 
25 16 37 41 0 
24 18 35 42 0 
23 16 38 46 0 
26 17 38 47 0 
31 17 39 41 0 
32 17 36 43 0 
28 15 37 42 0 
31 14 36 40 0 
31 16 35 40 0 
29 15 34 39 0 
32 16 33 39 0 
31 19 32 40 0 
30 20 34 40 0 
35 17 36 38 0 
36 17 38 39 0 
39 20 35 43 0 
46 17 34 43 0 
46 17 32 45 0 
53 18 34 44 0 
57 21 29 50 0 
57 23 33 58 0 
58 24 38 58 0 
57 26 38 59 0 
59 24 39 60 0 
60 23 40 61 0 
62 23 41 64 0 
66 25 47 71 0 
69 26 52 77 0 
61 27 55 79 0 
64 25 55 81 0 
65 24 56 78 0 
64 27 60 77 0 
63 26 60 83 0 
65 26 62 91 0 
64 26 71 87 0 
70 24 71 89 0 
72 25 68 91 0 
73 25 69 99 0 
70 26 71 95 0 
72 27 75 96 0 
76 26 78 106 0 
77 25 81 115 0 
86 26 88 121 0 
92 26 94 129 0 
94 23 97 131 0 
96 27 94 137 4 
96 27 98 139 4 
97 29 90 148 4 
100 28 95 149 4 
102 31 96 147 4 
103 33 102 149 4 
112 33 99 150 0 
116 34 106 149 0 
125 29 105 146 0 
132 34 105 150 0 
138 31 111 147 0 
144 33 104 151 0 
140 34 110 163 0 
132 36 115 162 0 
125 35 109 171 4 
116 36 122 175 4 
120 38 128 181 4 
127 38 128 176 4 
124 37 133 186 4 
126 38 140 197 4 
117 42 140 203 4 
118 45 142 209 4 
125 45 151 213 4 
133 43 150 214 4 
133 42 155 220 4 
119 43 153 227 4 
115 43 153 230 4 
112 46 160 236 4 
115 47 170 239 4 
114 55 170 239 4 
109 57 189 242 0 
114 55 194 257 4 
112 61 181 260 4 
105 64 183 261 4 
112 58 193 277 4 
109 64 203 261 4 
106 67 201 259 4 
112 70 197 272 4 
107 61 201 291 4 
107 66 196 297 4 
103 64 201 299 4 
104 68 216 308 4 
108 65 211 308 4 
118 70 211 306 4 
125 73 216 313 4 
126 70 207 317 4 
131 71 209 330 4 
131 74 217 325 4 
138 74 222 322 4 
145 72 222 324 4 
147 65 231 331 4 
157 76 249 338 4 
162 71 264 353 4 
159 67 275 350 4 
158 73 277 357 4 
162 75 283 364 4 
152 77 290 363 4 
150 76 291 369 4 
146 78 294 374 4 
148 79 302 367 0 
149 81 318 381 0 
155 83 318 398 4 
161 85 317 401 4 
156 81 315 400 4 
155 86 329 403 4 
157 87 318 419 4 
154 92 310 427 4 
156 97 310 440 4 
154 103 322 448 4 
153 100 317 437 4 
151 105 324 430 4 
153 104 342 440 4 
153 101 362 439 4 
148 97 362 438 4 
149 93 354 439 4 
149 80 351 435 4 
143 75 349 438 4 
143 79 350 448 4 
134 75 355 451 4 
129 76 366 461 4 
131 74 361 464 4 
128 73 362 482 4 
134 76 378 481 4 
137 71 377 475 4 
131 73 374 493 4 
137 79 377 495 4 
140 86 368 489 4 
137 84 373 505 4 
140 84 369 505 4 
143 92 372 508 4 
151 96 375 519 4 
145 105 372 520 4 
138 101 375 522 4 
137 101 387 513 4 
137 102 374 528 4 
142 104 377 518 4 
140 110 383 524 4 
142 108 384 537 4 
140 111 396 543 4 
143 105 408 532 4 
131 100 405 545 4 
130 92 404 561 4 
129 93 398 567 4 
128 102 390 583 4 
129 103 396 590 4 
127 102 383 596 4 
124 106 400 592 4 
121 103 399 579 4 
120 102 404 579 4 
125 102 427 593 4 
123 92 441 593 4 
119 97 454 608 4 
121 98 452 626 4 
125 98 448 639 4 
127 103 462 635 4 
122 108 472 638 4 
120 108 471 663 4 
120 110 461 652 4 
110 101 452 647 4 
112 92 452 649 4 
108 92 470 657 4 
111 94 470 651 4 
109 93 482 635 4 
115 97 474 623 4 
114 100 484 631 4 
109 102 491 625 4 
112 107 491 628 4 
109 107 495 632 4 
110 105 515 628 4 
115 109 512 636 4 
114 103 504 654 4 
105 108 501 670 4 
102 105 492 665 4 
97 103 493 656 4 
101 100 492 656 4 
103 90 498 661 4 
102 97 503 665 4 
103 100 525 669 4 
107 102 515 689 4 
110 98 510 677 4 
106 99 501 686 4 
107 105 500 690 4 
104 103 497 670 4 
106 97 493 668 4 
103 108 487 659 4 
113 112 485 665 4 
116 109 485 669 4 
116 106 487 666 4 
108 103 496 673 4 
106 101 518 673 4 
92 100 522 666 4 
100 99 521 683 4 
97 93 530 671 4 
92 94 533 670 4 
92 88 535 687 4 
87 95 550 683 4 
84 93 554 672 4 
87 94 545 687 4 
90 97 556 687 4 
92 89 567 697 4 
88 93 569 680 4 
88 97 583 679 4 
86 92 568 678 4 
82 86 564 693 4 
84 88 574 699 4 
85 93 578 705 4 
85 95 575 692 4 
85 90 593 697 4 
84 90 588 684 4 
87 93 588 682 4 
84 92 582 688 4 
91 92 578 687 4 
86 93 598 686 0 
86 91 581 695 4 
85 98 597 692 4 
86 97 599 686 0 
88 97 603 695 0 
85 97 622 687 0 
86 102 618 694 0 
86 101 627 693 0 
89 96 625 710 0 
97 91 644 715 0 
92 93 657 717 0 
88 86 659 721 0 
86 85 657 753 0 
85 91 658 745 0 
88 84 653 757 4 
89 85 677 729 0 
91 85 700 730 0 
98 82 689 733 0 
92 79 680 714 0 
96 81 679 699 0 
97 88 676 713 0 
97 89 679 713 0 
98 87 681 705 0 
102 85 678 708 0 
102 87 677 715 0 
104 86 692 705 0 
98 82 682 703 0 
96 81 673 694 0 
95 82 664 690 0 
88 88 659 696 0 
85 87 659 702 0 
86 93 646 713 0 
89 98 647 708 0 
91 104 650 701 0 
91 104 663 709 0 
94 104 673 715 0 
96 104 677 708 0 
95 105 660 713 0 
94 104 671 704 0 
84 107 682 694 0 
81 103 665 692 0 
83 108 679 709 0 
83 106 684 677 0 
87 106 675 672 0 
87 98 659 672 0 
82 96 644 678 0 
89 98 650 672 0 
89 93 649 690 0 
89 111 657 683 0 
89 115 664 675 0 
91 102 679 678 0 
86 96 686 688 0 
87 90 704 681 0 
89 83 715 695 0 
96 83 699 695 0 
99 86 704 686 0 
96 93 714 698 0 
95 95 715 687 0 
92 92 724 679 0 
90 96 726 680 0 
89 94 746 661 0 
92 98 749 663 0 
90 98 778 681 0 
100 99 786 681 3 
102 102 779 674 3 
90 102 795 668 3 
86 99 783 667 3 
92 95 776 675 3 
92 91 786 662 3 
94 84 769 654 3 
91 84 778 663 3 
94 80 761 653 3 
98 79 770 659 3 
95 80 773 646 3 
102 84 789 645 3 
103 83 799 648 3 
105 82 814 636 3 
102 80 801 642 3 
92 73 802 646 3 
85 74 807 652 3 
81 75 810 648 3 
84 80 819 652 3 
78 80 822 664 3 
78 87 836 647 3 
78 86 845 657 3 
75 87 847 660 3 
75 82 823 652 3 
77 76 844 675 3 
73 79 837 674 3 
81 79 827 655 3 
86 83 827 645 3 
83 81 845 616 3 
75 81 834 631 3 
78 81 819 634 3 
81 81 831 644 3 
80 77 824 635 3 
79 77 809 641 3 
84 75 798 629 3 
85 72 795 641 3 
81 75 804 630 3 
89 73 816 634 3 
89 76 820 617 3 
86 77 818 630 3 
88 74 832 600 3 
83 78 852 606 3 
85 77 843 588 3 
88 75 830 588 3 
100 77 818 591 3 
96 77 834 593 3 
98 77 834 601 3 
97 75 841 598 3 
96 70 827 601 3 
98 72 815 600 3 
87 72 811 599 3 
92 62 830 592 3 
99 59 831 581 3 
97 60 841 582 3 
96 55 826 584 3 
104 54 826 582 3 
102 54 857 578 3 
103 53 869 558 3 
102 52 866 566 3 
98 53 853 580 3 
100 60 855 579 3 
99 58 854 591 3 
110 52 851 572 3 
113 49 846 584 3 
118 52 858 586 3 
118 48 880 573 3 
118 46 865 573 3 
118 49 837 562 3 
116 51 839 561 3 
115 49 845 569 3 
117 52 838 584 3 
115 51 828 581 3 
115 54 824 584 3 
115 56 834 599 3 
111 60 824 595 3 
115 59 824 581 3 
114 58 838 586 3 
121 54 828 572 3 
123 55 797 579 3 
112 59 799 576 3 
113 61 802 570 3 
102 55 805 567 3 
101 58 829 556 3 
102 57 832 561 3 
106 58 837 561 3 
108 56 836 564 3 
102 55 837 558 3 
101 59 838 545 3 
100 66 853 539 3 
93 66 872 536 3 
98 69 858 552 3 
95 72 856 556 3 
93 67 858 576 3 
97 71 854 570 3 
97 72 868 569 3 
92 72 849 550 3 
92 69 864 545 3 
93 70 860 543 3 
92 67 858 535 3 
89 66 856 533 3 
92 61 836 533 3 
91 52 818 535 3 
88 50 829 529 3 
92 58 832 538 3 
100 50 845 532 3 
90 46 853 547 3 
94 50 859 535 3 
100 50 866 533 3 
101 53 862 531 3 
108 55 872 530 3 
109 57 875 524 3 
107 59 888 522 3 
118 57 898 506 3 
109 65 910 493 3 
106 64 899 505 3 
100 68 907 507 3 
93 68 895 532 3 
93 69 903 541 3 
89 70 886 538 3 
88 64 894 533 3 
91 63 891 531 3 
92 64 908 541 3 
92 69 911 546 3 
96 69 918 534 3 
97 68 914 530 3 
104 66 938 542 3 
105 63 936 538 3 
110 63 928 522 3 
109 62 930 530 3 
101 61 934 522 3 
100 60 944 516 3 
101 60 938 505 3 
103 64 926 516 3 
99 60 938 518 3 
105 58 931 527 3 
95 56 925 509 3 
92 50 948 520 3 
89 45 956 524 3 
86 45 980 511 3 
88 46 970 501 3 
80 53 965 496 3 
79 54 960 496 3 
85 52 958 494 3 
79 53 979 479 3 
85 51 978 485 3 
89 52 983 480 3 
88 47 979 485 3 
88 46 961 470 3 
91 43 965 473 3 
100 41 968 478 3 
102 40 975 470 3 
95 35 984 468 3 
99 29 990 462 3 
88 29 1012 456 3 
93 30 999 454 3 
92 28 1006 448 3 
95 26 1006 467 3 
92 28 1015 465 3 
92 24 1051 466 3 
93 23 1060 466 3 
93 27 1046 484 3 
92 27 1041 459 3 
98 31 1052 464 3 
100 31 1040 456 3 
102 29 1021 458 3 
101 30 991 461 3 
97 31 1000 470 3 
97 34 1005 476 3 
96 35 979 481 3 
85 37 974 485 3 
88 39 964 484 3 
85 39 958 483 3 
89 41 981 480 3 
83 43 976 486 3 
85 41 977 492 3 
84 35 989 501 3 
82 36 992 509 3 
80 33 995 492 3 
80 30 996 497 3 
82 30 983 500 3 
78 30 989 480 3 
88 29 990 475 3 
81 32 1007 480 3 
82 37 1001 478 3 
87 42 1001 477 3 
91 39 1000 478 3 
94 38 1001 489 3 
103 36 1011 496 3 
101 34 1012 492 3 
95 37 1002 502 3 
94 34 997 513 3 
98 33 983 516 3 
95 32 1006 491 3 
98 35 1002 502 3 
93 35 1014 513 3 
85 37 1020 508 3 
86 35 1012 499 3 
92 31 1038 494 3 
93 35 1024 490 3 
84 33 1025 491 3 
91 32 1047 483 3 
90 35 1075 482 3 
86 38 1076 465 3 
80 40 1071 472 3 
76 39 1073 455 3 
74 39 1078 452 3 
78 39 1066 443 3 
74 40 1053 442 3 
75 40 1056 447 3 
75 41 1045 440 3 
78 41 1036 429 3 
75 39 1019 446 3 
78 39 1021 443 3 
83 34 991 442 3 
77 39 997 443 3 
81 37 996 449 3 
91 34 975 452 3 
89 34 987 452 3 
84 31 977 446 3 
80 31 977 441 3 
84 29 988 437 3 
89 29 992 444 3 
85 31 1015 431 3 
81 30 1005 422 3 
79 28 1014 426 3 
73 26 1001 435 3 
75 25 1008 443 3 
64 25 1010 455 3 
66 25 1040 460 3 
71 24 1051 462 3 
68 23 1075 446 3 
67 22 1073 439 3 
69 24 1072 444 3 
73 26 1068 442 3 
74 24 1050 442 3 
75 22 1052 436 3 
69 22 1057 439 3 
77 21 1074 429 3 
79 21 1050 426 3 
81 22 1062 432 3 
80 20 1039 426 3 
83 22 1057 424 3 
79 23 1059 426 3 
82 22 1071 420 3 
83 23 1077 423 3 
78 26 1083 429 3 
74 26 1084 435 3 
72 26 1092 420 3 
80 27 1112 427 3 
78 28 1106 420 3 
71 29 1126 414 3 
76 28 1135 413 3 
72 25 1126 398 3 
74 25 1125 408 3 
69 23 1093 406 3 
67 26 1053 396 3 
69 28 1059 392 3 
70 28 1051 395 3 
76 26 1057 399 3 
76 25 1056 395 3 
78 25 1057 388 3 
79 24 1055 399 3 
78 25 1053 419 3 
79 25 1063 414 3 
79 22 1065 429 3 
83 20 1085 431 3 
83 21 1090 422 3 
79 22 1070 426 3 
81 24 1075 430 3 
81 24 1018 414 3 
74 28 1007 414 3 
72 29 1010 410 3 
78 33 1024 417 3 
80 34 1025 413 3 
91 36 1020 413 3 
91 37 1024 415 3 
93 35 1037 411 3 
92 31 1034 407 3 
90 30 1036 401 3 
88 31 1036 406 3 
86 30 1053 405 3 
85 30 1071 409 3 
80 31 1081 409 3 
77 30 1058 406 3 
72 29 1059 424 3 
72 29 1046 413 3 
70 29 1062 414 3 
74 26 1046 420 3 
77 26 1070 420 3 
75 27 1090 426 3 
79 27 1093 433 3 
84 29 1090 446 3 
82 29 1115 440 3 
85 29 1106 441 3 
86 26 1111 433 3 
77 26 1116 448 3 
74 24 1100 461 3 
79 22 1095 460 3 
86 19 1115 454 3 
84 19 1113 460 3 
89 17 1114 446 3 
88 18 1105 450 3 
91 18 1093 449 3 
92 16 1083 438 3 
87 16 1073 423 3 
85 16 1097 424 3 
95 17 1103 410 3 
96 22 1095 399 3 
95 23 1073 409 3 
93 24 1085 416 3 
91 25 1112 411 3 
94 25 1100 402 3 
94 27 1077 390 3 
94 26 1078 392 3 
93 27 1092 403 3 
99 25 1073 414 3 
102 23 1085 423 3 
102 22 1088 420 3 
107 26 1096 413 3 
108 26 1101 417 3 
111 25 1097 416 3 
106 23 1116 403 3 
102 22 1103 395 3 
97 22 1090 405 3 
101 25 1082 393 3 
98 23 1059 397 3 
94 24 1080 386 3 
99 26 1075 390 3 
101 24 1082 367 3 
103 26 1089 367 3 
105 27 1107 370 3 
98 30 1092 390 3 
98 27 1100 379 3 
91 25 1073 377 3 
92 27 1075 367 3 
93 28 1080 386 3 
94 29 1090 381 3 
97 28 1062 395 3 
99 26 1094 379 3 
106 25 1084 384 3 
103 23 1091 380 3 
97 26 1063 378 3 
98 26 1094 373 3 
100 20 1100 361 3 
94 23 1106 361 3 
95 20 1086 357 3 
92 24 1074 352 3 
95 24 1065 354 3 
97 23 1053 359 3 
107 23 1056 359 3 
106 24 1077 359 3 
106 25 1080 366 3 
107 25 1113 360 3 
107 25 1125 355 3 
108 27 1108 349 3 
110 28 1096 345 3 
116 28 1112 345 3 
114 30 1130 351 3 
120 29 1127 348 3 
122 26 1121 339 3 
122 26 1122 337 3 
118 28 1114 346 3 
113 32 1091 346 3 
117 31 1101 346 3 
114 31 1098 344 3 
116 32 1095 361 3 
106 37 1109 358 3 
112 35 1128 350 3 
104 38 1144 351 3 
102 39 1148 352 3 
101 37 1130 351 3 
102 33 1143 350 3 
105 33 1168 342 3 
100 33 1140 337 3 
91 36 1129 335 3 
88 35 1127 337 3 
92 35 1122 336 3 
95 35 1121 327 3 
95 34 1134 339 3 
91 38 1161 336 3 
89 38 1159 337 3 
89 36 1153 329 3 
93 34 1139 337 3 
90 29 1130 333 3 
93 32 1136 331 3 
93 35 1136 326 3 
97 33 1117 324 3 
91 35 1112 330 3 
97 32 1129 331 3 
97 30 1116 316 3 
95 31 1136 339 3 
87 29 1140 344 3 
85 30 1142 340 3 
81 29 1116 334 3 
82 29 1105 334 3 
90 27 1092 328 3 
97 24 1097 318 3 
94 26 1106 301 3 
92 28 1113 294 3 
89 28 1137 293 3 
94 28 1119 292 3 
99 28 1113 298 3 
94 25 1129 288 3 
93 25 1130 293 3 
99 21 1139 304 3 
101 20 1127 300 3 
91 20 1135 282 3 
96 22 1144 270 3 
91 22 1144 259 3 
95 20 1144 247 3 
100 19 1132 257 3 
107 18 1135 255 3 
110 18 1147 253 3 
109 18 1154 258 3 
106 17 1155 247 3 
106 15 1153 245 3 
106 17 1146 243 3 
105 18 1171 238 3 
104 18 1160 245 3 
106 16 1154 253 3 
107 16 1178 240 3 
110 14 1169 245 3 
107 12 1170 233 3 
111 10 1175 234 3 
114 12 1168 234 3 
103 12 1158 234 3 
104 14 1181 231 3 
105 15 1163 234 3 
104 16 1158 240 3 
98 16 1172 239 3 
98 18 1179 235 3 
97 18 1183 237 3 
94 18 1207 235 3 
98 20 1206 227 3 
97 18 1239 222 3 
108 19 1232 224 3 
117 21 1246 220 3 
119 22 1240 214 3 
118 19 1269 213 3 
126 19 1258 215 3 
123 16 1259 221 3 
121 16 1253 219 3 
120 20 1233 220 3 
114 21 1254 218 3 
118 18 1269 210 3 
123 18 1263 210 3 
126 15 1256 209 3 
132 13 1242 205 3 
138 14 1238 213 3 
129 13 1253 213 3 
132 11 1246 222 3 
135 11 1260 225 3 
140 14 1283 229 3 
138 16 1263 227 3 
134 14 1255 216 3 
133 14 1239 224 3 
123 15 1227 225 3 
119 16 1248 233 3 
129 19 1243 227 3 
125 21 1240 226 3 
133 19 1230 223 3 
134 18 1239 225 3 
137 15 1239 228 3 
134 14 1231 228 3 
137 12 1225 234 3 
148 13 1190 229 3 
154 13 1184 234 3 
152 13 1212 223 3 
160 13 1222 228 3 
162 12 1232 218 3 
167 14 1242 216 3 
169 16 1229 228 3 
176 17 1203 219 3 
169 18 1210 218 3 
156 20 1218 215 3 
157 20 1218 222 3 
163 19 1188 221 3 
166 18 1170 210 3 
165 20 1152 213 3 
153 20 1170 223 3 
153 17 1181 218 3 
147 18 1206 231 3 
148 20 1187 241 3 
149 17 1208 246 3 
144 19 1213 242 3 
153 18 1200 244 3 
155 19 1200 236 3 
147 21 1219 240 3 
148 25 1225 253 3 
148 24 1209 248 3 
144 20 1219 253 3 
148 19 1213 253 3 
148 18 1214 252 3 
142 19 1233 258 3 
138 20 1216 259 3 
143 18 1223 258 3 
146 20 1195 275 3 
145 25 1197 266 3 
141 22 1173 261 3 
144 22 1182 263 3 
140 18 1196 269 3 
143 19 1190 262 3 
132 17 1211 269 3 
130 16 1225 266 3 
120 15 1215 263 3 
114 14 1190 265 3 
124 17 1194 257 3 
126 18 1210 265 3 
118 21 1213 265 3 
116 21 1203 264 3 
119 20 1214 265 3 
121 20 1205 262 3 
117 20 1235 260 3 
120 22 1225 257 3 
118 24 1221 263 3 
117 20 1194 267 3 
115 21 1216 268 3 
129 21 1222 258 3 
133 23 1197 261 3 
128 22 1194 283 3 
126 23 1231 262 3 
139 23 1252 272 3 
136 25 1228 266 3 
140 29 1206 273 3 
141 28 1188 255 3 
143 27 1186 247 3 
134 25 1207 241 3 
134 25 1216 240 3 
136 24 1236 251 3 
133 26 1225 252 3 
140 25 1217 250 3 
132 23 1225 250 3 
133 23 1238 247 3 
131 23 1214 254 3 
138 23 1219 249 3 
143 24 1239 251 3 
144 24 1267 239 3 
151 22 1272 242 3 
147 20 1271 248 3 
141 19 1269 253 3 
146 20 1273 245 3 
145 18 1273 243 3 
161 20 1266 242 3 
164 20 1283 241 3 
160 18 1292 242 3 
157 19 1292 232 3 
148 17 1277 224 3 
136 18 1248 219 3 
137 19 1236 214 3 
142 19 1222 220 3 
139 14 1209 220 3 
140 14 1227 223 3 
143 18 1190 226 3 
145 18 1184 229 3 
143 17 1212 241 3 
144 21 1203 261 3 
143 21 1181 282 3 
142 22 1188 272 3 
137 25 1185 263 3 
132 25 1163 257 3 
137 21 1157 264 3 
140 22 1176 268 3 
151 26 1177 276 3 
154 23 1163 287 3 
152 23 1148 283 3 
156 25 1138 273 3 
151 24 1175 275 3 
155 23 1178 280 3 
152 23 1182 287 3 
152 21 1198 284 3 
158 20 1189 285 3 
155 19 1172 274 3 
151 17 1146 273 3 
144 19 1134 272 3 
142 20 1143 269 3 
144 22 1146 275 3 
151 22 1150 278 3 
154 21 1141 276 3 
158 20 1133 278 3 
168 19 1152 275 3 
163 20 1155 274 3 
162 23 1158 285 3 
155 22 1156 280 3 
158 24 1145 282 3 
153 22 1133 282 3 
151 26 1150 283 3 
155 27 1145 273 3 
153 28 1153 266 3 
167 34 1177 256 3 
169 33 1190 267 3 
156 34 1162 267 3 
155 33 1131 272 3 
161 34 1152 272 3 
164 37 1165 261 3 
160 35 1163 266 3 
156 37 1170 285 3 
161 38 1181 283 3 
156 38 1197 291 3 
153 33 1206 291 3 
158 31 1174 285 3 
152 29 1152 276 3 
150 29 1148 275 3 
147 33 1144 273 3 
151 33 1131 262 3 
151 32 1143 272 3 
148 33 1152 279 3 
151 34 1139 295 3 
151 34 1154 282 3 
137 34 1157 297 3 
133 37 1135 284 3 
138 41 1112 275 3 
144 45 1139 285 3 
145 37 1163 280 3 
150 36 1135 285 3 
145 39 1117 289 3 
149 38 1121 285 3 
139 38 1090 295 3 
140 37 1078 298 3 
139 35 1068 295 3 
137 33 1062 292 3 
135 34 1077 289 3 
133 29 1087 294 3 
129 33 1069 290 3 
124 32 1054 296 3 
121 32 1030 296 3 
121 30 1038 316 3 
116 31 1051 322 3 
114 30 1021 322 3 
112 23 1021 325 3 
112 25 1008 337 3 
119 26 1006 331 3 
123 28 1003 318 3 
128 30 1006 311 3 
125 28 1015 310 3 
118 27 1041 316 3 
116 28 1032 323 3 
122 27 1058 323 3 
120 28 1063 326 3 
128 32 1063 316 3 
125 34 1067 336 3 
124 39 1085 328 3 
130 37 1100 334 3 
134 38 1117 337 3 
134 36 1103 342 3 
127 39 1112 342 3 
128 42 1100 352 3 
120 43 1106 340 3 
