0 0 2 0 0 
1 0 3 0 0 
1 0 4 1 0 
2 0 3 1 0 
3 0 2 1 0 
3 0 3 2 0 
4 0 3 2 0 
4 1 3 2 0 
4 1 3 2 0 
5 3 4 2 0 
5 4 3 2 0 
5 6 4 1 0 
5 6 4 1 0 
5 8 4 1 0 
6 6 3 1 0 
6 7 5 2 0 
6 5 3 2 0 
7 5 3 3 0 
6 5 3 2 0 
5 5 3 2 0 
6 5 4 3 0 
6 6 5 3 0 
7 6 5 5 0 
7 6 6 6 0 
6 6 5 7 0 
7 3 6 7 0 
8 5 6 7 0 
8 6 8 7 0 
10 7 9 7 0 
9 6 9 8 0 
7 5 10 8 0 
10 5 9 9 0 
8 6 11 9 0 
11 5 11 9 0 
11 6 10 7 0 
12 5 12 8 0 
11 6 12 8 0 
12 7 11 8 0 
16 6 12 9 0 
17 7 12 7 0 
18 5 9 8 0 
16 4 6 9 0 
18 6 6 9 0 
18 8 8 11 0 
18 7 5 11 0 
20 7 5 12 0 
16 10 8 13 0 
14 10 10 15 0 
15 11 10 15 0 
14 10 9 13 0 
15 11 9 14 0 
16 9 9 13 0 
13 9 9 12 0 
14 11 9 12 0 
17 12 10 11 0 
17 11 11 11 0 
18 11 13 10 0 
11 9 10 12 0 
9 11 13 14 0 
10 11 11 16 0 
8 11 12 16 0 
11 9 13 18 0 
11 9 11 17 0 
10 12 12 14 0 
8 12 11 12 0 
10 17 13 11 0 
15 13 12 10 0 
16 14 10 12 0 
20 14 11 12 0 
22 14 10 12 0 
20 14 10 14 0 
20 18 12 12 0 
19 13 11 13 0 
19 14 12 14 0 
22 14 17 14 0 
23 14 17 17 0 
26 14 18 16 0 
25 14 22 17 0 
27 13 23 19 0 
31 12 26 20 0 
35 12 28 20 0 
44 11 29 22 0 
46 10 32 23 0 
47 12 31 25 0 
48 12 31 26 0 
44 11 32 30 0 
43 11 30 31 0 
42 9 31 33 0 
44 9 25 38 0 
47 10 21 35 0 
47 11 22 36 0 
42 12 22 40 0 
43 12 20 43 0 
40 12 21 50 0 
41 14 25 54 0 
40 15 27 51 0 
41 19 30 50 0 
40 18 35 51 0 
42 20 40 54 0 
40 24 46 53 0 
40 25 48 52 0 
39 24 47 54 0 
39 23 51 53 0 
40 26 47 59 0 
41 25 42 65 0 
43 24 43 72 4 
45 23 45 73 4 
44 24 52 78 0 
38 24 58 78 0 
38 24 58 77 0 
40 27 56 81 0 
44 27 54 86 4 
50 24 60 89 0 
56 25 57 98 4 
61 27 58 99 4 
57 28 53 105 4 
56 30 50 106 4 
53 34 50 98 4 
52 34 51 100 4 
51 33 49 104 4 
52 34 48 101 4 
54 30 48 106 4 
47 35 50 108 4 
44 36 51 110 4 
43 37 52 111 4 
41 35 54 117 4 
45 36 56 111 4 
40 32 55 116 4 
42 32 56 118 4 
41 36 61 120 4 
42 30 66 114 4 
44 30 70 119 4 
49 32 66 125 4 
55 36 67 130 4 
57 36 64 140 4 
59 43 64 139 4 
63 43 65 141 4 
61 40 63 141 4 
67 43 64 135 4 
68 42 67 136 4 
68 43 66 139 4 
65 43 68 137 4 
64 43 75 132 4 
58 42 80 139 4 
54 38 81 138 4 
48 40 80 134 4 
49 40 82 140 4 
52 36 84 151 4 
55 35 84 154 4 
58 34 78 156 4 
61 36 75 161 4 
63 39 82 167 4 
67 37 86 163 4 
66 41 88 165 4 
71 40 90 155 4 
72 45 98 162 4 
84 50 100 166 4 
81 50 104 174 4 
81 53 98 178 4 
75 56 92 182 4 
75 55 91 182 4 
76 65 94 190 4 
76 67 90 200 4 
70 63 87 214 4 
71 61 88 198 4 
72 62 93 201 4 
74 61 96 194 4 
78 71 100 208 4 
76 72 105 217 4 
76 75 103 220 4 
84 75 104 216 4 
84 76 103 219 4 
83 79 111 227 4 
87 71 118 239 4 
82 73 121 243 4 
84 75 118 237 4 
79 72 111 244 4 
79 64 108 235 4 
74 64 112 245 4 
75 60 110 252 4 
80 67 108 264 4 
76 67 111 263 4 
74 68 112 258 4 
78 71 110 256 4 
83 72 118 259 4 
84 69 121 269 4 
80 76 122 265 4 
82 75 121 271 4 
83 74 124 268 4 
83 79 130 275 4 
87 79 138 281 4 
85 75 135 288 4 
81 73 137 292 4 
76 72 142 307 4 
76 77 139 308 4 
67 72 142 305 4 
67 72 142 303 4 
69 73 138 304 4 
65 69 143 295 4 
69 64 137 311 4 
72 61 147 310 4 
77 62 152 321 4 
71 65 166 310 4 
77 64 161 306 4 
82 63 153 312 4 
84 59 159 328 4 
82 60 167 329 4 
88 60 161 317 4 
88 60 163 318 4 
90 54 171 315 4 
91 56 171 320 4 
93 55 175 331 4 
96 49 177 322 4 
94 48 181 330 4 
89 47 193 324 4 
99 47 203 331 4 
101 46 204 324 4 
106 44 216 314 4 
104 48 213 317 4 
113 48 216 299 4 
111 47 225 303 4 
106 46 228 310 4 
103 52 226 311 4 
101 53 218 317 4 
100 55 228 301 4 
106 57 227 301 4 
110 53 231 307 4 
110 58 225 302 4 
103 54 234 309 4 
98 59 238 307 4 
102 62 249 313 4 
112 60 251 330 4 
111 62 259 341 4 
115 62 261 340 4 
114 66 261 341 4 
123 68 263 344 4 
128 63 256 352 4 
127 63 267 343 4 
129 62 270 346 4 
130 60 266 348 4 
124 59 272 338 4 
124 61 269 354 4 
140 61 270 349 4 
140 62 275 357 4 
149 65 291 358 4 
157 67 294 369 4 
160 70 288 374 4 
156 74 293 382 4 
151 69 299 385 4 
148 75 297 374 4 
141 77 306 366 0 
135 70 309 376 0 
146 78 309 380 4 
142 77 312 382 4 
146 77 315 402 4 
155 84 317 379 0 
155 85 331 376 0 
149 80 331 370 0 
154 79 325 375 0 
153 79 328 375 0 
154 79 317 399 4 
154 82 315 402 4 
144 83 337 400 0 
142 84 347 389 0 
153 92 349 400 0 
152 84 353 411 0 
151 84 356 421 0 
154 89 379 429 0 
151 87 395 415 0 
160 86 391 412 0 
160 84 396 402 0 
171 89 412 407 0 
182 95 411 395 0 
190 94 420 402 0 
188 96 414 420 0 
187 89 415 417 0 
186 90 409 430 0 
180 89 411 429 0 
180 86 419 438 0 
178 83 413 434 0 
184 84 421 428 0 
191 86 427 436 0 
186 84 433 432 0 
186 81 435 446 0 
197 81 450 460 0 
205 87 452 463 0 
207 85 453 475 0 
209 90 443 479 0 
216 87 453 477 0 
216 92 460 471 0 
212 96 462 466 0 
207 92 460 476 0 
202 90 461 464 0 
202 94 468 463 0 
198 97 454 460 0 
202 98 457 472 0 
206 98 453 462 0 
207 106 443 450 0 
207 112 443 453 0 
209 113 452 458 0 
209 112 451 460 0 
210 112 462 461 0 
209 108 473 446 0 
209 111 492 449 0 
205 103 502 451 0 
198 105 488 453 0 
198 97 473 442 0 
207 97 473 453 0 
211 94 473 470 0 
211 90 483 480 0 
216 93 475 481 0 
223 91 491 484 0 
220 89 504 494 0 
221 86 513 489 0 
217 85 510 493 0 
209 76 526 493 0 
212 78 538 507 0 
207 78 536 518 0 
209 81 522 502 0 
211 77 540 495 0 
222 80 555 501 0 
220 79 565 505 0 
224 75 580 524 0 
213 75 571 535 0 
210 77 570 521 0 
213 82 565 511 0 
226 85 573 520 0 
220 86 571 529 0 
210 79 586 533 0 
217 78 595 528 0 
232 80 593 522 0 
231 78 578 526 0 
223 75 564 524 0 
232 73 594 517 0 
231 69 597 523 0 
234 79 604 514 3 
243 73 608 517 3 
232 71 620 518 3 
235 70 613 521 3 
230 71 598 516 0 
237 69 597 527 0 
233 66 595 538 0 
230 65 587 535 0 
227 66 609 542 0 
226 67 621 539 0 
218 66 629 567 0 
206 58 642 581 0 
205 65 639 589 0 
205 63 648 589 0 
211 61 652 596 0 
211 63 667 588 0 
209 60 663 590 0 
213 58 675 584 0 
217 57 692 577 3 
218 57 715 582 3 
202 60 699 592 3 
199 62 704 594 3 
198 61 711 592 3 
196 60 707 593 3 
197 61 713 599 3 
195 64 722 592 3 
197 61 734 597 3 
208 61 749 581 3 
217 58 725 595 3 
213 50 715 587 3 
206 51 713 571 3 
215 54 720 585 3 
201 56 716 585 3 
197 53 709 580 3 
190 55 712 590 3 
189 53 719 587 3 
190 54 724 607 3 
186 44 711 608 3 
194 41 714 609 3 
188 41 731 598 3 
184 45 749 585 3 
187 48 768 587 3 
190 41 781 581 3 
198 36 778 583 3 
196 37 792 591 3 
198 39 791 589 3 
190 43 793 586 3 
183 48 783 608 3 
181 52 788 592 3 
184 53 790 589 3 
181 54 774 595 3 
177 54 776 586 3 
180 51 784 582 3 
174 50 770 592 3 
164 50 767 597 3 
173 55 774 603 3 
173 49 762 601 3 
172 52 772 589 3 
182 52 783 593 3 
181 57 776 598 3 
178 67 783 605 3 
179 72 772 588 3 
182 71 789 602 3 
188 67 774 608 3 
180 67 777 606 3 
168 66 792 614 3 
160 66 785 619 3 
156 68 804 626 3 
152 62 791 604 3 
159 66 797 608 3 
157 61 789 624 3 
162 59 790 626 3 
167 63 791 622 3 
151 66 790 620 3 
155 65 787 607 3 
151 64 797 598 3 
150 68 811 607 3 
145 68 798 612 3 
145 66 818 601 3 
135 62 826 589 3 
138 62 824 585 3 
140 60 825 581 3 
138 60 839 575 3 
140 61 836 567 3 
131 63 849 581 3 
131 59 828 581 3 
128 59 820 567 3 
136 65 817 560 3 
135 65 834 563 3 
136 68 825 562 3 
142 76 836 570 3 
139 75 836 583 3 
150 80 832 578 3 
147 74 852 575 3 
141 71 872 556 3 
140 74 872 535 3 
139 69 857 526 3 
127 72 869 517 3 
129 77 841 514 3 
138 77 831 530 3 
137 75 827 526 3 
140 79 838 523 3 
136 77 834 519 3 
135 77 829 502 3 
136 77 838 494 3 
131 75 853 499 3 
131 71 856 492 3 
124 71 864 479 3 
117 74 863 476 3 
110 74 873 478 3 
111 78 887 483 3 
107 79 905 488 3 
109 79 906 481 3 
119 84 883 483 3 
115 79 878 493 3 
112 80 885 489 3 
111 83 892 488 3 
109 87 888 487 3 
107 86 878 479 3 
112 85 864 474 3 
113 87 880 494 3 
108 89 859 487 3 
116 97 876 489 3 
116 90 878 470 3 
113 87 873 478 3 
113 92 877 493 3 
108 81 880 498 3 
112 84 878 483 3 
112 76 876 487 3 
117 82 873 496 3 
112 81 880 506 3 
115 80 895 519 3 
113 85 898 506 3 
113 86 909 498 3 
114 84 898 502 3 
117 81 907 503 3 
125 80 890 504 3 
126 80 911 496 3 
125 77 902 491 3 
132 78 891 518 3 
131 80 906 511 3 
124 77 907 504 3 
124 71 913 514 3 
122 75 884 510 3 
126 71 877 486 3 
126 71 871 498 3 
124 71 862 502 3 
117 71 861 501 3 
115 69 864 505 3 
119 76 856 483 3 
117 81 870 482 3 
111 81 858 473 3 
106 74 864 454 3 
98 73 860 448 3 
100 82 856 446 3 
107 77 870 454 3 
117 75 860 446 3 
117 72 868 447 3 
123 77 864 440 3 
128 76 868 443 3 
132 73 866 447 3 
127 72 885 440 3 
128 73 881 442 3 
134 69 884 424 3 
142 70 855 434 3 
150 63 876 428 3 
144 63 876 437 3 
145 66 866 442 3 
150 66 882 438 3 
147 71 892 441 3 
157 70 892 444 3 
164 63 883 443 3 
163 59 874 448 3 
172 60 858 442 3 
165 64 886 423 3 
170 67 888 411 3 
166 73 866 408 3 
167 70 871 419 3 
165 73 862 411 3 
169 66 866 402 3 
158 73 859 410 3 
152 68 869 409 3 
155 70 871 400 3 
152 65 875 407 3 
144 64 867 415 3 
141 69 866 401 3 
141 70 860 413 3 
141 71 884 406 3 
131 75 890 413 3 
122 67 902 419 3 
117 61 909 429 3 
119 55 896 446 3 
117 59 879 445 3 
116 61 881 458 3 
116 58 903 433 3 
106 59 904 427 3 
105 51 894 423 3 
113 49 915 428 3 
110 51 927 420 3 
108 47 907 424 3 
109 49 914 415 3 
112 48 920 421 3 
119 41 929 424 3 
116 35 947 421 3 
112 33 959 434 3 
116 37 962 437 3 
113 37 964 430 3 
112 38 969 440 3 
112 42 969 464 3 
107 43 977 475 3 
108 41 965 477 3 
115 38 964 472 3 
114 39 970 478 3 
116 37 964 476 3 
120 41 947 480 3 
127 44 960 474 3 
124 44 972 490 3 
119 45 982 489 3 
122 41 982 491 3 
116 41 981 490 3 
121 44 955 487 3 
117 45 963 474 3 
117 44 974 481 3 
125 39 973 490 3 
127 41 976 481 3 
125 43 985 487 3 
132 42 997 481 3 
126 40 990 480 3 
118 37 985 504 3 
115 36 967 503 3 
112 35 982 506 3 
116 34 976 500 3 
112 38 948 505 3 
106 39 952 524 3 
99 39 953 511 3 
96 37 962 501 3 
91 36 987 487 3 
92 34 985 474 3 
93 39 995 463 3 
96 39 981 464 3 
96 39 1011 468 3 
99 38 1012 457 3 
101 36 1014 459 3 
100 38 1024 468 3 
100 42 1016 455 3 
104 44 1029 452 3 
98 41 1026 440 3 
94 40 1025 436 3 
92 38 1026 438 3 
94 39 1012 442 3 
90 37 1027 444 3 
91 36 1015 439 3 
90 33 1006 428 3 
94 31 1030 417 3 
99 30 1032 416 3 
103 32 1061 422 3 
110 35 1047 417 3 
107 33 1033 418 3 
106 33 1027 416 3 
101 30 1047 394 3 
109 31 1048 401 3 
103 29 1042 401 3 
101 33 1053 423 3 
102 28 1054 435 3 
105 28 1041 442 3 
107 31 1034 438 3 
106 34 1023 432 3 
103 35 1019 444 3 
104 42 1029 450 3 
99 41 1004 452 3 
92 44 976 459 3 
92 47 982 457 3 
88 48 983 454 3 
88 49 1000 434 3 
86 53 1005 442 3 
88 52 1004 441 3 
86 57 1014 442 3 
92 60 996 446 3 
90 61 991 459 3 
87 65 970 469 3 
92 63 971 469 3 
87 63 971 465 3 
86 62 964 461 3 
87 61 958 484 3 
88 63 952 468 3 
97 63 969 483 3 
93 63 983 461 3 
88 63 1014 477 3 
90 63 993 466 3 
94 70 983 479 3 
94 70 1003 473 3 
88 67 1002 483 3 
86 65 1016 481 3 
83 64 1012 466 3 
83 65 1017 473 3 
82 67 1011 473 3 
84 66 1014 463 3 
92 68 1019 458 3 
89 67 1023 459 3 
86 68 1029 460 3 
85 69 1045 460 3 
83 64 1049 455 3 
83 64 1054 471 3 
79 58 1041 481 3 
80 61 1030 474 3 
82 58 1020 463 3 
84 63 1014 463 3 
84 68 1013 462 3 
89 70 1006 445 3 
84 65 1007 451 3 
92 73 1010 450 3 
87 73 989 435 3 
81 75 989 440 3 
81 69 988 446 3 
76 70 980 447 3 
83 73 973 431 3 
80 75 976 434 3 
85 82 987 438 3 
89 81 1005 433 3 
88 80 1006 426 3 
86 74 1005 400 3 
86 74 1028 400 3 
88 79 1034 407 3 
90 78 1030 419 3 
98 78 1008 415 3 
90 75 1013 411 3 
100 78 1018 408 3 
100 73 1041 404 3 
106 73 1023 398 3 
107 72 1022 409 3 
111 73 1021 395 3 
113 75 1030 392 3 
108 76 1029 388 3 
108 83 1030 381 3 
111 84 1010 378 3 
117 88 1014 389 3 
121 88 1022 382 3 
122 87 1023 384 3 
121 87 1009 387 3 
119 87 987 394 3 
123 93 990 398 3 
122 93 992 405 3 
129 94 987 401 3 
131 90 966 398 3 
131 95 985 396 3 
132 90 1002 392 3 
131 94 1005 391 3 
136 95 1005 379 3 
137 98 997 362 3 
137 101 997 361 3 
136 104 997 354 3 
138 97 1010 343 3 
134 99 1001 340 3 
140 99 992 346 3 
144 100 998 345 3 
150 101 1011 354 3 
151 101 990 351 3 
161 105 1001 348 3 
157 107 1016 362 3 
144 114 1003 368 3 
141 110 1022 358 3 
144 110 1004 371 3 
145 100 974 364 3 
142 100 967 357 3 
141 105 958 353 3 
139 105 962 337 3 
136 108 958 345 3 
126 103 967 353 3 
127 98 961 357 3 
125 95 954 346 3 
124 93 976 353 3 
125 97 972 343 3 
126 92 974 337 3 
129 86 980 343 3 
127 86 984 347 3 
129 82 974 345 3 
124 80 978 347 3 
127 77 983 343 3 
116 83 976 344 3 
106 78 941 340 3 
113 81 933 322 3 
113 76 919 307 3 
106 79 933 301 3 
105 84 929 293 3 
116 91 942 308 3 
116 96 935 317 3 
106 98 929 324 3 
110 97 933 324 3 
104 102 922 332 3 
101 104 935 320 3 
97 99 944 324 3 
99 100 958 322 3 
97 98 938 322 3 
93 96 941 321 3 
93 99 945 320 3 
91 105 954 327 3 
93 107 963 344 3 
94 107 965 359 3 
88 103 978 350 3 
89 103 980 348 3 
97 97 972 342 3 
97 103 953 342 3 
99 99 931 343 3 
103 93 931 344 3 
109 96 943 350 3 
106 91 914 359 3 
104 92 925 362 3 
103 96 912 356 3 
102 88 911 356 3 
105 88 912 358 3 
110 92 928 362 3 
116 89 927 366 3 
119 85 911 356 3 
123 87 930 359 3 
128 91 906 362 3 
132 92 914 348 3 
139 89 911 336 3 
147 90 887 356 3 
148 87 895 358 3 
145 79 888 368 3 
152 81 903 358 3 
155 79 902 373 3 
155 81 913 376 3 
145 78 927 375 3 
148 75 937 367 3 
150 76 943 365 3 
146 75 939 379 3 
149 77 932 384 3 
162 82 931 384 3 
155 88 947 380 3 
150 88 945 380 3 
154 90 955 371 3 
152 88 952 360 3 
159 88 949 373 3 
162 82 938 373 3 
168 87 943 365 3 
170 90 934 363 3 
176 86 936 360 3 
177 85 962 358 3 
177 87 970 345 3 
185 96 981 345 3 
184 96 971 359 3 
184 100 959 345 3 
184 92 967 339 3 
184 90 938 330 3 
184 89 947 332 3 
188 91 945 324 3 
181 95 938 323 3 
182 93 934 321 3 
182 96 960 326 3 
176 96 961 311 3 
175 90 964 312 3 
175 91 974 314 3 
180 88 989 332 3 
179 89 990 339 3 
181 92 999 344 3 
183 93 1017 346 3 
188 101 1016 346 3 
175 93 1002 343 3 
177 88 1018 346 3 
181 86 1013 343 3 
175 82 1002 348 3 
187 76 1004 326 3 
184 77 1031 319 3 
179 75 1029 327 3 
169 81 1021 324 3 
173 75 1025 322 3 
167 72 1034 313 3 
162 74 1038 306 3 
162 73 1044 296 3 
168 76 1034 278 3 
168 72 1032 274 3 
172 75 1039 266 3 
184 77 1043 273 3 
187 75 1038 269 3 
181 74 1066 274 3 
181 72 1065 278 3 
189 73 1069 279 3 
184 78 1055 293 3 
183 74 1062 295 3 
186 78 1061 307 3 
176 79 1047 297 3 
173 78 1026 297 3 
169 79 1041 296 3 
169 77 1027 296 3 
165 76 1046 289 3 
164 78 1051 273 3 
156 79 1038 281 3 
156 80 1040 265 3 
156 94 1038 255 3 
156 87 1031 260 3 
164 88 1037 260 3 
167 87 1037 263 3 
172 89 1043 265 3 
169 83 1011 260 3 
171 88 997 258 3 
174 85 984 260 3 
178 86 983 264 3 
175 90 1000 275 3 
180 91 1009 272 3 
181 92 1026 264 3 
180 97 1031 271 3 
179 101 1047 259 3 
181 97 1063 258 3 
177 102 1056 257 3 
179 98 1067 251 3 
183 105 1066 249 3 
188 100 1069 247 3 
183 99 1075 245 3 
186 103 1044 239 3 
178 105 1048 226 3 
178 102 1029 225 3 
176 100 1030 224 3 
170 102 1025 228 3 
177 101 1027 233 3 
170 99 1023 228 3 
175 99 1019 231 3 
171 91 1011 224 3 
164 96 1011 225 3 
170 100 1007 226 3 
169 99 1019 217 3 
170 97 1039 215 3 
180 96 1051 210 3 
192 95 1054 208 3 
182 92 1085 217 3 
176 95 1065 214 3 
167 96 1054 213 3 
157 104 1037 216 3 
148 105 1021 204 3 
151 107 1014 209 3 
159 111 1019 206 3 
162 122 1020 215 3 
162 119 1019 228 3 
170 122 1028 221 3 
168 121 1043 223 3 
162 120 1039 221 3 
157 124 1033 221 3 
153 127 1036 232 3 
149 126 1039 232 3 
144 127 1029 229 3 
132 119 1033 218 3 
136 125 1016 211 3 
131 122 1024 216 3 
137 119 1008 226 3 
140 127 1005 223 3 
143 125 1017 229 3 
146 131 1013 242 3 
140 123 1020 244 3 
134 123 992 243 3 
136 124 988 247 3 
134 110 995 253 3 
131 111 1011 250 3 
131 117 984 267 3 
140 116 997 270 3 
153 111 987 267 3 
152 111 982 258 3 
150 108 996 249 3 
157 113 1003 256 3 
161 110 1023 256 3 
160 104 1034 253 3 
152 102 1038 240 3 
157 104 1063 252 3 
161 101 1076 253 3 
167 98 1082 244 3 
165 93 1070 239 3 
170 96 1077 230 3 
175 93 1081 225 3 
177 100 1079 222 3 
166 99 1072 212 3 
164 92 1038 223 3 
170 92 1055 232 3 
182 90 1043 224 3 
167 89 1034 211 3 
179 84 1048 211 3 
175 82 1071 217 3 
183 82 1048 218 3 
190 85 1060 219 3 
195 85 1079 217 3 
195 82 1063 203 3 
192 83 1052 203 3 
186 86 1047 199 3 
188 83 1059 201 3 
184 77 1078 208 3 
184 75 1083 202 3 
189 74 1075 208 3 
175 73 1078 206 3 
178 73 1081 204 3 
174 74 1103 197 3 
173 73 1088 207 3 
174 74 1088 203 3 
181 73 1090 205 3 
179 71 1106 203 3 
184 73 1077 195 3 
186 75 1062 187 3 
199 74 1074 177 3 
199 68 1060 180 3 
200 67 1045 191 3 
194 60 1011 184 3 
196 66 1021 186 3 
194 69 1027 187 3 
196 68 1052 180 3 
188 64 1049 183 3 
201 63 1024 187 3 
203 63 1052 180 3 
198 67 1049 188 3 
192 66 1051 179 3 
196 69 1066 181 3 
184 73 1049 187 3 
185 76 1038 183 3 
183 69 1044 191 3 
185 71 1065 187 3 
178 73 1081 201 3 
176 73 1105 198 3 
176 65 1108 202 3 
184 64 1119 205 3 
186 61 1110 203 3 
182 59 1107 198 3 
174 67 1105 204 3 
176 66 1102 205 3 
177 69 1098 193 3 
179 66 1139 193 3 
175 69 1144 189 3 
165 71 1116 188 3 
164 73 1116 188 3 
155 71 1119 190 3 
159 70 1087 192 3 
164 69 1079 196 3 
168 73 1060 197 3 
166 76 1059 193 3 
161 75 1025 196 3 
169 73 1017 205 3 
166 77 1024 195 3 
159 74 1030 198 3 
151 72 1045 193 3 
149 70 1065 203 3 
153 66 1093 196 3 
152 64 1092 211 3 
145 62 1081 223 3 
145 61 1076 232 3 
150 60 1087 243 3 
151 59 1095 244 3 
147 56 1111 246 3 
146 59 1106 242 3 
145 58 1113 243 3 
151 58 1110 242 3 
157 61 1110 231 3 
160 60 1127 226 3 
149 54 1118 217 3 
147 52 1125 216 3 
139 47 1137 202 3 
134 49 1148 206 3 
132 49 1164 202 3 
134 51 1187 201 3 
129 55 1162 201 3 
131 54 1158 202 3 
137 47 1152 191 3 
140 50 1131 188 3 
144 52 1132 189 3 
135 54 1128 193 3 
133 51 1129 197 3 
132 49 1155 195 3 
137 48 1158 198 3 
130 45 1149 192 3 
119 46 1157 197 3 
111 45 1149 190 3 
