0 0 1 0 0 
0 0 1 0 0 
0 1 1 0 0 
0 1 1 1 0 
0 1 1 1 0 
0 1 2 1 0 
0 1 2 2 0 
1 1 2 3 0 
1 2 2 3 0 
1 2 2 3 0 
1 2 1 2 0 
2 2 1 2 0 
2 2 1 4 0 
4 2 1 5 0 
5 1 1 4 0 
3 1 3 6 0 
3 0 3 7 0 
2 0 4 8 0 
2 1 4 8 0 
3 2 5 9 0 
3 2 6 10 0 
4 2 6 11 0 
4 2 9 11 0 
5 2 9 11 0 
5 3 8 11 0 
5 3 9 10 0 
5 3 7 11 0 
5 5 7 12 0 
6 6 7 13 0 
7 7 7 13 0 
7 7 6 15 0 
6 7 7 21 4 
7 6 8 21 0 
10 6 8 19 0 
12 4 6 22 0 
11 5 6 22 0 
11 5 7 20 0 
12 4 8 20 0 
13 5 7 20 0 
10 6 9 22 0 
12 5 9 21 0 
11 4 9 25 0 
9 4 10 26 4 
9 5 11 30 4 
9 5 14 30 0 
8 5 14 30 0 
9 5 16 29 0 
10 5 19 26 0 
11 5 18 26 0 
12 2 18 25 0 
12 2 20 24 0 
14 2 22 25 0 
18 2 22 24 0 
17 3 22 24 0 
18 3 26 31 0 
22 2 29 32 0 
24 2 29 36 0 
31 2 27 37 0 
31 2 31 38 0 
34 3 30 43 0 
34 5 27 46 0 
33 4 26 43 0 
34 6 28 41 0 
36 5 30 45 0 
36 4 33 43 0 
33 5 35 45 0 
35 5 39 47 0 
35 6 39 51 0 
36 8 42 52 0 
33 7 49 53 0 
36 9 52 58 0 
39 10 54 67 0 
37 11 61 69 0 
34 10 65 72 0 
35 9 67 68 0 
33 8 69 66 0 
34 8 70 68 0 
38 8 76 67 0 
33 7 78 72 0 
31 8 77 70 0 
31 8 78 75 0 
28 8 76 82 0 
26 7 82 87 0 
28 8 80 95 0 
32 9 90 98 0 
35 9 95 97 0 
38 11 95 97 0 
40 13 98 99 0 
37 10 107 97 0 
36 10 108 101 0 
40 9 107 99 0 
36 8 112 109 0 
39 10 117 113 0 
41 10 114 111 0 
41 12 118 118 0 
41 11 120 117 0 
42 13 120 119 0 
43 12 109 122 0 
46 15 114 123 0 
42 16 116 122 0 
43 17 125 130 0 
44 16 126 139 0 
45 15 125 143 0 
40 17 125 148 0 
37 19 127 157 0 
42 17 128 152 0 
42 19 127 141 0 
49 17 120 140 0 
51 17 129 143 0 
49 18 134 144 0 
49 19 131 146 0 
54 20 132 155 0 
52 22 132 161 0 
59 21 134 173 0 
59 23 147 181 0 
60 26 143 185 0 
53 26 149 186 0 
47 25 153 193 0 
49 29 149 190 0 
48 32 158 209 4 
52 32 166 213 0 
52 32 169 215 0 
53 31 170 218 0 
54 34 174 210 0 
52 35 172 213 0 
53 35 174 217 0 
48 41 182 219 0 
50 40 189 216 0 
52 45 189 209 0 
49 43 196 210 0 
51 47 197 204 0 
53 48 196 216 0 
53 48 194 222 0 
54 52 199 227 0 
54 50 209 229 0 
59 50 218 232 0 
54 49 228 242 0 
59 45 229 243 0 
65 48 233 245 0 
63 47 250 261 0 
65 44 258 280 0 
68 54 267 285 0 
63 56 261 297 0 
63 59 276 307 0 
59 56 275 304 0 
69 55 270 296 0 
66 57 263 305 0 
60 59 266 308 0 
62 60 275 317 0 
61 62 285 312 0 
62 64 291 316 0 
64 58 295 330 0 
60 55 299 334 0 
61 52 310 332 0 
63 56 316 333 0 
57 58 331 318 0 
64 58 334 324 0 
69 56 332 310 0 
69 56 335 297 0 
68 56 334 299 0 
68 58 341 305 0 
71 63 336 316 0 
72 67 350 324 0 
75 61 362 315 0 
74 63 376 314 0 
78 65 373 337 0 
83 67 388 338 0 
84 71 393 339 0 
88 71 414 334 3 
88 72 420 340 3 
86 77 442 343 3 
85 80 442 346 3 
90 86 442 359 3 
91 81 436 366 0 
90 81 440 361 3 
89 82 432 364 0 
86 79 427 359 0 
94 78 428 356 0 
95 77 437 367 0 
97 80 438 372 0 
96 81 443 376 0 
102 80 458 377 3 
101 80 464 383 3 
96 79 458 378 3 
98 81 474 379 3 
98 85 492 375 3 
107 84 488 394 3 
110 83 503 393 3 
111 76 492 397 3 
117 74 488 403 3 
114 68 497 407 3 
107 73 490 420 0 
102 72 488 435 0 
101 69 502 422 3 
108 72 510 423 3 
107 79 494 441 0 
106 81 502 452 0 
103 86 522 476 0 
99 90 517 484 0 
100 85 523 500 0 
102 81 535 516 0 
104 81 546 524 0 
105 82 540 525 0 
105 89 552 514 0 
108 89 553 517 0 
113 92 558 520 0 
108 97 556 531 0 
110 91 572 537 0 
111 91 555 530 0 
110 94 568 525 0 
110 87 555 524 0 
117 78 562 521 0 
120 78 593 534 0 
123 84 596 517 0 
125 85 601 520 0 
124 88 601 527 0 
126 83 608 526 0 
113 78 613 527 0 
109 82 630 523 3 
102 85 609 508 3 
101 91 633 512 3 
95 97 631 528 3 
97 102 628 520 3 
97 103 635 530 3 
105 100 639 508 3 
97 101 641 517 3 
98 103 655 511 3 
96 98 654 509 3 
98 103 682 522 3 
100 104 687 541 3 
104 104 675 533 3 
105 101 663 527 3 
105 102 673 531 3 
106 103 661 525 3 
107 99 691 532 3 
115 102 681 531 3 
114 106 685 535 3 
111 113 685 525 3 
111 104 696 532 3 
121 101 693 541 3 
118 102 692 557 3 
118 100 735 545 3 
121 105 718 549 3 
121 107 731 522 3 
130 97 744 519 3 
137 100 737 517 3 
136 104 740 507 3 
140 106 735 523 3 
143 106 723 519 3 
134 108 746 529 3 
132 111 753 528 3 
130 106 756 536 3 
135 114 776 535 3 
144 115 797 540 3 
150 113 795 537 3 
142 106 788 537 3 
145 114 797 540 3 
141 113 795 535 3 
135 114 798 535 3 
133 107 788 538 3 
132 113 783 543 3 
125 110 790 553 3 
131 109 785 565 3 
126 107 794 551 3 
123 104 811 552 3 
115 104 809 565 3 
109 100 803 551 3 
108 97 805 544 3 
107 100 791 557 3 
104 106 785 568 3 
106 108 782 558 3 
107 104 787 540 3 
106 104 795 543 3 
105 101 780 542 3 
107 107 798 545 3 
106 104 806 541 3 
106 103 803 560 3 
99 104 802 557 3 
106 105 799 563 3 
105 105 791 564 3 
93 105 821 556 3 
98 100 835 544 3 
100 98 833 539 3 
99 99 828 540 3 
99 103 832 547 3 
97 96 817 536 3 
99 94 830 547 3 
99 96 813 538 3 
96 98 796 529 3 
94 91 803 535 3 
93 85 799 539 3 
95 87 789 531 3 
93 93 798 531 3 
99 92 805 526 3 
110 87 809 527 3 
111 85 823 519 3 
114 89 832 525 3 
110 89 813 542 3 
109 91 790 545 3 
109 87 768 541 3 
103 96 790 534 3 
102 100 808 535 3 
103 94 804 527 3 
95 97 807 504 3 
86 103 798 515 3 
91 101 812 523 3 
81 108 797 514 3 
82 107 791 534 3 
83 106 795 535 3 
85 108 778 526 3 
78 112 790 527 3 
77 104 802 549 3 
78 106 787 529 3 
84 104 787 542 3 
78 100 790 562 3 
84 103 812 553 3 
88 100 818 561 3 
91 95 807 570 3 
93 91 809 558 3 
94 97 791 532 3 
89 96 787 515 3 
83 95 793 532 3 
88 95 784 542 3 
88 96 771 561 3 
96 95 773 549 3 
92 89 762 529 3 
101 83 785 519 3 
103 85 798 525 3 
103 85 795 534 3 
101 82 798 546 3 
100 86 826 546 3 
104 89 836 547 3 
106 93 824 556 3 
106 98 837 527 3 
106 97 831 536 3 
100 89 841 542 3 
101 87 830 544 3 
99 85 831 543 3 
104 92 834 548 3 
99 88 850 562 3 
95 87 849 576 3 
96 89 844 573 3 
98 85 848 562 3 
99 79 870 574 3 
102 75 859 554 3 
107 72 866 571 3 
116 77 858 560 3 
116 83 855 560 3 
121 78 863 558 3 
113 76 848 557 3 
109 77 840 548 3 
111 73 837 552 3 
113 76 810 554 3 
114 81 829 549 3 
114 83 829 562 3 
119 78 844 552 3 
118 88 852 559 3 
116 87 885 562 3 
113 87 882 560 3 
113 77 876 560 3 
107 84 874 563 3 
111 86 860 574 3 
112 88 861 558 3 
111 90 863 558 3 
107 87 890 541 3 
106 87 866 538 3 
103 88 853 530 3 
101 85 843 530 3 
98 77 855 519 3 
100 79 854 518 3 
104 78 873 518 3 
108 80 896 501 3 
109 76 912 513 3 
109 83 917 502 3 
106 87 912 500 3 
107 95 910 506 3 
113 98 900 499 3 
121 110 895 518 3 
117 111 884 520 3 
113 114 880 522 3 
109 104 873 525 3 
125 105 870 527 3 
117 97 863 515 3 
122 97 865 501 3 
115 97 859 504 3 
119 101 854 511 3 
117 101 877 511 3 
113 93 862 501 3 
114 86 888 498 3 
119 82 878 489 3 
117 81 858 493 3 
113 81 843 488 3 
109 85 831 490 3 
114 83 846 493 3 
112 85 850 487 3 
102 86 837 477 3 
110 83 849 485 3 
113 81 852 480 3 
112 79 862 479 3 
112 80 867 476 3 
109 83 867 475 3 
111 86 875 474 3 
107 86 872 472 3 
114 87 872 486 3 
107 89 861 487 3 
100 92 873 495 3 
98 90 885 484 3 
98 88 900 480 3 
95 88 892 476 3 
92 89 894 474 3 
89 92 885 476 3 
85 93 912 489 3 
80 96 930 485 3 
83 97 899 487 3 
80 93 912 485 3 
79 89 916 501 3 
79 88 902 509 3 
79 91 908 506 3 
72 94 894 498 3 
73 94 899 516 3 
71 91 897 501 3 
64 88 891 502 3 
69 90 888 502 3 
64 92 876 504 3 
60 94 910 510 3 
62 90 907 519 3 
61 85 907 515 3 
61 88 893 502 3 
60 95 880 502 3 
65 98 875 502 3 
63 97 919 507 3 
67 93 925 495 3 
68 96 918 475 3 
63 97 942 477 3 
69 96 957 460 3 
72 95 934 471 3 
68 96 935 484 3 
68 104 939 470 3 
70 103 941 472 3 
68 100 933 471 3 
74 99 942 480 3 
74 101 937 477 3 
71 101 938 472 3 
69 93 935 489 3 
68 98 941 483 3 
68 99 935 491 3 
68 98 933 498 3 
70 95 919 492 3 
70 98 927 487 3 
69 100 938 477 3 
71 98 938 478 3 
69 92 938 477 3 
76 88 933 471 3 
68 90 941 442 3 
72 90 955 454 3 
69 93 966 446 3 
72 94 962 447 3 
73 89 972 446 3 
72 92 950 434 3 
72 97 942 438 3 
73 93 943 439 3 
79 91 941 446 3 
82 85 954 448 3 
84 81 941 441 3 
88 81 948 434 3 
90 77 922 447 3 
91 75 931 447 3 
101 75 961 435 3 
104 77 938 420 3 
95 74 926 422 3 
89 74 931 418 3 
87 73 946 420 3 
89 66 934 432 3 
97 63 928 447 3 
110 66 920 463 3 
112 68 910 467 3 
108 69 923 471 3 
97 72 915 473 3 
92 66 909 454 3 
93 67 903 444 3 
89 60 935 438 3 
88 63 907 442 3 
95 62 906 460 3 
91 62 918 458 3 
90 58 931 455 3 
92 65 916 457 3 
87 62 911 463 3 
84 65 930 450 3 
85 67 941 457 3 
83 69 937 453 3 
84 69 932 441 3 
90 66 927 454 3 
89 62 921 437 3 
86 63 925 424 3 
93 70 938 410 3 
94 68 928 406 3 
92 69 932 411 3 
95 65 948 426 3 
91 63 930 429 3 
86 63 933 424 3 
89 62 944 423 3 
99 68 949 415 3 
106 73 965 436 3 
108 74 966 430 3 
103 73 974 437 3 
107 73 980 423 3 
107 72 990 427 3 
107 71 996 412 3 
104 74 1014 427 3 
106 73 1027 420 3 
107 65 1016 421 3 
105 61 1002 425 3 
107 60 1004 429 3 
107 66 1011 433 3 
104 67 992 416 3 
110 64 987 425 3 
112 59 992 424 3 
118 59 994 427 3 
125 62 998 419 3 
128 58 993 424 3 
131 62 995 416 3 
127 61 990 409 3 
130 64 998 404 3 
133 63 1001 397 3 
126 65 988 400 3 
120 64 986 389 3 
123 67 987 399 3 
126 65 1015 434 3 
128 64 1027 433 3 
133 65 1010 437 3 
140 63 1028 430 3 
130 57 1015 429 3 
129 48 1028 430 3 
125 52 1025 420 3 
122 54 1035 424 3 
126 55 1033 416 3 
125 59 1038 411 3 
126 52 1012 415 3 
121 45 1007 426 3 
116 47 992 420 3 
120 48 972 409 3 
116 53 979 409 3 
115 52 1004 399 3 
117 52 990 388 3 
121 51 1003 394 3 
125 50 1004 401 3 
132 53 1000 414 3 
134 54 1017 433 3 
133 55 1036 442 3 
132 52 1036 439 3 
133 49 1034 443 3 
135 46 1038 446 3 
132 51 1041 454 3 
131 47 1019 447 3 
133 50 1007 448 3 
127 52 1007 435 3 
128 54 1025 432 3 
133 56 1012 440 3 
138 51 995 447 3 
144 50 1014 450 3 
148 45 991 434 3 
146 44 986 428 3 
143 42 992 434 3 
137 48 1001 435 3 
144 46 1006 430 3 
137 49 1008 423 3 
145 49 994 418 3 
146 45 981 428 3 
145 48 967 419 3 
148 48 993 426 3 
145 51 986 418 3 
150 48 1010 416 3 
152 47 999 417 3 
150 45 1014 410 3 
147 44 1012 411 3 
144 40 993 415 3 
140 40 977 414 3 
136 42 999 415 3 
140 44 992 416 3 
133 48 1009 422 3 
132 47 1028 421 3 
134 52 998 431 3 
125 63 996 432 3 
131 54 1013 419 3 
129 50 1014 407 3 
131 49 1003 400 3 
142 46 999 403 3 
137 46 989 397 3 
133 47 984 401 3 
139 54 969 400 3 
141 56 991 389 3 
146 56 986 389 3 
142 57 966 389 3 
139 54 966 395 3 
142 54 964 396 3 
143 51 979 385 3 
149 47 989 389 3 
161 47 975 391 3 
158 44 974 389 3 
162 45 942 393 3 
156 40 969 399 3 
163 40 992 399 3 
161 39 986 406 3 
155 42 1004 411 3 
160 43 1010 404 3 
166 43 1013 417 3 
166 43 1005 406 3 
160 47 1009 402 3 
153 45 1009 416 3 
153 50 1024 409 3 
155 48 1021 408 3 
158 44 1044 414 3 
153 47 1044 419 3 
156 44 1022 413 3 
154 39 1022 418 3 
155 37 1032 408 3 
154 36 1057 402 3 
154 35 1046 409 3 
149 36 1038 407 3 
150 36 1034 402 3 
153 38 1056 407 3 
157 34 1031 407 3 
153 35 1021 419 3 
155 36 1026 426 3 
142 36 1027 425 3 
147 33 1017 420 3 
146 33 1020 425 3 
144 38 1028 417 3 
143 43 1011 405 3 
143 46 999 396 3 
139 44 991 377 3 
133 52 1005 362 3 
139 48 1013 368 3 
145 50 1011 361 3 
150 48 1025 364 3 
150 53 1036 375 3 
153 51 1043 368 3 
151 49 1023 378 3 
149 49 1019 382 3 
152 48 998 379 3 
157 46 1006 384 3 
163 43 988 400 3 
162 44 984 390 3 
161 41 971 385 3 
176 38 976 374 3 
167 36 1006 385 3 
169 36 996 390 3 
173 32 1014 387 3 
178 35 999 365 3 
180 34 971 361 3 
186 32 970 371 3 
185 33 980 372 3 
176 35 963 374 3 
171 40 977 367 3 
177 38 974 365 3 
183 39 980 369 3 
177 41 972 381 3 
180 44 996 386 3 
181 42 956 387 3 
182 41 959 379 3 
179 44 946 381 3 
192 41 946 371 3 
190 45 963 360 3 
192 45 943 359 3 
187 44 958 361 3 
181 45 960 355 3 
176 44 978 351 3 
173 40 983 347 3 
170 38 970 336 3 
171 36 971 350 3 
174 34 965 351 3 
174 34 955 348 3 
173 40 955 348 3 
173 43 969 345 3 
171 44 992 327 3 
169 44 997 328 3 
171 46 1013 329 3 
170 48 1007 321 3 
162 52 983 321 3 
163 51 992 326 3 
167 52 986 344 3 
165 50 973 360 3 
166 51 980 351 3 
172 54 965 355 3 
168 52 945 357 3 
164 53 936 367 3 
170 51 956 375 3 
164 52 968 387 3 
166 52 963 400 3 
177 50 958 413 3 
167 50 938 416 3 
160 48 923 412 3 
166 50 930 405 3 
177 52 944 400 3 
178 51 944 408 3 
177 56 934 397 3 
183 58 931 415 3 
187 59 924 406 3 
191 57 928 394 3 
190 59 930 403 3 
187 56 927 413 3 
182 54 936 403 3 
190 53 945 395 3 
179 53 952 400 3 
176 51 950 403 3 
182 54 929 407 3 
189 52 959 409 3 
191 55 948 410 3 
191 54 947 412 3 
193 54 939 414 3 
188 58 950 422 3 
186 54 953 427 3 
180 57 961 422 3 
180 60 949 414 3 
186 52 949 412 3 
203 47 944 408 3 
197 46 954 409 3 
191 48 965 394 3 
195 46 994 395 3 
188 41 993 406 3 
184 38 987 396 3 
181 40 990 397 3 
173 40 985 370 3 
166 42 977 359 3 
167 44 965 369 3 
168 42 968 365 3 
158 41 986 379 3 
159 43 968 378 3 
162 42 985 374 3 
164 45 1003 367 3 
156 43 982 367 3 
159 46 991 371 3 
162 52 1009 371 3 
162 50 999 365 3 
163 46 1014 364 3 
156 46 1012 375 3 
150 46 1011 381 3 
152 48 1031 377 3 
158 46 1014 371 3 
167 48 1011 372 3 
155 51 1022 394 3 
153 51 1016 395 3 
148 50 981 413 3 
143 50 979 401 3 
152 49 978 396 3 
157 46 976 406 3 
159 47 982 405 3 
153 46 975 407 3 
154 44 960 390 3 
148 51 957 394 3 
152 53 946 398 3 
147 52 959 402 3 
141 44 966 393 3 
129 47 967 388 3 
134 49 966 400 3 
127 52 974 394 3 
125 53 958 389 3 
122 52 953 387 3 
121 53 944 380 3 
120 56 937 385 3 
122 56 928 374 3 
117 57 918 388 3 
120 57 936 390 3 
123 59 968 384 3 
121 57 963 376 3 
132 58 976 379 3 
125 65 997 382 3 
128 58 995 388 3 
130 56 971 400 3 
133 56 957 400 3 
143 57 947 405 3 
145 55 942 398 3 
147 52 937 418 3 
137 52 932 427 3 
135 51 922 421 3 
136 50 932 424 3 
139 54 922 417 3 
149 52 959 419 3 
147 53 956 434 3 
150 48 976 434 3 
158 47 974 433 3 
155 52 959 438 3 
154 55 975 437 3 
140 60 979 443 3 
139 58 973 444 3 
146 59 965 444 3 
155 62 962 459 3 
149 57 954 464 3 
146 56 941 472 3 
142 59 929 457 3 
148 59 910 463 3 
150 64 912 464 3 
157 62 925 472 3 
166 64 922 462 3 
171 57 934 454 3 
173 52 922 447 3 
170 53 927 445 3 
169 56 932 415 3 
173 58 952 415 3 
170 59 955 401 3 
168 58 975 408 3 
168 63 975 419 3 
173 63 989 416 3 
181 57 985 404 3 
177 59 976 415 3 
180 56 969 424 3 
177 57 976 431 3 
178 52 986 437 3 
180 52 1001 442 3 
180 54 998 418 3 
188 55 998 417 3 
185 56 1002 412 3 
189 56 987 409 3 
184 55 1002 400 3 
177 53 1000 392 3 
179 50 1010 390 3 
182 52 1008 382 3 
188 45 1009 404 3 
185 45 1005 391 3 
184 41 982 382 3 
185 41 993 384 3 
180 38 1009 387 3 
177 39 1011 372 3 
174 40 1001 378 3 
179 41 980 382 3 
180 47 971 386 3 
186 47 961 391 3 
179 47 958 393 3 
179 49 936 397 3 
183 46 947 391 3 
184 48 941 382 3 
188 53 946 377 3 
191 50 955 363 3 
195 53 960 354 3 
201 51 968 354 3 
198 47 973 352 3 
200 49 971 353 3 
206 51 975 364 3 
204 57 997 361 3 
206 61 994 362 3 
212 57 1016 375 3 
198 58 1015 368 3 
185 59 1023 355 3 
184 54 998 349 3 
167 50 1015 354 3 
177 49 1035 356 3 
174 50 1021 364 3 
176 51 1019 377 3 
179 52 994 370 3 
190 47 1017 378 3 
189 48 988 373 3 
184 47 1002 368 3 
184 43 1004 370 3 
177 44 1005 375 3 
178 43 1002 383 3 
167 44 1004 374 3 
158 44 1001 361 3 
167 48 1019 360 3 
173 46 1019 366 3 
175 44 1005 364 3 
172 45 999 362 3 
162 44 998 362 3 
175 45 1022 357 3 
172 47 1017 355 3 
174 47 1037 358 3 
172 44 1055 367 3 
180 41 1029 369 3 
171 44 1048 348 3 
176 48 1050 345 3 
173 48 1039 332 3 
181 50 1033 331 3 
182 49 1015 332 3 
179 51 1005 324 3 
174 55 1013 325 3 
175 53 1011 320 3 
171 52 1019 327 3 
168 51 1027 329 3 
157 51 1033 334 3 
155 44 1046 337 3 
161 45 1047 343 3 
161 44 1050 344 3 
170 43 1047 344 3 
170 41 1034 345 3 
169 39 1044 339 3 
175 42 1062 334 3 
170 41 1049 322 3 
180 41 1042 315 3 
171 49 1022 304 3 
168 53 1020 304 3 
160 49 1026 307 3 
157 50 1027 313 3 
166 47 1049 321 3 
175 44 1049 315 3 
177 44 1052 329 3 
177 44 1037 312 3 
183 43 1049 312 3 
189 41 1057 324 3 
182 42 1060 319 3 
187 38 1033 321 3 
187 42 1064 328 3 
190 47 1064 335 3 
186 44 1044 326 3 
198 47 1045 324 3 
198 42 1060 313 3 
208 47 1050 296 3 
202 48 1041 295 3 
208 56 1038 294 3 
196 54 1029 290 3 
176 49 1016 306 3 
177 53 1019 291 3 
174 53 1010 287 3 
168 50 1008 291 3 
176 45 1004 297 3 
178 47 1003 312 3 
184 47 989 318 3 
175 46 996 310 3 
174 47 1023 295 3 
179 43 1024 301 3 
178 45 1022 297 3 
178 47 1025 305 3 
185 41 1038 305 3 
186 50 1036 303 3 
185 51 1022 281 3 
181 53 1002 290 3 
181 47 1007 284 3 
183 45 1004 283 3 
175 46 1010 285 3 
162 46 1022 292 3 
170 43 1034 302 3 
175 40 1032 300 3 
177 41 1047 293 3 
179 42 1026 301 3 
178 40 1028 306 3 
172 34 1044 286 3 
166 38 1056 297 3 
163 39 1056 296 3 
153 39 1041 308 3 
148 40 1031 315 3 
154 41 1010 303 3 
147 42 1026 305 3 
144 44 1022 316 3 
141 47 1026 327 3 
144 47 1016 313 3 
131 49 991 311 3 
127 48 1012 308 3 
128 48 1027 309 3 
131 50 1021 317 3 
131 51 1028 331 3 
129 52 1038 335 3 
120 50 1017 340 3 
121 50 1017 345 3 
122 49 1028 342 3 
124 48 1036 331 3 
123 50 1071 332 3 
127 42 1106 326 3 
124 38 1104 324 3 
126 37 1096 327 3 
131 37 1088 318 3 
135 39 1058 319 3 
139 42 1075 320 3 
143 39 1097 325 3 
149 36 1099 325 3 
145 38 1081 337 3 
138 38 1060 329 3 
132 37 1103 321 3 
137 37 1112 308 3 
141 38 1126 306 3 
142 43 1109 298 3 
135 47 1130 301 3 
144 47 1141 306 3 
152 47 1141 302 3 
163 45 1144 289 3 
164 46 1120 295 3 
171 45 1138 290 3 
164 45 1103 288 3 
165 43 1096 284 3 
170 42 1069 282 3 
178 42 1089 276 3 
174 42 1092 274 3 
183 42 1065 287 3 
176 42 1054 279 3 
181 39 1043 272 3 
177 40 1044 275 3 
191 43 1038 276 3 
191 44 1045 282 3 
190 44 1044 277 3 
193 43 1031 285 3 
186 42 1037 287 3 
187 39 1055 301 3 
181 42 1057 303 3 
176 44 1058 304 3 
179 48 1042 305 3 
174 50 1034 294 3 
175 54 1055 291 3 
178 50 1054 289 3 
175 52 1050 279 3 
180 52 1062 274 3 
182 58 1068 281 3 
174 59 1070 282 3 
179 57 1060 278 3 
