1 0 0 0 0 
1 0 1 0 0 
1 0 1 1 0 
3 0 1 1 0 
4 0 1 2 0 
5 0 1 3 0 
6 0 1 3 0 
6 0 1 4 0 
7 1 0 4 0 
10 1 0 3 0 
10 1 0 3 0 
10 1 0 3 0 
11 0 2 3 0 
12 1 1 3 0 
13 2 2 3 0 
15 5 3 2 0 
13 6 3 3 0 
14 5 2 4 0 
16 6 2 5 0 
16 5 3 5 0 
17 3 4 6 0 
16 3 5 3 0 
16 2 6 4 0 
18 2 7 5 0 
18 5 7 4 0 
18 6 7 4 0 
19 5 7 4 0 
21 5 7 7 1 
23 4 10 9 0 
26 5 11 9 0 
28 7 13 6 0 
28 7 14 6 0 
32 8 18 7 0 
28 9 20 6 0 
30 12 19 6 0 
34 10 19 7 0 
34 11 20 7 0 
33 10 23 8 0 
35 11 22 7 0 
39 11 22 7 0 
40 12 21 10 0 
39 13 18 9 1 
38 13 20 11 0 
37 16 23 12 0 
39 20 21 14 0 
39 18 21 15 0 
39 18 23 17 0 
41 18 25 17 0 
44 16 24 20 0 
46 20 26 21 0 
48 20 24 20 1 
46 24 25 22 0 
44 24 25 24 0 
47 25 23 25 1 
45 25 27 25 0 
44 28 29 29 0 
42 33 28 29 0 
40 32 31 31 0 
41 29 32 27 0 
39 31 29 30 0 
40 34 31 32 0 
38 30 33 30 0 
42 31 35 26 0 
43 28 36 30 0 
43 27 36 29 0 
38 27 35 29 0 
37 27 37 31 0 
36 29 37 32 0 
38 27 40 35 0 
37 30 37 37 0 
40 29 38 41 0 
42 27 39 42 0 
41 28 46 39 0 
41 29 43 39 0 
41 28 42 37 0 
44 30 46 36 0 
42 29 44 33 0 
38 28 44 36 0 
34 30 47 38 0 
35 39 49 40 0 
35 39 51 39 0 
36 42 53 40 0 
39 41 53 41 0 
40 41 55 42 0 
38 41 56 45 0 
38 45 59 43 0 
38 47 58 44 0 
37 46 54 44 0 
40 49 54 40 0 
43 50 49 40 0 
42 50 51 40 0 
42 49 55 40 0 
42 50 52 45 0 
48 47 55 43 0 
49 45 54 47 0 
53 40 56 53 0 
51 43 61 53 0 
56 47 69 50 0 
56 46 68 52 0 
59 48 68 55 0 
57 46 61 56 0 
58 50 54 60 0 
55 45 62 61 0 
59 50 63 61 0 
57 50 63 67 0 
56 50 60 69 0 
58 53 60 73 0 
59 61 65 75 0 
55 71 68 79 0 
53 70 67 74 0 
50 68 70 75 0 
49 63 70 74 0 
45 60 69 80 0 
42 64 69 82 0 
48 63 69 82 0 
43 57 61 85 0 
38 56 58 85 0 
37 52 55 87 4 
41 56 60 90 0 
42 58 62 95 4 
41 61 70 95 0 
39 53 75 94 0 
37 47 72 104 0 
38 45 72 105 0 
43 44 73 109 4 
41 45 75 122 4 
40 45 77 128 4 
41 50 73 125 4 
39 51 77 127 4 
36 57 76 128 4 
39 56 78 129 4 
37 55 81 133 4 
42 53 80 130 4 
40 59 79 130 4 
40 61 80 133 4 
36 61 81 128 4 
38 62 86 129 4 
38 62 86 125 4 
46 64 86 127 4 
43 60 88 123 0 
38 60 88 119 0 
39 61 90 115 0 
40 62 96 118 0 
45 66 99 130 0 
49 67 97 134 0 
54 64 95 135 4 
56 64 101 134 0 
60 66 102 134 0 
53 65 110 134 0 
47 62 120 135 0 
45 66 121 132 0 
42 67 122 123 0 
42 76 117 122 0 
46 81 118 126 0 
44 81 122 134 0 
42 77 122 135 0 
38 80 130 132 0 
35 84 137 137 0 
39 86 138 142 0 
42 81 133 146 0 
45 78 136 157 0 
48 85 142 159 0 
47 85 137 164 0 
45 85 131 165 0 
52 92 136 175 0 
52 89 142 184 0 
55 87 144 191 0 
58 87 151 196 0 
59 89 153 197 0 
63 85 154 198 0 
61 87 162 198 0 
72 83 164 197 0 
77 85 162 204 0 
77 85 156 215 4 
76 90 165 211 0 
74 93 163 221 4 
72 92 169 220 4 
75 88 167 225 4 
76 89 171 242 4 
76 94 189 247 4 
77 93 207 245 0 
80 90 207 248 0 
82 87 204 255 0 
86 89 216 260 0 
84 92 233 263 0 
83 100 229 267 0 
86 101 227 266 0 
83 99 224 276 0 
84 96 240 265 0 
89 101 238 265 0 
94 104 244 272 0 
99 104 250 276 0 
106 105 250 269 0 
111 102 267 261 0 
108 101 276 245 0 
108 94 287 253 0 
115 95 295 265 0 
120 98 288 275 0 
116 104 298 283 0 
112 104 304 290 0 
117 106 310 290 0 
116 108 309 284 0 
112 107 306 276 0 
110 105 310 289 0 
112 106 321 302 0 
106 104 324 313 0 
104 106 333 296 0 
110 105 324 301 0 
110 104 318 292 0 
113 105 309 302 0 
115 111 324 307 0 
126 120 327 321 0 
127 120 345 324 0 
125 116 368 326 0 
126 110 370 309 0 
123 112 362 322 0 
118 106 370 326 0 
117 109 377 346 0 
116 111 387 354 0 
116 112 388 359 0 
124 103 400 364 0 
128 97 395 361 0 
124 97 371 355 0 
125 96 362 367 0 
130 95 378 357 0 
123 92 401 361 0 
122 95 414 366 0 
118 101 410 380 0 
116 88 407 372 0 
122 89 410 380 0 
123 89 421 381 0 
133 89 427 378 0 
137 93 445 384 0 
132 96 440 388 0 
127 96 445 386 0 
126 91 438 398 0 
124 100 459 408 0 
128 108 461 420 0 
125 102 467 410 0 
126 100 472 421 0 
131 101 476 417 0 
133 109 484 422 0 
136 114 474 428 0 
127 115 478 431 0 
122 117 477 435 0 
118 110 468 439 0 
114 113 480 448 0 
115 110 491 469 0 
109 113 511 469 0 
103 116 504 483 0 
104 111 507 464 0 
108 112 507 455 0 
108 112 510 446 0 
109 115 512 451 0 
105 107 526 462 0 
108 107 520 461 0 
104 107 539 475 0 
104 108 556 464 3 
107 110 550 470 0 
109 104 564 468 3 
114 102 567 458 3 
115 96 566 478 3 
111 93 555 471 3 
107 95 556 463 3 
106 92 563 473 3 
109 93 541 463 0 
106 99 551 483 0 
105 101 574 493 0 
103 104 578 496 0 
101 107 609 529 0 
104 101 605 536 0 
95 108 604 555 0 
90 111 609 554 0 
92 113 607 559 0 
92 116 591 543 0 
99 109 609 553 0 
98 111 646 559 0 
105 113 623 556 0 
110 117 633 565 0 
112 120 632 561 0 
115 118 634 560 0 
122 120 638 557 0 
122 124 645 553 3 
122 125 652 530 3 
115 125 661 528 3 
113 123 661 499 3 
116 123 657 490 3 
120 120 654 489 3 
123 126 651 485 3 
118 129 651 474 3 
116 133 669 481 3 
122 125 675 486 3 
127 125 665 495 3 
125 124 662 485 3 
116 127 657 484 3 
114 129 670 494 3 
113 126 673 495 3 
111 124 668 487 3 
112 119 669 488 3 
106 124 679 494 3 
117 123 693 489 3 
124 122 704 474 3 
126 122 691 485 3 
122 117 703 472 3 
115 116 698 488 3 
117 120 705 490 3 
121 118 703 482 3 
119 122 696 481 3 
112 126 693 480 3 
118 123 691 478 3 
115 111 697 473 3 
111 113 686 477 3 
110 110 715 477 3 
107 112 719 463 3 
106 110 729 446 3 
106 115 736 466 3 
111 119 737 440 3 
115 121 739 426 3 
111 115 746 440 3 
113 126 757 435 3 
109 129 761 434 3 
120 128 748 426 3 
114 125 766 432 3 
110 118 769 447 3 
118 108 766 459 3 
118 107 761 465 3 
124 107 762 452 3 
113 102 766 461 3 
107 98 784 460 3 
106 97 753 477 3 
106 103 766 468 3 
100 99 753 464 3 
103 98 762 455 3 
102 98 748 458 3 
102 90 786 471 3 
101 88 797 471 3 
101 85 800 467 3 
101 84 807 465 3 
99 85 804 464 3 
104 87 795 469 3 
100 88 776 473 3 
92 83 782 469 3 
98 93 780 481 3 
103 90 790 493 3 
97 86 781 476 3 
101 82 780 484 3 
103 81 771 495 3 
98 87 788 497 3 
97 84 776 503 3 
84 86 802 478 3 
99 88 812 492 3 
91 91 803 486 3 
88 86 809 481 3 
87 90 819 458 3 
84 93 818 443 3 
87 94 816 437 3 
88 96 830 442 3 
92 93 820 433 3 
96 92 814 434 3 
100 94 810 430 3 
102 94 798 441 3 
104 91 798 432 3 
111 96 805 428 3 
118 94 800 429 3 
123 107 802 433 3 
117 108 814 421 3 
119 115 810 412 3 
119 120 818 405 3 
120 117 825 419 3 
127 119 834 420 3 
128 116 844 427 3 
122 120 861 424 3 
128 123 881 444 3 
123 128 906 435 3 
122 138 907 437 3 
122 137 905 433 3 
127 136 885 427 3 
118 132 892 422 3 
118 130 893 421 3 
109 127 909 422 3 
116 126 904 415 3 
112 133 906 417 3 
111 136 900 397 3 
111 140 891 413 3 
102 139 893 419 3 
111 144 893 423 3 
113 147 889 431 3 
111 146 873 427 3 
107 154 868 417 3 
111 157 858 416 3 
111 158 855 414 3 
110 148 869 416 3 
115 137 850 429 3 
107 134 826 442 3 
107 130 851 428 3 
112 129 846 436 3 
107 129 863 424 3 
105 126 849 421 3 
107 123 871 408 3 
112 121 862 423 3 
103 121 855 422 3 
105 123 868 427 3 
106 125 870 426 3 
106 130 883 432 3 
102 133 873 423 3 
101 132 856 429 3 
96 139 860 421 3 
96 139 873 421 3 
97 142 885 422 3 
97 144 894 432 3 
102 141 901 436 3 
101 134 893 432 3 
103 129 886 424 3 
96 133 889 431 3 
94 127 871 448 3 
96 128 880 462 3 
92 128 891 460 3 
94 123 892 456 3 
92 124 877 471 3 
95 113 885 458 3 
97 115 889 471 3 
95 115 882 476 3 
101 117 899 469 3 
103 112 884 474 3 
95 103 886 478 3 
95 100 899 471 3 
89 99 891 480 3 
85 110 908 473 3 
88 113 921 483 3 
90 105 906 487 3 
88 103 924 489 3 
85 102 945 490 3 
82 105 952 487 3 
86 107 945 479 3 
83 105 952 480 3 
76 109 979 482 3 
79 105 981 503 3 
83 104 966 513 3 
84 102 958 524 3 
79 103 961 520 3 
77 107 949 520 3 
75 104 977 522 3 
75 110 973 520 3 
74 111 969 511 3 
75 104 965 505 3 
78 107 955 521 3 
85 106 955 515 3 
82 108 974 525 3 
85 100 983 520 3 
81 103 967 514 3 
83 101 969 513 3 
88 102 950 507 3 
90 100 947 489 3 
92 98 950 517 3 
93 95 967 518 3 
91 95 973 506 3 
82 93 985 494 3 
85 90 975 498 3 
85 87 962 498 3 
87 87 984 508 3 
88 76 998 513 3 
87 75 988 519 3 
85 74 975 516 3 
79 72 974 524 3 
80 64 999 530 3 
84 69 977 521 3 
83 71 959 519 3 
74 71 955 531 3 
66 75 954 521 3 
63 78 966 518 3 
61 78 979 528 3 
63 79 979 513 3 
62 77 1004 510 3 
66 77 1004 507 3 
72 82 977 499 3 
78 84 979 489 3 
77 84 968 492 3 
78 87 955 480 3 
85 88 941 475 3 
87 85 962 499 3 
91 87 970 492 3 
88 82 960 503 3 
94 82 959 485 3 
99 84 966 496 3 
91 84 963 481 3 
99 78 961 491 3 
101 78 961 499 3 
101 83 954 488 3 
106 83 933 490 3 
107 82 923 494 3 
102 83 917 507 3 
96 84 917 510 3 
90 80 927 506 3 
94 83 923 502 3 
96 81 915 514 3 
94 84 921 521 3 
93 82 925 521 3 
91 83 916 511 3 
86 78 924 498 3 
86 76 930 500 3 
87 77 937 494 3 
88 72 962 498 3 
87 78 955 492 3 
81 79 938 487 3 
78 81 941 487 3 
83 79 931 472 3 
79 77 924 481 3 
75 73 936 483 3 
74 73 924 507 3 
72 67 957 509 3 
70 66 944 521 3 
70 69 961 516 3 
69 71 971 524 3 
69 68 978 535 3 
74 69 958 528 3 
78 71 950 514 3 
79 75 953 532 3 
82 74 959 536 3 
87 71 988 534 3 
91 69 991 521 3 
84 68 974 510 3 
83 69 985 523 3 
86 67 970 526 3 
77 69 973 526 3 
76 64 974 519 3 
72 63 971 512 3 
72 57 984 502 3 
76 62 971 492 3 
71 57 973 478 3 
73 54 949 465 3 
76 55 948 463 3 
79 55 943 460 3 
69 53 929 467 3 
69 51 915 463 3 
77 52 909 467 3 
72 55 945 467 3 
72 53 925 471 3 
73 54 927 475 3 
68 59 928 472 3 
66 54 932 475 3 
67 55 937 481 3 
67 52 932 489 3 
69 47 916 485 3 
69 47 918 478 3 
70 48 927 475 3 
68 48 932 491 3 
66 45 957 482 3 
64 43 972 494 3 
63 43 960 508 3 
60 44 960 518 3 
66 41 972 514 3 
60 43 998 529 3 
60 37 975 544 3 
61 33 973 547 3 
62 32 981 553 3 
67 34 1002 546 3 
63 30 998 556 3 
62 30 978 537 3 
66 31 972 537 3 
69 33 967 518 3 
67 36 958 523 3 
74 38 967 524 3 
77 37 963 536 3 
74 41 961 515 3 
77 43 976 522 3 
77 48 965 531 3 
80 48 953 509 3 
71 44 950 514 3 
69 42 949 510 3 
64 40 968 503 3 
66 40 997 495 3 
72 41 978 505 3 
77 35 1004 512 3 
77 40 1014 520 3 
76 41 1013 529 3 
79 38 997 536 3 
88 35 988 534 3 
91 35 978 544 3 
90 39 967 538 3 
90 37 949 525 3 
86 37 954 517 3 
88 38 949 533 3 
86 40 945 535 3 
86 36 959 552 3 
79 39 975 548 3 
75 41 974 562 3 
78 39 964 554 3 
81 41 954 534 3 
85 46 970 540 3 
81 46 970 537 3 
84 47 993 533 3 
87 52 979 551 3 
83 50 979 531 3 
84 52 976 517 3 
86 48 984 512 3 
84 50 955 539 3 
83 52 939 526 3 
84 49 926 523 3 
85 49 912 502 3 
84 44 902 497 3 
88 45 914 505 3 
82 44 911 505 3 
77 45 930 478 3 
78 40 939 485 3 
81 39 931 470 3 
82 45 927 479 3 
80 46 947 473 3 
80 46 943 460 3 
76 43 941 451 3 
70 43 936 462 3 
67 43 938 476 3 
66 40 951 460 3 
63 42 952 472 3 
61 41 958 462 3 
65 44 965 462 3 
64 48 949 450 3 
59 49 954 446 3 
57 43 957 435 3 
60 38 963 427 3 
58 38 962 432 3 
60 35 961 435 3 
58 36 979 439 3 
56 35 986 436 3 
58 34 1003 431 3 
60 33 1023 443 3 
61 34 1025 434 3 
59 33 1009 452 3 
56 32 965 447 3 
55 35 974 453 3 
58 35 996 454 3 
65 29 995 465 3 
61 26 1008 453 3 
58 25 1007 447 3 
57 25 1002 434 3 
57 28 1015 431 3 
60 27 1029 441 3 
62 22 1056 439 3 
57 23 1044 447 3 
60 23 1031 465 3 
62 26 1029 455 3 
62 27 1031 453 3 
61 29 1020 447 3 
62 33 1001 445 3 
62 31 1003 457 3 
64 30 1024 470 3 
66 34 1011 466 3 
70 36 1019 466 3 
72 35 1015 455 3 
71 33 1026 446 3 
68 38 1026 447 3 
68 38 1019 465 3 
67 39 1016 472 3 
71 38 1040 466 3 
65 36 1027 485 3 
60 37 1020 492 3 
59 38 1049 482 3 
61 35 1063 480 3 
59 31 1082 491 3 
61 32 1085 484 3 
60 32 1073 474 3 
63 32 1077 464 3 
60 30 1078 460 3 
65 28 1106 444 3 
66 28 1107 442 3 
66 29 1134 449 3 
66 31 1146 429 3 
65 34 1130 431 3 
66 36 1093 422 3 
70 39 1076 399 3 
70 38 1085 411 3 
65 42 1063 418 3 
66 44 1072 417 3 
61 46 1072 415 3 
54 41 1059 421 3 
61 42 1072 418 3 
58 44 1043 425 3 
55 47 1061 429 3 
51 51 1095 432 3 
54 55 1095 427 3 
52 51 1092 437 3 
53 48 1090 428 3 
58 49 1107 421 3 
55 52 1112 424 3 
56 50 1114 433 3 
61 50 1098 433 3 
62 55 1101 419 3 
64 57 1101 415 3 
61 56 1075 418 3 
57 60 1087 417 3 
60 62 1085 421 3 
58 56 1082 416 3 
60 60 1061 401 3 
59 61 1063 395 3 
60 62 1038 397 3 
64 62 1061 397 3 
66 63 1066 393 3 
68 63 1062 399 3 
72 56 1091 400 3 
67 57 1102 391 3 
73 57 1090 392 3 
69 52 1097 384 3 
72 48 1110 397 3 
70 53 1094 391 3 
73 51 1075 385 3 
79 51 1073 386 3 
80 49 1078 389 3 
79 50 1077 400 3 
77 49 1078 399 3 
80 55 1108 394 3 
83 55 1094 390 3 
84 56 1108 384 3 
82 58 1105 378 3 
86 52 1116 384 3 
86 55 1108 399 3 
91 57 1085 396 3 
93 58 1078 393 3 
91 57 1054 408 3 
96 60 1037 412 3 
91 61 1029 412 3 
96 67 1043 408 3 
88 64 1040 407 3 
94 62 1052 408 3 
98 61 1060 405 3 
93 58 1052 408 3 
88 61 1054 420 3 
85 60 1039 411 3 
87 57 1054 424 3 
94 56 1055 434 3 
89 56 1060 423 3 
87 59 1056 416 3 
80 64 1049 410 3 
88 64 1017 411 3 
86 64 1018 417 3 
93 68 1032 404 3 
92 65 1042 417 3 
90 63 1053 424 3 
91 61 1055 410 3 
88 56 1070 418 3 
98 61 1060 435 3 
94 58 1060 446 3 
91 60 1065 453 3 
96 61 1073 448 3 
90 61 1063 447 3 
91 60 1079 434 3 
100 56 1079 434 3 
103 54 1071 445 3 
103 54 1089 449 3 
106 56 1077 433 3 
102 57 1082 425 3 
96 58 1104 415 3 
101 56 1100 417 3 
97 56 1106 415 3 
95 58 1102 416 3 
99 56 1094 413 3 
97 59 1079 400 3 
97 58 1084 392 3 
108 58 1089 388 3 
111 53 1093 384 3 
112 54 1098 393 3 
117 54 1090 391 3 
117 55 1077 413 3 
120 60 1095 411 3 
118 59 1074 402 3 
108 59 1081 408 3 
114 59 1083 419 3 
115 57 1072 428 3 
112 61 1072 424 3 
110 65 1066 423 3 
106 60 1071 425 3 
102 58 1082 426 3 
99 55 1080 403 3 
96 58 1084 398 3 
98 58 1077 404 3 
96 58 1072 403 3 
100 52 1073 412 3 
98 54 1080 415 3 
101 53 1064 427 3 
99 47 1047 419 3 
100 49 1037 413 3 
105 46 1046 416 3 
112 48 1047 399 3 
117 45 1052 406 3 
109 41 1037 408 3 
102 43 1043 413 3 
92 45 1073 413 3 
92 47 1071 413 3 
89 49 1075 413 3 
96 48 1068 402 3 
100 53 1062 411 3 
101 51 1053 417 3 
103 51 1086 415 3 
97 48 1047 399 3 
96 48 1053 405 3 
101 47 1067 390 3 
101 48 1072 398 3 
102 49 1076 389 3 
105 44 1088 391 3 
103 46 1084 391 3 
104 45 1049 395 3 
104 51 1042 390 3 
104 50 1062 394 3 
100 51 1046 382 3 
100 57 1059 373 3 
91 59 1054 366 3 
101 63 1041 375 3 
109 64 1041 381 3 
119 57 1035 376 3 
122 57 1031 379 3 
131 59 1035 369 3 
131 58 1039 352 3 
121 57 1057 351 3 
121 56 1064 336 3 
116 58 1055 324 3 
113 57 1067 326 3 
113 61 1075 324 3 
119 63 1085 322 3 
123 65 1096 319 3 
120 70 1090 317 3 
122 70 1086 324 3 
125 71 1085 335 3 
126 69 1093 323 3 
131 67 1092 323 3 
130 67 1093 321 3 
126 65 1087 323 3 
129 62 1086 322 3 
130 62 1077 309 3 
132 57 1058 304 3 
128 54 1071 307 3 
134 58 1065 308 3 
129 55 1032 321 3 
124 59 1037 327 3 
125 62 1033 324 3 
127 61 1027 322 3 
121 64 1014 329 3 
117 65 1011 331 3 
116 63 990 331 3 
117 61 996 327 3 
125 60 1014 318 3 
119 60 1024 320 3 
120 63 1018 318 3 
120 58 1058 321 3 
120 56 1049 323 3 
124 61 1043 326 3 
122 57 1050 325 3 
119 55 1021 322 3 
112 54 1031 320 3 
113 52 1027 325 3 
109 52 1055 327 3 
111 53 1050 340 3 
119 53 1049 348 3 
121 53 1057 351 3 
124 51 1043 350 3 
126 50 1049 359 3 
122 45 1047 355 3 
115 53 1061 347 3 
116 51 1072 351 3 
121 55 1075 353 3 
121 53 1105 348 3 
121 52 1114 331 3 
122 52 1118 329 3 
130 51 1124 335 3 
135 51 1128 336 3 
127 49 1096 341 3 
121 51 1111 333 3 
120 55 1090 336 3 
119 49 1089 338 3 
120 47 1074 333 3 
129 46 1087 337 3 
136 47 1084 344 3 
137 49 1095 341 3 
140 48 1095 345 3 
141 50 1089 358 3 
145 53 1102 345 3 
151 46 1084 358 3 
152 49 1077 347 3 
151 46 1076 349 3 
151 50 1071 352 3 
148 52 1049 350 3 
144 48 1054 343 3 
141 52 1063 344 3 
137 49 1068 358 3 
145 42 1057 361 3 
146 43 1068 353 3 
142 39 1086 369 3 
140 33 1093 365 3 
142 30 1109 372 3 
148 33 1096 366 3 
148 34 1090 356 3 
144 31 1098 358 3 
143 39 1094 364 3 
137 38 1090 353 3 
132 35 1092 351 3 
134 33 1063 345 3 
129 34 1063 348 3 
130 32 1055 357 3 
128 38 1082 353 3 
129 41 1083 361 3 
125 37 1053 356 3 
128 34 1066 361 3 
120 36 1043 364 3 
116 35 1045 369 3 
110 36 1044 378 3 
108 36 1066 363 3 
115 33 1096 368 3 
105 35 1094 377 3 
97 36 1109 378 3 
98 32 1111 380 3 
97 28 1095 393 3 
97 30 1077 399 3 
101 32 1073 400 3 
106 30 1063 394 3 
110 34 1062 393 3 
105 39 1043 390 3 
102 38 1060 395 3 
102 36 1074 392 3 
104 38 1060 395 3 
99 45 1071 387 3 
99 47 1061 381 3 
102 51 1062 377 3 
99 50 1035 378 3 
104 53 1047 375 3 
102 55 1066 373 3 
97 55 1072 390 3 
100 52 1058 381 3 
98 55 1084 385 3 
97 54 1077 383 3 
100 55 1057 379 3 
97 53 1034 383 3 
94 49 1024 383 3 
93 51 1000 381 3 
96 50 1015 385 3 
104 52 1026 398 3 
106 46 1018 389 3 
99 51 1007 386 3 
93 53 980 389 3 
89 54 991 389 3 
95 54 980 377 3 
97 54 985 372 3 
103 55 993 364 3 
103 59 985 359 3 
100 61 978 358 3 
107 60 991 361 3 
115 57 982 358 3 
117 58 988 348 3 
114 57 982 364 3 
113 62 976 369 3 
106 60 990 378 3 
106 59 996 381 3 
107 55 1006 369 3 
99 51 1022 365 3 
103 51 1002 360 3 
103 53 1003 359 3 
105 58 978 358 3 
105 58 993 362 3 
115 64 995 361 3 
122 64 986 370 3 
117 67 969 377 3 
120 68 970 379 3 
122 67 977 390 3 
121 66 976 385 3 
118 68 979 381 3 
116 65 979 385 3 
120 63 968 401 3 
117 67 964 398 3 
116 74 971 405 3 
130 75 995 400 3 
125 77 1007 399 3 
134 75 981 414 3 
130 78 963 426 3 
129 74 973 424 3 
128 80 1001 416 3 
128 77 1016 402 3 
116 74 1003 399 3 
111 73 998 396 3 
118 78 985 405 3 
124 81 981 414 3 
121 79 973 418 3 
120 76 994 401 3 
127 73 993 411 3 
120 72 1014 423 3 
120 72 1030 427 3 
122 73 1039 414 3 
122 71 1042 405 3 
122 70 1024 410 3 
130 65 1033 401 3 
128 60 1027 400 3 
125 65 1015 405 3 
126 69 1009 409 3 
128 63 979 400 3 
120 65 984 405 3 
114 60 977 389 3 
115 56 978 399 3 
119 55 982 402 3 
119 53 987 403 3 
118 52 982 405 3 
113 54 991 403 3 
115 53 991 402 3 
115 52 1012 399 3 
107 49 1018 395 3 
105 50 1020 389 3 
