0 0 0 0 0 
0 0 0 0 0 
1 0 0 0 0 
1 1 0 0 0 
1 2 0 0 0 
1 4 0 0 0 
2 4 0 0 0 
2 3 0 1 0 
2 1 1 1 0 
4 1 1 1 0 
4 1 1 1 0 
5 1 1 2 0 
4 1 1 2 0 
3 1 1 3 0 
4 1 1 3 0 
6 1 2 2 0 
7 0 2 4 0 
7 0 1 5 0 
9 0 3 5 0 
6 0 3 5 0 
6 1 3 4 0 
8 1 3 3 0 
8 1 3 3 0 
9 2 3 3 0 
9 3 3 5 0 
8 3 5 6 0 
8 4 6 7 0 
9 4 7 7 0 
9 4 8 8 0 
10 4 8 10 0 
11 4 8 14 0 
10 4 10 16 0 
10 4 10 16 0 
10 4 10 19 0 
11 3 11 20 0 
12 4 13 19 0 
13 4 14 20 0 
9 6 15 25 0 
7 7 14 27 0 
7 7 13 28 0 
9 7 13 26 0 
11 6 16 25 0 
10 7 17 29 0 
12 7 14 26 0 
13 8 13 27 0 
13 9 18 30 0 
12 12 17 33 0 
12 10 15 34 4 
13 11 14 34 4 
11 10 15 37 4 
11 9 19 35 0 
13 10 18 36 0 
13 11 19 39 4 
14 9 18 40 4 
12 9 16 43 4 
15 10 16 46 4 
14 11 15 45 4 
14 12 12 45 4 
12 14 12 50 4 
13 13 14 52 4 
11 12 14 53 4 
10 11 16 53 4 
14 10 15 53 4 
12 12 17 52 4 
12 11 19 48 4 
13 12 21 53 4 
12 12 24 56 4 
13 14 25 62 4 
14 15 26 65 4 
14 17 25 64 4 
15 18 25 70 4 
14 19 30 70 4 
17 19 32 75 4 
19 18 33 75 4 
20 17 35 75 4 
25 17 35 83 4 
22 18 35 90 4 
25 20 36 86 4 
24 20 39 86 4 
25 23 41 90 4 
27 21 40 88 4 
28 19 43 88 4 
31 18 46 86 4 
34 14 49 84 4 
37 16 55 88 4 
36 17 56 87 4 
37 16 57 85 0 
41 16 58 82 0 
43 15 64 86 0 
46 15 63 83 0 
45 17 69 77 0 
51 17 67 76 0 
49 19 75 73 0 
45 18 85 71 0 
44 17 94 77 0 
45 18 93 73 0 
46 20 94 75 0 
48 17 98 80 0 
43 18 99 88 0 
46 18 99 92 0 
46 19 98 95 0 
47 20 99 96 0 
51 20 108 101 0 
54 21 101 106 0 
49 20 105 114 0 
52 17 108 106 0 
49 19 107 113 0 
55 21 102 112 0 
51 15 101 117 0 
48 14 102 121 0 
52 12 109 121 0 
52 9 113 125 0 
56 7 121 122 0 
52 6 124 128 0 
51 7 123 128 0 
51 7 127 132 0 
53 8 134 131 0 
54 9 134 135 0 
55 7 138 142 0 
58 9 146 133 0 
58 10 145 132 0 
59 14 137 134 0 
55 14 133 139 0 
56 15 137 142 0 
56 16 143 150 0 
61 15 144 149 0 
68 14 146 157 0 
69 13 150 148 0 
64 14 156 153 0 
65 14 160 156 0 
62 15 165 160 0 
59 15 170 157 0 
61 17 180 158 0 
62 19 177 160 0 
70 19 179 167 0 
70 21 184 168 0 
64 25 181 169 0 
57 23 184 170 0 
58 23 197 179 0 
59 20 198 179 0 
59 18 204 179 0 
58 21 193 188 0 
59 23 206 209 0 
55 20 212 195 0 
61 21 205 200 0 
62 22 203 211 0 
57 23 208 219 0 
58 26 209 225 0 
61 21 216 230 0 
58 25 225 229 0 
56 26 235 220 0 
62 26 242 208 0 
61 29 243 215 0 
59 28 247 203 0 
62 30 255 196 3 
63 31 250 201 0 
58 29 253 208 0 
56 32 265 214 0 
55 30 271 219 0 
63 29 268 233 0 
69 27 282 232 0 
71 28 282 236 0 
73 28 286 238 0 
70 29 296 244 0 
72 29 297 238 0 
77 27 300 241 0 
74 30 304 237 3 
75 30 301 244 0 
72 32 295 249 0 
71 35 288 255 0 
71 38 292 259 0 
72 37 308 266 0 
73 38 322 268 0 
78 40 319 266 0 
85 40 316 263 0 
87 38 314 271 0 
86 33 309 271 0 
83 32 302 279 0 
87 35 308 278 0 
85 37 321 289 0 
83 35 324 298 0 
82 38 330 296 0 
88 40 336 299 0 
89 38 338 286 0 
88 36 350 289 0 
85 38 355 275 3 
84 35 372 287 3 
90 35 377 286 3 
93 32 370 284 3 
94 34 372 295 3 
91 34 379 294 3 
91 36 399 294 3 
99 38 405 300 3 
90 41 415 315 3 
97 43 426 323 3 
101 48 425 323 3 
107 53 429 334 3 
113 53 434 329 3 
109 53 438 323 3 
104 54 431 323 3 
98 51 422 318 3 
97 53 442 312 3 
100 57 452 312 3 
98 61 449 326 3 
97 61 449 319 3 
96 66 458 325 3 
97 66 459 326 3 
92 68 450 320 3 
92 73 446 321 3 
93 75 456 333 3 
93 72 474 341 3 
91 73 483 344 3 
99 65 488 358 3 
94 65 500 368 3 
98 70 497 372 3 
108 73 507 389 3 
103 74 517 395 3 
96 75 522 395 3 
93 79 531 397 3 
94 77 539 393 3 
100 81 553 384 3 
102 82 568 388 3 
102 86 566 394 3 
103 82 577 406 3 
100 86 576 410 3 
97 80 586 414 3 
94 79 598 414 3 
99 78 608 431 3 
101 79 616 425 3 
97 84 600 434 3 
93 82 578 433 3 
96 79 584 434 3 
99 79 601 429 3 
107 77 616 437 3 
108 81 627 425 3 
112 76 612 430 3 
113 76 609 440 3 
108 75 592 452 3 
108 68 599 456 3 
104 68 603 464 3 
105 72 612 469 3 
105 70 610 477 3 
103 73 610 479 3 
96 76 613 470 3 
85 71 605 473 3 
87 76 609 493 3 
91 78 618 494 3 
93 78 607 497 3 
94 76 625 495 3 
89 83 639 488 3 
90 86 638 472 3 
92 84 651 471 3 
96 78 665 487 3 
93 78 678 490 3 
96 82 688 506 3 
99 86 693 502 3 
98 92 689 501 3 
95 90 692 503 3 
94 95 705 503 3 
94 100 696 508 3 
94 97 702 530 3 
91 99 690 534 3 
95 101 689 521 3 
97 102 686 521 3 
97 97 687 519 3 
96 93 701 527 3 
94 87 706 538 3 
98 86 710 530 3 
102 89 716 535 3 
100 92 705 544 3 
97 88 734 548 3 
97 87 729 532 3 
101 86 723 543 3 
98 84 719 548 3 
95 81 721 555 3 
91 80 723 561 3 
87 80 734 568 3 
89 77 742 572 3 
87 82 733 570 3 
82 80 748 571 3 
81 78 743 557 3 
87 74 744 560 3 
87 72 751 561 3 
91 75 752 567 3 
90 82 753 571 3 
83 81 734 551 3 
87 77 757 548 3 
83 75 743 558 3 
82 77 743 559 3 
79 81 758 548 3 
75 78 763 540 3 
70 77 766 530 3 
74 76 762 531 3 
79 77 773 531 3 
88 74 779 534 3 
94 69 770 526 3 
92 72 774 526 3 
91 73 780 532 3 
92 74 786 525 3 
90 72 806 514 3 
89 77 798 507 3 
84 80 806 510 3 
89 78 808 528 3 
89 75 791 544 3 
95 70 795 546 3 
93 70 790 551 3 
96 71 821 534 3 
100 67 832 548 3 
105 62 839 544 3 
105 59 842 554 3 
108 56 833 564 3 
101 61 833 564 3 
96 64 834 580 3 
94 73 830 582 3 
98 72 813 596 3 
96 72 817 600 3 
102 71 817 619 3 
100 67 827 620 3 
101 66 818 649 3 
98 65 831 633 3 
100 70 805 646 3 
105 62 789 633 3 
103 60 804 625 3 
104 60 811 631 3 
106 62 817 642 3 
104 57 812 642 3 
101 67 798 652 3 
99 67 796 660 3 
100 64 794 644 3 
99 66 821 626 3 
103 66 842 618 3 
101 66 856 617 3 
101 68 838 626 3 
103 62 846 620 3 
108 68 819 620 3 
115 68 823 629 3 
117 66 845 618 3 
119 62 843 602 3 
119 57 856 597 3 
119 65 849 575 3 
117 62 852 580 3 
112 60 840 591 3 
117 61 849 588 3 
119 60 843 596 3 
123 56 857 587 3 
130 55 855 584 3 
127 57 857 583 3 
130 58 852 590 3 
125 62 860 579 3 
123 66 843 567 3 
120 69 839 565 3 
117 60 856 576 3 
104 56 863 577 3 
96 51 867 571 3 
100 51 871 551 3 
100 53 877 563 3 
99 53 854 574 3 
99 53 866 561 3 
100 50 861 565 3 
95 52 849 533 3 
100 48 853 527 3 
102 49 850 522 3 
93 48 844 516 3 
94 43 846 503 3 
94 45 861 508 3 
102 49 859 499 3 
106 49 874 503 3 
101 45 868 499 3 
97 49 867 487 3 
93 45 884 492 3 
87 41 891 489 3 
90 42 879 500 3 
100 43 861 498 3 
110 48 854 482 3 
116 45 855 494 3 
122 43 849 506 3 
124 45 882 487 3 
121 43 881 501 3 
122 42 890 503 3 
129 42 901 506 3 
124 42 887 507 3 
124 41 877 508 3 
116 37 880 495 3 
119 35 886 502 3 
117 39 889 495 3 
122 40 890 506 3 
123 39 898 507 3 
127 40 915 503 3 
132 41 913 509 3 
129 37 911 505 3 
128 37 895 497 3 
132 39 903 512 3 
128 35 903 514 3 
128 40 925 526 3 
136 46 903 521 3 
137 49 889 518 3 
134 45 879 513 3 
128 43 885 511 3 
125 39 880 495 3 
127 40 887 491 3 
119 39 893 482 3 
118 36 916 483 3 
121 36 908 486 3 
121 39 910 497 3 
118 37 898 482 3 
115 33 905 456 3 
118 32 921 455 3 
125 35 922 464 3 
118 35 927 455 3 
121 31 930 473 3 
121 30 944 475 3 
113 32 938 466 3 
118 35 937 470 3 
112 31 940 467 3 
107 31 951 469 3 
109 33 974 471 3 
109 31 983 478 3 
107 30 981 472 3 
107 31 984 476 3 
115 27 973 471 3 
110 27 983 462 3 
104 26 994 454 3 
105 26 1000 450 3 
112 23 980 443 3 
113 26 985 456 3 
119 25 967 466 3 
117 25 967 455 3 
117 25 995 449 3 
116 24 976 451 3 
109 26 999 446 3 
105 22 998 429 3 
103 22 1007 442 3 
105 24 1016 449 3 
108 25 1017 449 3 
99 22 1019 448 3 
100 24 985 446 3 
96 28 990 445 3 
96 33 983 451 3 
99 34 1003 459 3 
94 32 999 482 3 
91 37 999 492 3 
93 34 989 481 3 
90 40 981 469 3 
100 39 963 467 3 
99 39 952 455 3 
99 37 975 453 3 
96 39 962 468 3 
94 41 972 466 3 
88 39 995 474 3 
88 39 984 467 3 
88 40 988 472 3 
91 39 954 465 3 
91 39 967 469 3 
90 45 968 457 3 
94 45 958 455 3 
90 46 956 456 3 
90 46 956 463 3 
94 47 964 461 3 
98 44 960 455 3 
109 45 951 438 3 
98 44 944 436 3 
100 41 945 438 3 
97 39 937 436 3 
95 36 961 440 3 
92 39 949 431 3 
87 36 949 420 3 
90 33 963 415 3 
84 37 945 420 3 
88 37 951 423 3 
89 36 972 421 3 
91 34 985 419 3 
94 39 998 415 3 
93 41 992 421 3 
98 43 1009 430 3 
93 43 1006 435 3 
93 43 1017 451 3 
90 42 984 434 3 
88 40 1002 446 3 
88 39 1007 447 3 
80 38 1001 443 3 
84 39 1000 459 3 
80 41 1000 453 3 
76 39 994 480 3 
80 40 1004 487 3 
86 40 1006 482 3 
82 41 1014 488 3 
80 41 1031 488 3 
82 41 1034 481 3 
81 36 1030 493 3 
83 36 1034 506 3 
77 33 1047 498 3 
72 33 1041 493 3 
70 33 1036 472 3 
69 34 1028 465 3 
72 36 1029 448 3 
75 37 1023 456 3 
79 38 1022 451 3 
85 39 1017 438 3 
86 33 1035 429 3 
85 32 1042 428 3 
85 32 1037 435 3 
82 37 1044 443 3 
87 35 1053 439 3 
84 32 1041 451 3 
85 32 1061 451 3 
90 35 1077 448 3 
88 35 1086 435 3 
89 36 1092 449 3 
89 38 1096 449 3 
84 38 1115 443 3 
88 32 1102 441 3 
81 29 1075 439 3 
81 33 1086 431 3 
78 31 1058 437 3 
72 33 1045 435 3 
71 33 1020 439 3 
68 35 1047 431 3 
71 39 1055 418 3 
71 35 1084 429 3 
73 36 1083 422 3 
68 34 1067 427 3 
63 35 1054 423 3 
68 33 1041 423 3 
71 28 1040 416 3 
78 27 1046 406 3 
82 27 1062 390 3 
81 26 1054 391 3 
84 26 1045 390 3 
91 31 1083 395 3 
87 23 1087 397 3 
82 23 1113 398 3 
77 26 1111 394 3 
76 25 1109 393 3 
74 27 1084 389 3 
75 23 1089 377 3 
72 19 1075 382 3 
78 19 1065 381 3 
80 23 1072 388 3 
77 28 1062 398 3 
75 27 1053 403 3 
83 26 1055 395 3 
83 26 1055 404 3 
79 27 1060 410 3 
77 30 1058 403 3 
76 28 1049 395 3 
78 27 1061 398 3 
75 29 1076 383 3 
71 29 1043 379 3 
83 28 1054 372 3 
82 30 1076 374 3 
90 30 1090 378 3 
91 31 1080 390 3 
89 31 1083 378 3 
91 33 1066 375 3 
92 36 1097 377 3 
86 37 1118 365 3 
83 38 1094 357 3 
81 40 1086 354 3 
80 38 1086 347 3 
77 35 1099 348 3 
73 33 1113 334 3 
78 35 1114 325 3 
82 33 1130 338 3 
83 32 1119 340 3 
85 33 1095 344 3 
83 34 1084 335 3 
84 39 1102 344 3 
82 43 1113 339 3 
77 45 1124 340 3 
80 47 1129 333 3 
80 49 1124 322 3 
84 42 1116 320 3 
79 43 1099 325 3 
74 43 1086 321 3 
70 41 1081 320 3 
77 43 1101 323 3 
77 41 1127 324 3 
76 44 1139 328 3 
74 41 1125 327 3 
79 40 1143 325 3 
84 39 1141 312 3 
89 39 1167 317 3 
87 39 1152 319 3 
83 45 1144 319 3 
86 44 1131 314 3 
87 48 1155 313 3 
87 44 1142 316 3 
84 44 1141 319 3 
84 49 1155 322 3 
84 46 1153 320 3 
81 44 1138 327 3 
83 42 1148 328 3 
81 44 1163 315 3 
79 39 1164 318 3 
78 41 1181 305 3 
77 40 1159 304 3 
81 41 1165 303 3 
82 45 1173 304 3 
85 46 1161 313 3 
81 44 1142 318 3 
85 43 1147 307 3 
88 44 1141 307 3 
89 45 1128 307 3 
89 50 1126 298 3 
86 48 1151 300 3 
85 43 1120 298 3 
77 43 1117 301 3 
80 47 1143 296 3 
80 50 1151 302 3 
78 52 1166 300 3 
75 43 1164 294 3 
80 41 1171 284 3 
80 39 1177 281 3 
76 38 1178 286 3 
79 42 1175 282 3 
81 45 1198 280 3 
81 44 1227 281 3 
88 45 1237 278 3 
88 47 1214 279 3 
89 47 1221 284 3 
92 39 1229 275 3 
95 39 1213 277 3 
91 41 1217 282 3 
82 42 1216 283 3 
80 42 1207 289 3 
86 36 1217 290 3 
87 38 1224 291 3 
89 40 1226 293 3 
91 42 1190 298 3 
87 39 1212 298 3 
83 40 1204 319 3 
80 42 1219 319 3 
82 43 1192 309 3 
80 42 1184 285 3 
79 42 1172 284 3 
83 39 1167 281 3 
86 36 1165 288 3 
89 36 1168 273 3 
86 39 1159 281 3 
81 32 1156 268 3 
82 35 1174 266 3 
83 34 1148 264 3 
85 34 1131 252 3 
83 35 1140 254 3 
86 33 1146 262 3 
90 33 1166 256 3 
85 33 1168 271 3 
91 33 1168 259 3 
98 29 1163 252 3 
94 29 1150 254 3 
93 28 1126 258 3 
96 29 1121 254 3 
102 26 1133 251 3 
99 27 1124 240 3 
101 27 1139 231 3 
98 31 1160 228 3 
96 35 1159 228 3 
100 30 1148 225 3 
106 26 1147 225 3 
104 26 1148 228 3 
107 26 1153 222 3 
102 26 1152 226 3 
103 25 1148 232 3 
113 26 1145 225 3 
106 25 1120 219 3 
97 26 1155 214 3 
100 25 1177 208 3 
99 24 1154 206 3 
96 24 1164 215 3 
96 25 1183 218 3 
99 25 1167 216 3 
98 25 1197 216 3 
99 20 1209 213 3 
94 24 1230 214 3 
97 23 1247 221 3 
95 25 1249 226 3 
99 24 1236 225 3 
107 22 1245 227 3 
107 22 1248 236 3 
103 22 1228 252 3 
109 22 1220 252 3 
117 25 1213 246 3 
118 26 1219 239 3 
116 25 1227 244 3 
112 28 1227 244 3 
114 25 1239 234 3 
115 25 1247 247 3 
111 27 1226 245 3 
106 27 1210 246 3 
108 26 1214 248 3 
110 21 1198 255 3 
112 19 1197 259 3 
107 20 1208 247 3 
110 16 1203 254 3 
112 18 1186 250 3 
115 20 1183 263 3 
119 19 1182 265 3 
123 21 1184 257 3 
122 21 1177 259 3 
123 20 1192 252 3 
121 23 1181 246 3 
128 22 1154 259 3 
132 21 1183 250 3 
132 21 1210 243 3 
126 24 1200 237 3 
123 26 1190 239 3 
125 24 1216 234 3 
128 24 1194 235 3 
120 24 1188 238 3 
114 26 1200 233 3 
112 27 1186 217 3 
110 25 1181 204 3 
112 24 1197 209 3 
112 24 1194 202 3 
110 30 1215 207 3 
104 33 1218 211 3 
100 37 1201 209 3 
105 40 1179 208 3 
109 45 1181 201 3 
106 48 1187 198 3 
111 46 1175 200 3 
115 45 1174 211 3 
112 43 1185 206 3 
107 45 1197 206 3 
110 44 1202 219 3 
112 42 1191 221 3 
112 42 1170 219 3 
109 40 1196 219 3 
119 40 1193 219 3 
120 40 1178 226 3 
122 42 1199 213 3 
123 42 1190 218 3 
120 43 1213 216 3 
117 40 1220 217 3 
117 35 1187 206 3 
120 35 1169 203 3 
120 38 1151 203 3 
123 39 1160 203 3 
128 40 1166 205 3 
121 41 1152 195 3 
133 43 1172 199 3 
129 45 1163 199 3 
133 46 1173 205 3 
127 42 1181 212 3 
122 42 1172 220 3 
118 44 1159 220 3 
113 45 1153 236 3 
109 45 1174 223 3 
113 50 1186 219 3 
115 50 1176 216 3 
111 47 1171 222 3 
110 51 1178 214 3 
117 52 1157 218 3 
120 54 1150 213 3 
117 61 1136 216 3 
109 64 1126 218 3 
109 61 1124 210 3 
109 59 1120 217 3 
115 53 1089 216 3 
101 50 1092 216 3 
105 48 1112 212 3 
106 50 1111 221 3 
113 53 1100 228 3 
110 47 1084 236 3 
104 43 1091 241 3 
102 45 1079 246 3 
102 47 1079 235 3 
102 49 1080 247 3 
102 55 1079 245 3 
104 52 1079 237 3 
107 52 1085 245 3 
106 57 1089 256 3 
107 54 1087 251 3 
106 57 1079 261 3 
105 56 1075 246 3 
106 60 1094 253 3 
106 60 1093 240 3 
104 61 1102 256 3 
109 66 1105 260 3 
105 65 1112 270 3 
104 61 1111 260 3 
104 64 1103 262 3 
114 65 1130 263 3 
114 62 1134 275 3 
119 62 1148 276 3 
108 61 1161 273 3 
105 62 1160 271 3 
102 68 1172 272 3 
98 70 1175 273 3 
98 67 1202 269 3 
102 66 1177 260 3 
105 62 1162 252 3 
100 68 1186 261 3 
102 68 1190 265 3 
105 63 1199 262 3 
105 57 1203 265 3 
106 56 1221 253 3 
103 58 1227 246 3 
102 60 1192 245 3 
111 54 1168 231 3 
108 57 1130 238 3 
109 53 1128 238 3 
112 56 1136 238 3 
111 55 1150 232 3 
119 56 1138 238 3 
123 55 1149 235 3 
115 56 1155 238 3 
120 54 1181 249 3 
118 49 1170 248 3 
125 48 1186 254 3 
121 49 1210 253 3 
127 51 1203 253 3 
120 51 1189 251 3 
123 50 1192 258 3 
124 48 1180 252 3 
123 46 1182 250 3 
119 42 1164 257 3 
139 42 1156 268 3 
136 40 1153 265 3 
142 40 1162 258 3 
139 42 1173 262 3 
138 46 1158 260 3 
132 48 1175 246 3 
131 45 1177 250 3 
134 46 1178 256 3 
131 47 1174 258 3 
129 41 1174 256 3 
129 44 1184 253 3 
138 44 1186 259 3 
137 44 1162 268 3 
128 47 1160 258 3 
134 46 1174 260 3 
145 53 1156 261 3 
139 54 1163 268 3 
137 56 1155 267 3 
132 56 1152 266 3 
130 53 1145 272 3 
134 53 1127 270 3 
136 48 1125 268 3 
130 47 1143 267 3 
132 44 1140 266 3 
139 46 1136 266 3 
140 42 1149 272 3 
150 48 1156 270 3 
145 49 1123 262 3 
153 53 1151 264 3 
153 48 1142 250 3 
163 44 1150 240 3 
164 45 1162 247 3 
163 47 1175 244 3 
168 49 1171 235 3 
167 47 1169 245 3 
172 45 1153 252 3 
172 40 1131 259 3 
164 50 1127 257 3 
157 53 1128 253 3 
149 52 1130 254 3 
151 47 1113 251 3 
150 46 1107 246 3 
158 44 1130 239 3 
147 44 1084 240 3 
147 43 1086 239 3 
152 47 1078 237 3 
155 50 1081 218 3 
155 52 1078 216 3 
156 51 1077 239 3 
160 58 1091 247 3 
162 62 1103 247 3 
169 62 1118 238 3 
178 55 1114 235 3 
172 57 1101 241 3 
172 58 1118 247 3 
169 57 1113 238 3 
172 57 1134 238 3 
177 54 1133 244 3 
187 55 1120 233 3 
177 55 1110 234 3 
169 57 1091 237 3 
183 57 1087 237 3 
190 57 1060 232 3 
192 58 1079 224 3 
187 57 1062 218 3 
192 60 1070 227 3 
191 62 1053 215 3 
182 61 1075 219 3 
184 62 1068 219 3 
186 67 1069 217 3 
178 70 1056 211 3 
178 67 1051 217 3 
167 63 1074 225 3 
163 59 1072 226 3 
165 61 1070 228 3 
172 56 1062 220 3 
170 61 1040 229 3 
167 62 1059 216 3 
173 59 1061 209 3 
178 64 1049 212 3 
182 63 1063 215 3 
177 66 1084 205 3 
187 63 1066 215 3 
179 65 1055 218 3 
177 65 1067 217 3 
168 67 1084 235 3 
170 63 1079 234 3 
173 57 1110 245 3 
169 54 1114 237 3 
165 53 1130 235 3 
164 56 1105 232 3 
161 56 1106 231 3 
167 53 1099 234 3 
162 53 1121 241 3 
163 56 1126 237 3 
164 57 1112 241 3 
167 59 1100 240 3 
178 59 1091 241 3 
175 58 1073 245 3 
174 55 1068 251 3 
177 53 1075 248 3 
174 52 1113 246 3 
177 50 1075 237 3 
178 45 1091 240 3 
179 44 1116 243 3 
191 44 1126 248 3 
183 41 1123 245 3 
179 40 1138 239 3 
181 41 1134 233 3 
185 42 1124 238 3 
184 45 1135 231 3 
181 41 1138 227 3 
169 40 1096 224 3 
167 43 1080 219 3 
160 42 1098 203 3 
155 34 1116 210 3 
157 36 1147 212 3 
157 41 1149 208 3 
156 43 1156 212 3 
154 42 1163 209 3 
151 47 1163 203 3 
157 51 1138 199 3 
156 50 1132 200 3 
152 47 1125 194 3 
151 44 1145 191 3 
146 43 1154 182 3 
146 45 1150 177 3 
145 51 1156 174 3 
141 56 1168 176 3 
140 61 1191 175 3 
136 65 1175 170 3 
127 64 1168 174 3 
122 66 1185 161 3 
122 60 1189 168 3 
129 63 1187 162 3 
127 60 1206 157 3 
126 62 1199 157 3 
124 67 1226 169 3 
125 70 1226 171 3 
118 73 1238 175 3 
127 73 1233 173 3 
131 68 1234 166 3 
134 70 1219 166 3 
129 71 1245 167 3 
135 66 1225 159 3 
131 66 1230 163 3 
130 66 1217 163 3 
127 63 1228 153 3 
125 65 1241 158 3 
132 65 1233 152 3 
136 60 1226 143 3 
141 65 1259 140 3 
142 70 1265 131 3 
143 68 1248 132 3 
143 71 1233 136 3 
138 68 1234 128 3 
136 67 1194 131 3 
143 66 1193 144 3 
150 66 1178 134 3 
141 60 1212 136 3 
140 57 1218 138 3 
134 56 1207 136 3 
136 57 1188 136 3 
144 54 1196 147 3 
135 55 1204 157 3 
135 53 1229 153 3 
138 51 1211 155 3 
141 48 1203 158 3 
137 50 1210 167 3 
136 45 1220 170 3 
142 40 1203 176 3 
133 40 1200 168 3 
136 42 1202 176 3 
131 42 1202 171 3 
124 40 1203 168 3 
117 40 1214 175 3 
121 34 1194 183 3 
125 34 1206 184 3 
133 37 1181 191 3 
136 38 1193 192 3 
135 38 1217 193 3 
136 36 1214 183 3 
141 39 1238 174 3 
