0 0 0 2 0 
2 0 0 2 0 
3 0 0 2 0 
3 1 0 2 0 
3 1 0 1 0 
3 2 0 1 0 
4 2 0 0 0 
3 2 1 0 0 
3 1 3 0 0 
4 2 2 0 0 
5 3 3 0 0 
3 4 3 1 0 
3 4 4 2 0 
4 4 5 2 0 
4 4 6 2 0 
5 4 10 3 0 
7 4 11 5 0 
8 5 11 6 0 
8 4 11 5 0 
7 4 12 6 0 
7 6 11 5 0 
7 5 15 5 0 
8 6 15 5 0 
8 6 15 3 0 
10 8 16 3 0 
9 10 17 3 0 
9 11 16 3 0 
11 12 19 3 0 
9 12 23 3 0 
9 9 23 2 0 
9 10 25 3 0 
11 8 25 3 0 
12 8 31 4 3 
12 8 33 4 3 
14 9 35 4 3 
15 10 41 2 3 
17 13 37 2 3 
18 13 39 4 3 
15 15 41 4 3 
15 13 41 5 3 
16 12 43 4 3 
19 13 47 3 3 
21 14 44 3 3 
27 12 44 1 0 
27 10 45 1 0 
28 11 47 2 0 
32 13 47 2 0 
32 16 47 3 0 
34 17 44 3 0 
36 17 44 4 0 
32 17 44 5 0 
32 16 45 5 0 
32 17 47 5 0 
35 18 50 7 0 
36 21 53 6 0 
36 22 57 5 0 
39 21 62 6 0 
38 22 57 6 0 
33 23 60 4 3 
34 24 55 5 0 
38 24 47 4 0 
39 27 52 5 0 
37 29 55 6 0 
38 29 56 5 0 
39 27 59 5 0 
38 28 58 5 0 
38 27 57 2 0 
39 29 61 2 0 
42 30 55 3 0 
43 29 54 3 0 
43 28 50 3 0 
45 25 51 4 0 
41 25 54 4 0 
40 23 59 5 0 
39 23 61 5 0 
40 23 62 6 0 
38 24 65 7 3 
38 24 67 8 3 
39 28 67 8 3 
43 26 66 8 0 
51 27 65 8 0 
47 26 62 8 0 
49 30 68 8 0 
48 30 71 12 0 
47 26 72 13 0 
50 22 72 14 0 
52 20 73 15 0 
51 20 75 15 0 
49 19 77 15 0 
56 22 75 16 0 
62 25 73 17 0 
67 21 78 17 0 
71 21 85 19 0 
75 20 91 21 0 
74 22 93 22 0 
74 22 99 25 0 
69 23 99 24 0 
67 23 112 18 3 
65 22 116 21 3 
59 24 122 23 3 
57 23 130 20 3 
57 25 136 20 3 
58 25 131 21 3 
57 22 132 21 3 
59 23 132 19 3 
63 24 131 19 3 
64 25 142 19 3 
67 23 151 18 3 
68 23 156 19 3 
68 24 162 21 3 
69 26 169 23 3 
69 23 175 24 3 
65 22 184 25 3 
62 20 188 24 3 
58 21 191 25 3 
62 22 191 26 3 
66 23 196 25 3 
67 21 204 19 3 
66 19 209 20 3 
70 21 207 21 3 
78 21 215 20 3 
75 19 217 19 3 
77 21 221 19 3 
73 20 235 20 3 
71 17 235 20 3 
73 14 228 20 3 
74 15 231 23 3 
73 17 235 24 3 
72 17 240 24 3 
71 18 265 25 3 
67 19 275 23 3 
73 22 280 24 3 
79 22 269 24 3 
81 21 267 26 3 
76 22 265 29 3 
66 22 268 30 3 
68 20 264 33 3 
71 20 268 33 3 
65 20 267 35 3 
70 19 265 36 3 
69 19 263 40 3 
71 22 266 46 3 
74 21 268 45 3 
79 24 284 44 3 
79 25 297 48 3 
79 25 296 47 3 
78 26 307 47 3 
75 25 306 57 3 
77 26 312 59 3 
82 24 314 58 3 
86 27 309 58 3 
88 27 313 58 3 
94 23 303 61 3 
98 24 324 65 3 
92 25 324 71 3 
96 28 327 72 3 
92 29 332 73 3 
91 25 327 72 3 
87 26 325 75 3 
88 25 329 80 3 
89 28 315 89 3 
87 29 323 85 3 
93 33 341 94 3 
98 31 340 103 3 
101 29 355 101 3 
102 30 355 111 3 
109 31 364 115 3 
110 31 378 115 3 
115 31 372 119 3 
125 33 378 117 3 
126 27 387 121 3 
126 27 400 118 3 
118 24 403 128 3 
113 20 409 128 3 
114 18 405 130 3 
113 19 408 138 3 
117 17 420 149 3 
107 17 410 147 3 
113 19 421 160 3 
109 18 415 153 3 
112 23 413 154 3 
119 23 430 150 3 
119 22 436 142 3 
128 21 454 140 3 
124 23 435 140 3 
127 24 438 152 3 
127 27 443 152 3 
131 26 434 157 3 
123 27 434 160 3 
126 29 432 169 3 
128 30 441 169 3 
127 30 446 167 3 
130 35 454 179 3 
130 33 453 179 3 
128 32 476 181 3 
126 31 474 183 3 
126 29 482 189 3 
134 31 491 189 3 
133 30 516 187 3 
136 28 529 195 3 
142 27 536 198 3 
147 25 563 208 3 
147 29 551 207 3 
136 34 557 212 3 
143 35 565 211 3 
146 32 566 212 3 
139 37 573 221 3 
147 39 564 230 3 
149 38 577 230 3 
143 39 567 230 3 
145 38 611 238 3 
142 35 610 250 3 
144 36 606 251 3 
144 36 604 249 3 
147 39 605 244 3 
150 40 624 248 3 
148 43 641 258 3 
139 43 616 266 3 
137 45 609 271 3 
139 53 617 277 3 
141 54 633 278 3 
142 51 640 279 3 
143 53 649 277 3 
153 53 653 268 3 
157 49 651 260 3 
157 46 657 267 3 
164 44 645 268 3 
166 40 645 263 3 
162 42 649 265 3 
166 41 665 263 3 
163 38 672 255 3 
152 37 671 266 3 
143 35 670 272 3 
147 39 662 263 3 
139 39 661 263 3 
136 33 669 259 3 
131 33 685 258 3 
126 33 706 255 3 
133 30 715 244 3 
130 31 706 247 3 
139 32 726 233 3 
134 31 714 241 3 
142 31 702 250 3 
135 35 712 252 3 
140 35 720 249 3 
140 37 743 262 3 
145 44 744 264 3 
146 44 740 274 3 
141 40 745 277 3 
147 43 747 284 3 
139 44 744 300 3 
143 50 759 292 3 
137 46 756 296 3 
132 43 746 304 3 
132 45 749 302 3 
124 43 753 298 3 
124 42 755 310 3 
117 43 774 318 3 
105 45 776 324 3 
104 48 775 338 3 
106 53 797 336 3 
106 51 798 319 3 
101 53 798 316 3 
99 50 799 318 3 
104 52 819 326 3 
104 52 809 326 3 
107 51 809 336 3 
105 49 833 341 3 
102 48 835 340 3 
100 50 853 328 3 
105 45 843 327 3 
105 46 844 314 3 
114 46 857 309 3 
115 43 872 306 3 
114 40 878 309 3 
107 44 875 323 3 
101 43 882 328 3 
110 44 886 339 3 
110 44 888 342 3 
109 49 886 328 3 
109 44 892 321 3 
103 47 882 319 3 
97 42 899 324 3 
102 41 883 338 3 
107 37 882 342 3 
103 37 863 340 3 
99 39 867 344 3 
105 38 861 347 3 
104 38 869 351 3 
109 42 873 347 3 
107 43 863 339 3 
110 42 867 351 3 
106 46 866 353 3 
111 47 909 338 3 
121 44 909 340 3 
118 39 936 344 3 
110 34 935 357 3 
115 36 966 359 3 
116 37 963 334 3 
109 34 964 342 3 
108 34 970 344 3 
109 33 984 343 3 
106 36 990 345 3 
113 36 981 362 3 
108 42 990 365 3 
109 44 1012 347 3 
110 46 984 354 3 
111 43 990 365 3 
115 45 964 372 3 
112 48 958 373 3 
103 48 950 373 3 
102 41 961 371 3 
102 39 986 374 3 
101 36 984 381 3 
106 39 955 377 3 
103 40 974 378 3 
103 40 973 386 3 
95 40 983 394 3 
99 41 997 386 3 
96 40 1015 390 3 
95 39 1008 391 3 
92 35 997 391 3 
84 32 1009 381 3 
81 33 1002 389 3 
87 35 1032 384 3 
88 38 1038 390 3 
87 37 1040 387 3 
88 37 1032 400 3 
90 38 1032 392 3 
92 35 1033 386 3 
93 37 1028 387 3 
93 33 1020 377 3 
101 36 1002 385 3 
93 35 990 385 3 
100 33 969 374 3 
104 32 976 359 3 
99 33 984 373 3 
101 34 985 364 3 
98 32 972 366 3 
96 33 973 372 3 
93 37 987 365 3 
88 33 977 379 3 
87 33 964 375 3 
93 35 978 386 3 
88 40 989 385 3 
87 39 1000 384 3 
86 41 1015 381 3 
93 43 1048 383 3 
99 46 1028 373 3 
102 43 1045 373 3 
106 43 1049 375 3 
107 39 1049 377 3 
104 36 1064 375 3 
105 36 1069 383 3 
108 37 1066 387 3 
108 40 1073 386 3 
113 39 1051 382 3 
106 40 1075 385 3 
113 41 1056 386 3 
115 43 1066 391 3 
110 47 1061 386 3 
106 46 1060 395 3 
116 47 1033 398 3 
121 46 1018 406 3 
120 52 1029 400 3 
128 55 1050 379 3 
137 53 1057 374 3 
138 54 1058 368 3 
142 49 1062 368 3 
143 47 1037 358 3 
148 46 1032 366 3 
144 47 1009 353 3 
150 49 1025 349 3 
159 54 1016 347 3 
155 55 986 346 3 
159 56 1000 329 3 
161 57 1002 336 3 
155 57 1025 333 3 
161 58 1017 327 3 
154 60 1029 330 3 
148 61 1013 339 3 
153 58 1011 332 3 
151 54 1015 328 3 
153 55 1046 341 3 
157 54 998 341 3 
157 51 1003 356 3 
168 48 1012 351 3 
176 49 1023 369 3 
177 47 1046 350 3 
171 43 1027 342 3 
174 40 1057 343 3 
166 37 1062 350 3 
173 38 1073 343 3 
163 34 1074 345 3 
168 31 1067 329 3 
161 33 1057 327 3 
158 38 1042 316 3 
159 42 1016 317 3 
158 41 1000 305 3 
161 38 1011 302 3 
162 45 1016 314 3 
162 45 1044 304 3 
166 46 1032 296 3 
165 51 1048 290 3 
164 48 1061 291 3 
169 52 1050 291 3 
168 53 1022 277 3 
166 49 1041 282 3 
166 48 1067 288 3 
155 50 1063 288 3 
161 47 1070 286 3 
160 44 1074 277 3 
161 43 1076 282 3 
168 46 1062 282 3 
164 44 1062 279 3 
161 43 1085 285 3 
170 46 1095 300 3 
158 45 1086 290 3 
155 43 1091 291 3 
150 46 1096 284 3 
157 49 1093 287 3 
150 45 1103 291 3 
154 46 1090 280 3 
147 48 1095 265 3 
147 46 1097 279 3 
151 50 1104 281 3 
153 50 1089 290 3 
150 57 1088 291 3 
144 60 1100 299 3 
151 59 1096 313 3 
149 61 1104 317 3 
143 57 1116 327 3 
147 59 1129 315 3 
144 60 1115 310 3 
140 60 1099 303 3 
140 62 1065 325 3 
144 61 1039 337 3 
141 62 1046 343 3 
135 63 1033 337 3 
139 67 1046 332 3 
136 67 1066 329 3 
129 67 1070 321 3 
130 65 1072 337 3 
125 69 1078 323 3 
126 69 1088 316 3 
127 71 1077 315 3 
126 77 1075 305 3 
129 76 1078 308 3 
132 75 1089 308 3 
131 81 1079 302 3 
133 81 1073 309 3 
127 79 1073 292 3 
124 79 1066 305 3 
127 75 1074 295 3 
128 76 1085 297 3 
127 69 1083 292 3 
122 73 1071 292 3 
121 71 1070 290 3 
127 79 1082 288 3 
129 80 1083 285 3 
136 83 1100 290 3 
136 84 1091 285 3 
132 87 1062 276 3 
131 94 1064 270 3 
130 92 1071 280 3 
132 90 1059 282 3 
134 81 1057 273 3 
124 82 1071 267 3 
125 81 1070 263 3 
127 83 1061 257 3 
122 83 1072 252 3 
127 85 1058 244 3 
128 85 1034 247 3 
118 85 1034 247 3 
122 88 1073 245 3 
128 87 1063 250 3 
130 81 1041 245 3 
126 81 1034 251 3 
117 80 1040 254 3 
121 82 1058 261 3 
121 79 1055 269 3 
118 76 1041 273 3 
110 73 1023 276 3 
110 70 1023 272 3 
112 74 1036 272 3 
119 78 1044 272 3 
126 76 1043 267 3 
123 78 1070 255 3 
130 72 1063 268 3 
129 76 1057 263 3 
134 74 1079 261 3 
133 74 1097 271 3 
141 70 1107 271 3 
130 71 1124 286 3 
131 71 1131 287 3 
126 72 1125 287 3 
128 68 1110 280 3 
134 70 1112 284 3 
139 71 1084 287 3 
132 70 1077 288 3 
125 70 1105 296 3 
123 66 1097 296 3 
122 62 1108 297 3 
115 61 1093 301 3 
113 64 1067 291 3 
119 61 1109 301 3 
113 61 1097 298 3 
117 61 1093 306 3 
117 66 1079 305 3 
115 64 1080 293 3 
115 64 1080 296 3 
112 66 1083 285 3 
107 63 1072 278 3 
109 63 1086 276 3 
108 56 1069 283 3 
109 55 1084 285 3 
109 53 1091 291 3 
109 52 1082 286 3 
109 53 1089 295 3 
109 50 1098 314 3 
107 57 1108 307 3 
102 60 1091 313 3 
114 60 1095 308 3 
111 52 1115 306 3 
106 54 1120 300 3 
105 57 1124 314 3 
98 61 1118 313 3 
98 58 1120 313 3 
103 58 1122 303 3 
104 62 1134 312 3 
99 65 1134 309 3 
99 64 1151 305 3 
104 66 1146 304 3 
99 68 1118 300 3 
102 70 1100 294 3 
104 72 1103 300 3 
105 75 1102 299 3 
102 73 1109 304 3 
98 75 1111 303 3 
88 74 1115 308 3 
86 72 1135 301 3 
93 73 1119 304 3 
91 77 1108 293 3 
94 73 1108 283 3 
91 73 1121 289 3 
89 72 1124 287 3 
92 76 1137 307 3 
95 73 1106 309 3 
98 80 1108 308 3 
105 82 1101 310 3 
102 78 1083 297 3 
110 82 1088 305 3 
110 87 1065 288 3 
108 94 1054 282 3 
103 92 1043 287 3 
99 91 1058 284 3 
100 86 1036 286 3 
108 89 1013 282 3 
109 84 996 279 3 
105 80 998 270 3 
101 84 982 271 3 
98 86 984 274 3 
102 84 1006 266 3 
104 81 991 271 3 
105 81 999 268 3 
100 86 1004 271 3 
106 93 1031 264 3 
106 97 1055 276 3 
103 96 1087 275 3 
98 97 1075 280 3 
102 96 1082 268 3 
105 93 1083 268 3 
104 85 1092 280 3 
103 86 1117 281 3 
99 89 1088 274 3 
106 92 1079 277 3 
102 88 1078 277 3 
99 88 1050 273 3 
100 91 1084 264 3 
97 83 1069 259 3 
102 81 1081 261 3 
102 85 1077 259 3 
101 78 1087 250 3 
97 79 1101 253 3 
99 75 1086 257 3 
101 72 1064 259 3 
108 73 1055 257 3 
112 69 1049 253 3 
111 68 1055 260 3 
116 66 1069 260 3 
112 62 1080 263 3 
109 61 1085 276 3 
103 61 1076 286 3 
104 60 1079 278 3 
106 61 1053 276 3 
102 59 1062 289 3 
105 57 1059 290 3 
106 59 1039 306 3 
113 60 1050 290 3 
110 61 1033 291 3 
115 55 1041 298 3 
115 56 1067 303 3 
121 52 1071 303 3 
117 51 1082 308 3 
119 46 1089 306 3 
124 48 1101 315 3 
125 45 1115 311 3 
127 47 1095 299 3 
133 48 1093 304 3 
133 47 1093 320 3 
141 45 1105 323 3 
140 43 1119 325 3 
135 40 1090 327 3 
146 40 1084 324 3 
144 38 1099 309 3 
137 38 1107 298 3 
135 36 1133 308 3 
125 37 1142 300 3 
122 36 1144 308 3 
122 34 1119 306 3 
119 37 1097 312 3 
124 39 1146 314 3 
122 37 1139 309 3 
122 38 1132 296 3 
126 39 1131 297 3 
127 39 1144 289 3 
136 38 1162 296 3 
134 39 1179 299 3 
134 36 1187 301 3 
134 33 1189 296 3 
137 33 1188 284 3 
139 31 1207 296 3 
139 34 1219 294 3 
131 33 1220 295 3 
135 29 1200 311 3 
137 28 1182 311 3 
136 27 1173 286 3 
139 26 1165 279 3 
146 24 1139 276 3 
141 23 1134 280 3 
132 24 1118 277 3 
128 24 1092 285 3 
126 28 1085 295 3 
120 30 1072 295 3 
120 30 1092 290 3 
117 32 1073 298 3 
116 33 1086 310 3 
123 33 1116 313 3 
118 31 1092 321 3 
130 32 1099 318 3 
130 35 1087 320 3 
131 34 1105 336 3 
135 33 1107 326 3 
140 35 1126 326 3 
130 36 1113 325 3 
138 37 1075 310 3 
144 36 1071 300 3 
148 37 1071 297 3 
143 38 1060 291 3 
141 37 1060 290 3 
139 39 1064 299 3 
137 40 1045 309 3 
139 40 1025 311 3 
145 40 1020 314 3 
152 36 1026 314 3 
151 34 1039 318 3 
147 31 1050 300 3 
140 35 1059 309 3 
140 39 1081 316 3 
136 44 1098 309 3 
141 42 1099 318 3 
147 42 1100 318 3 
148 44 1111 326 3 
145 45 1090 323 3 
143 48 1073 316 3 
134 43 1065 311 3 
136 46 1068 317 3 
132 42 1073 315 3 
132 42 1067 310 3 
139 36 1080 309 3 
141 34 1083 308 3 
143 32 1097 304 3 
141 31 1090 305 3 
137 31 1115 318 3 
132 33 1120 326 3 
130 36 1150 321 3 
127 31 1115 321 3 
124 30 1112 319 3 
126 33 1099 341 3 
129 35 1109 336 3 
132 33 1114 336 3 
135 33 1117 341 3 
139 34 1122 332 3 
133 36 1136 326 3 
139 34 1138 339 3 
139 29 1134 337 3 
132 29 1144 330 3 
132 30 1129 338 3 
132 32 1138 339 3 
137 32 1127 339 3 
136 34 1134 333 3 
136 32 1123 327 3 
140 33 1124 332 3 
147 34 1149 324 3 
145 32 1155 317 3 
145 29 1144 317 3 
147 27 1136 317 3 
157 25 1151 301 3 
155 25 1142 296 3 
163 26 1138 295 3 
163 29 1134 291 3 
162 27 1166 286 3 
166 24 1162 290 3 
159 23 1156 303 3 
155 22 1167 289 3 
147 21 1160 289 3 
144 25 1151 291 3 
140 23 1147 289 3 
138 27 1138 285 3 
126 25 1156 283 3 
130 24 1156 280 3 
127 27 1165 281 3 
117 28 1162 277 3 
122 30 1142 268 3 
120 29 1159 270 3 
120 32 1141 267 3 
125 29 1144 264 3 
125 26 1137 274 3 
126 26 1122 267 3 
126 26 1129 264 3 
126 26 1115 275 3 
125 23 1142 287 3 
133 22 1148 293 3 
141 21 1153 279 3 
139 20 1136 276 3 
144 22 1140 265 3 
145 19 1119 268 3 
140 24 1122 260 3 
144 22 1139 262 3 
138 21 1154 267 3 
140 20 1154 265 3 
147 20 1108 269 3 
147 20 1112 263 3 
150 21 1122 262 3 
150 21 1142 259 3 
154 21 1146 272 3 
155 20 1145 273 3 
159 20 1120 267 3 
159 20 1113 259 3 
152 18 1098 254 3 
155 17 1110 259 3 
149 16 1101 252 3 
143 19 1113 253 3 
144 19 1090 251 3 
144 22 1104 247 3 
142 20 1098 247 3 
146 19 1078 252 3 
144 16 1100 259 3 
145 18 1112 251 3 
148 19 1109 246 3 
146 19 1102 237 3 
142 18 1108 238 3 
141 18 1133 243 3 
138 17 1117 246 3 
137 16 1107 260 3 
131 17 1101 251 3 
137 18 1097 245 3 
125 18 1107 263 3 
130 16 1082 275 3 
130 18 1098 275 3 
142 18 1095 261 3 
137 19 1096 268 3 
144 19 1103 272 3 
144 20 1088 283 3 
143 20 1091 281 3 
142 22 1124 290 3 
151 23 1127 291 3 
147 27 1123 287 3 
156 25 1139 298 3 
162 26 1132 299 3 
157 23 1138 286 3 
162 21 1124 282 3 
160 19 1130 291 3 
153 21 1127 289 3 
152 24 1097 283 3 
154 25 1089 279 3 
162 27 1082 276 3 
164 26 1078 275 3 
162 26 1073 276 3 
160 28 1057 293 3 
170 29 1073 300 3 
179 30 1065 310 3 
171 26 1082 300 3 
172 26 1091 300 3 
178 25 1075 289 3 
182 26 1059 287 3 
183 29 1071 287 3 
186 26 1069 290 3 
183 24 1063 301 3 
189 23 1052 307 3 
190 19 1036 305 3 
195 20 1043 305 3 
190 19 1047 296 3 
184 19 1049 284 3 
192 23 1056 290 3 
187 23 1071 297 3 
191 23 1085 289 3 
187 23 1071 282 3 
182 20 1073 284 3 
186 21 1092 290 3 
182 22 1081 289 3 
191 22 1079 299 3 
200 23 1048 309 3 
193 26 1067 300 3 
194 25 1078 299 3 
191 23 1092 302 3 
194 20 1101 289 3 
200 20 1073 285 3 
193 18 1086 294 3 
196 20 1090 296 3 
205 21 1084 292 3 
207 21 1085 279 3 
205 24 1077 289 3 
204 23 1056 292 3 
195 24 1065 283 3 
186 27 1068 288 3 
182 33 1073 285 3 
185 33 1078 273 3 
181 29 1057 276 3 
180 30 1031 285 3 
179 28 1046 287 3 
176 26 1051 286 3 
168 26 1068 274 3 
164 25 1054 283 3 
166 25 1044 290 3 
180 25 1036 291 3 
179 24 1040 297 3 
173 24 1037 302 3 
171 24 1047 310 3 
169 25 1049 311 3 
171 28 1076 317 3 
171 32 1073 320 3 
173 32 1063 328 3 
181 33 1081 322 3 
175 34 1073 313 3 
175 33 1047 313 3 
178 32 1052 311 3 
179 30 1059 325 3 
178 33 1044 322 3 
170 32 1041 319 3 
164 29 1024 317 3 
180 26 1009 313 3 
184 23 998 329 3 
190 24 995 332 3 
188 24 1017 339 3 
183 24 1036 349 3 
175 25 1022 348 3 
187 26 1058 346 3 
188 26 1059 341 3 
197 26 1044 338 3 
185 23 1044 340 3 
191 21 1044 336 3 
187 19 1060 343 3 
183 20 1053 340 3 
181 17 1043 334 3 
175 20 1059 320 3 
176 16 1053 317 3 
175 18 1035 314 3 
182 17 1040 309 3 
182 18 1035 309 3 
175 18 1052 315 3 
171 20 1039 314 3 
170 19 1031 309 3 
172 22 1017 309 3 
176 22 1040 311 3 
172 25 1035 303 3 
183 24 1053 306 3 
176 25 1042 303 3 
176 25 1060 319 3 
176 24 1061 319 3 
173 28 1054 309 3 
184 25 1055 319 3 
195 24 1076 316 3 
189 26 1064 305 3 
189 24 1071 314 3 
179 25 1081 323 3 
181 24 1090 325 3 
194 23 1066 322 3 
190 26 1068 322 3 
196 27 1074 327 3 
199 25 1112 323 3 
197 27 1085 315 3 
195 25 1116 314 3 
180 26 1133 310 3 
178 24 1125 314 3 
173 24 1101 310 3 
164 22 1081 318 3 
164 23 1085 316 3 
165 21 1084 310 3 
166 23 1072 315 3 
168 23 1079 309 3 
164 24 1072 301 3 
168 22 1063 298 3 
175 26 1037 303 3 
178 26 1041 304 3 
175 26 1044 303 3 
184 27 1050 297 3 
170 28 1039 304 3 
166 31 1045 307 3 
166 31 1036 323 3 
172 28 1041 321 3 
174 26 1042 332 3 
170 26 1067 321 3 
169 31 1077 322 3 
163 32 1076 325 3 
163 33 1065 333 3 
170 35 1076 326 3 
180 35 1061 322 3 
186 42 1037 320 3 
182 44 1036 330 3 
187 43 1033 338 3 
172 44 1034 333 3 
168 39 1031 336 3 
168 40 1037 349 3 
169 39 1017 356 3 
172 34 1024 343 3 
174 36 1018 328 3 
172 37 1003 328 3 
167 36 993 343 3 
168 35 984 341 3 
178 40 980 339 3 
181 45 983 332 3 
176 52 983 338 3 
172 44 985 331 3 
177 46 1001 324 3 
175 51 1020 338 3 
174 43 1007 336 3 
173 47 1041 335 3 
174 49 1062 340 3 
184 49 1070 338 3 
178 50 1052 339 3 
174 57 1048 342 3 
180 54 1054 336 3 
171 51 1049 344 3 
167 55 1053 334 3 
166 50 1067 339 3 
163 49 1091 351 3 
165 45 1089 345 3 
155 44 1085 332 3 
152 44 1095 348 3 
151 48 1071 329 3 
147 50 1063 329 3 
147 47 1089 325 3 
150 44 1064 336 3 
149 44 1089 339 3 
154 44 1100 335 3 
148 44 1100 330 3 
144 45 1091 340 3 
141 50 1105 334 3 
142 50 1109 335 3 
139 50 1101 326 3 
144 48 1103 328 3 
142 47 1112 336 3 
142 46 1090 333 3 
137 41 1084 334 3 
138 42 1092 328 3 
128 40 1083 331 3 
115 43 1088 319 3 
111 44 1093 332 3 
111 46 1112 328 3 
108 47 1113 317 3 
107 49 1122 313 3 
101 51 1122 320 3 
107 49 1130 330 3 
101 50 1127 327 3 
105 51 1114 322 3 
109 48 1104 323 3 
99 46 1086 312 3 
101 41 1110 314 3 
102 36 1106 313 3 
106 32 1095 306 3 
102 32 1089 312 3 
97 33 1111 316 3 
105 33 1116 307 3 
112 29 1116 294 3 
105 34 1118 291 3 
112 35 1118 297 3 
118 34 1126 289 3 
111 30 1105 283 3 
111 32 1092 296 3 
118 32 1092 298 3 
115 31 1101 302 3 
118 32 1103 296 3 
123 32 1099 310 3 
123 32 1100 306 3 
123 33 1077 304 3 
127 38 1093 308 3 
124 39 1126 301 3 
131 42 1123 310 3 
127 48 1112 316 3 
