0 0 1 0 0 
0 0 2 0 0 
0 0 2 2 0 
0 0 1 4 0 
0 0 1 5 0 
0 0 1 6 0 
0 1 1 5 0 
0 1 2 6 0 
0 2 2 5 0 
0 3 3 6 0 
0 3 5 5 0 
0 2 4 5 0 
0 2 5 4 0 
0 2 4 5 0 
0 5 4 5 0 
1 5 3 6 0 
3 4 3 7 0 
3 4 3 9 0 
3 4 3 11 0 
4 3 3 10 0 
5 3 4 8 0 
5 3 4 6 0 
6 4 5 6 0 
5 3 5 6 0 
6 3 6 6 0 
8 3 6 5 0 
8 4 9 5 0 
10 5 12 5 0 
11 7 14 6 0 
10 7 11 7 0 
12 9 13 5 0 
13 9 14 6 0 
13 9 17 6 0 
12 9 23 6 0 
13 10 22 7 0 
15 13 23 5 0 
17 15 22 4 0 
16 15 21 4 0 
17 13 21 4 0 
20 14 24 4 0 
22 15 26 4 0 
18 17 29 3 0 
18 16 28 5 0 
19 13 28 6 0 
22 16 27 5 0 
26 21 25 5 0 
26 19 23 7 0 
25 19 23 7 0 
24 17 26 8 0 
25 19 25 9 0 
25 19 30 11 0 
25 20 34 10 0 
25 19 32 10 0 
27 23 29 10 0 
28 24 26 12 0 
26 27 27 15 0 
30 26 28 15 0 
34 27 29 14 0 
33 24 26 16 0 
33 21 30 17 0 
32 19 35 20 0 
34 21 37 21 0 
36 26 42 22 0 
37 26 45 23 0 
38 23 48 20 0 
37 23 51 18 0 
28 22 54 20 3 
26 18 63 21 3 
25 19 65 17 3 
29 17 68 17 3 
29 18 67 16 3 
32 21 70 17 3 
30 21 73 19 3 
32 21 72 18 3 
25 26 75 19 3 
29 26 79 21 3 
31 26 75 21 3 
36 29 82 20 3 
38 33 86 22 3 
38 34 88 22 3 
36 30 91 28 3 
39 25 90 33 3 
35 29 90 34 3 
34 28 99 34 3 
30 26 98 36 3 
29 24 89 35 3 
30 27 95 32 3 
34 27 91 32 3 
35 27 92 32 3 
38 30 96 32 3 
37 29 97 37 3 
39 31 102 36 3 
41 35 105 38 3 
45 40 105 42 3 
47 40 108 39 3 
48 44 108 39 3 
48 48 117 38 3 
49 48 120 39 3 
51 53 123 41 3 
45 51 127 47 3 
47 49 130 47 3 
44 50 131 49 3 
45 52 133 50 3 
43 55 141 49 3 
44 53 154 50 3 
46 56 163 50 3 
45 53 167 47 3 
42 51 160 50 3 
50 54 156 45 3 
50 55 158 42 3 
52 55 162 48 3 
58 66 164 47 3 
54 58 186 50 3 
52 55 188 51 3 
62 54 173 47 3 
68 61 178 44 3 
58 66 183 47 3 
57 69 180 52 3 
57 69 193 53 3 
57 72 202 58 3 
56 72 205 53 3 
57 70 204 54 3 
57 75 202 57 3 
60 75 201 60 3 
57 73 200 62 3 
56 70 208 65 3 
59 70 212 70 3 
59 70 225 67 3 
59 72 250 64 3 
62 78 244 68 3 
65 79 247 71 3 
67 77 260 64 3 
66 84 261 72 3 
65 89 264 73 3 
66 93 252 72 3 
69 97 255 68 3 
67 98 273 69 3 
67 97 272 67 3 
63 98 273 61 3 
66 97 282 61 3 
65 98 279 62 3 
65 102 275 62 3 
67 108 279 71 3 
73 106 272 71 3 
69 107 290 71 3 
71 108 307 73 3 
70 113 314 81 3 
76 112 319 80 3 
75 113 325 84 3 
82 111 325 76 3 
80 109 339 70 3 
78 102 343 67 3 
83 99 340 69 3 
87 94 349 69 3 
95 93 339 74 3 
94 92 347 83 3 
91 90 347 82 3 
93 89 353 85 3 
99 88 360 80 3 
95 89 375 89 3 
96 86 386 93 3 
95 87 389 96 3 
100 89 383 102 3 
99 90 385 100 3 
101 88 388 100 3 
101 88 385 105 3 
106 87 401 106 3 
107 84 407 111 3 
109 89 396 108 3 
104 82 401 109 3 
106 83 402 108 3 
113 90 410 115 3 
114 88 418 114 3 
114 79 436 116 3 
116 82 434 115 3 
119 86 433 110 3 
121 88 446 110 3 
124 90 449 123 3 
118 85 441 128 3 
118 91 452 124 3 
119 101 460 121 3 
114 101 451 123 3 
115 94 463 130 3 
118 88 462 139 3 
116 83 475 136 3 
113 80 474 136 3 
108 81 482 136 3 
110 81 486 139 3 
107 82 493 143 3 
103 83 493 148 3 
100 84 504 151 3 
105 74 516 152 3 
101 79 512 155 3 
101 80 514 160 3 
94 75 526 169 3 
99 73 535 179 3 
100 75 550 171 3 
110 74 559 176 3 
112 78 555 166 3 
110 83 551 153 3 
116 80 566 161 3 
122 86 552 155 3 
124 94 559 163 3 
125 96 576 165 3 
123 100 568 160 3 
120 97 576 155 3 
121 96 583 156 3 
118 92 580 149 3 
126 87 575 145 3 
122 86 584 149 3 
121 88 607 160 3 
125 87 615 167 3 
123 86 640 171 3 
119 90 644 165 3 
114 89 647 162 3 
110 86 664 168 3 
113 84 667 174 3 
114 87 690 182 3 
120 85 694 183 3 
120 90 676 185 3 
121 92 684 180 3 
122 96 702 188 3 
118 98 698 191 3 
115 97 690 184 3 
115 95 694 189 3 
115 90 712 187 3 
113 87 719 192 3 
114 84 728 204 3 
112 82 731 204 3 
112 76 758 197 3 
118 71 755 192 3 
117 69 747 192 3 
119 68 769 176 3 
114 68 750 184 3 
107 68 763 191 3 
105 70 772 190 3 
99 77 784 194 3 
100 75 804 202 3 
103 78 823 198 3 
111 82 862 202 3 
106 81 862 203 3 
106 85 858 199 3 
109 82 868 201 3 
104 85 871 205 3 
103 82 874 205 3 
106 87 889 208 3 
100 83 890 203 3 
103 78 885 200 3 
100 84 899 202 3 
98 78 910 196 3 
99 75 910 200 3 
101 77 933 195 3 
99 75 949 192 3 
103 74 939 199 3 
108 74 933 199 3 
111 77 928 203 3 
105 78 939 209 3 
107 85 939 209 3 
107 83 943 212 3 
112 79 954 210 3 
114 83 952 212 3 
116 80 963 210 3 
120 73 954 214 3 
121 78 960 216 3 
123 77 974 219 3 
124 70 989 216 3 
129 63 983 227 3 
135 61 994 219 3 
137 58 989 218 3 
131 66 985 224 3 
136 66 992 229 3 
134 65 997 236 3 
137 70 966 241 3 
138 69 951 246 3 
143 72 954 267 3 
139 66 958 259 3 
148 62 954 262 3 
148 70 948 260 3 
146 71 945 262 3 
144 70 935 260 3 
149 71 945 260 3 
154 75 954 263 3 
149 75 939 259 3 
152 78 939 253 3 
149 79 928 261 3 
156 79 938 257 3 
150 79 925 265 3 
152 74 921 257 3 
153 72 929 248 3 
150 70 927 249 3 
157 71 933 254 3 
162 68 947 255 3 
158 70 953 256 3 
163 69 976 250 3 
174 66 963 243 3 
175 69 962 234 3 
174 66 966 241 3 
179 65 969 230 3 
183 66 983 232 3 
175 70 975 231 3 
173 70 986 227 3 
172 69 971 231 3 
185 69 964 234 3 
182 66 961 233 3 
184 69 950 238 3 
180 69 931 238 3 
179 75 952 236 3 
173 72 986 240 3 
165 74 1000 247 3 
164 73 989 247 3 
161 72 1014 250 3 
161 75 1008 249 3 
162 74 1015 246 3 
169 72 1013 249 3 
177 72 1022 247 3 
175 70 1009 243 3 
182 67 999 243 3 
183 61 1006 245 3 
188 60 1007 245 3 
183 57 1007 235 3 
186 63 994 239 3 
186 59 1002 239 3 
180 59 1021 246 3 
183 58 1029 250 3 
173 61 1021 237 3 
165 55 1023 247 3 
156 53 1041 255 3 
157 55 1053 250 3 
160 53 1035 247 3 
158 49 1053 241 3 
166 48 1076 241 3 
163 46 1078 246 3 
166 49 1093 237 3 
177 54 1098 236 3 
180 56 1089 237 3 
182 55 1101 246 3 
189 56 1105 246 3 
198 56 1119 247 3 
194 55 1134 253 3 
189 54 1112 254 3 
187 51 1111 249 3 
182 52 1106 242 3 
189 51 1095 241 3 
178 52 1055 232 3 
173 53 1043 228 3 
178 55 1042 231 3 
171 51 1038 237 3 
171 51 1041 240 3 
169 54 1046 246 3 
173 56 1029 234 3 
175 59 1013 232 3 
180 59 992 245 3 
168 58 1011 248 3 
170 59 995 244 3 
168 55 997 255 3 
171 52 1002 258 3 
176 51 1024 257 3 
172 53 1043 251 3 
169 53 1045 254 3 
170 54 1041 251 3 
175 51 1048 252 3 
168 52 1034 258 3 
172 50 1072 255 3 
174 52 1066 261 3 
179 55 1048 259 3 
175 58 1051 266 3 
180 53 1052 276 3 
179 55 1057 265 3 
185 49 1072 263 3 
177 50 1069 251 3 
172 47 1079 262 3 
169 46 1082 268 3 
167 48 1083 258 3 
160 43 1087 267 3 
171 43 1073 259 3 
163 43 1058 266 3 
163 44 1057 267 3 
160 45 1060 266 3 
162 44 1054 271 3 
162 43 1049 271 3 
166 43 1060 266 3 
172 44 1068 270 3 
168 45 1045 265 3 
162 50 1036 266 3 
163 49 1026 276 3 
165 50 1001 287 3 
165 49 1009 292 3 
161 48 1011 289 3 
162 52 1023 297 3 
166 56 1039 308 3 
165 59 1031 307 3 
169 53 1026 312 3 
173 54 1024 320 3 
176 51 1026 334 3 
174 54 1034 333 3 
169 53 1028 330 3 
173 56 1065 339 3 
170 60 1065 330 3 
166 61 1073 322 3 
162 63 1077 316 3 
165 57 1093 316 3 
172 60 1079 323 3 
175 56 1057 323 3 
176 56 1056 319 3 
171 57 1048 310 3 
177 63 1058 313 3 
179 56 1053 305 3 
173 58 1050 303 3 
165 59 1059 292 3 
174 62 1065 294 3 
179 65 1093 298 3 
175 71 1077 290 3 
181 72 1067 297 3 
171 66 1068 291 3 
177 69 1075 280 3 
173 67 1086 274 3 
184 65 1114 265 3 
186 64 1113 270 3 
192 60 1111 268 3 
193 57 1125 264 3 
189 62 1125 262 3 
179 64 1101 275 3 
182 62 1086 281 3 
183 65 1073 276 3 
186 66 1074 273 3 
188 69 1087 281 3 
189 67 1078 276 3 
186 64 1087 281 3 
187 68 1060 264 3 
190 68 1051 259 3 
188 65 1063 269 3 
189 68 1068 281 3 
192 67 1064 278 3 
188 67 1068 278 3 
182 66 1067 278 3 
182 66 1070 280 3 
173 73 1080 279 3 
175 69 1062 285 3 
180 71 1045 283 3 
182 72 1025 280 3 
180 74 1046 282 3 
186 68 1044 285 3 
182 64 1041 268 3 
179 64 1057 260 3 
190 61 1049 265 3 
182 57 1061 276 3 
172 61 1060 273 3 
168 62 1081 267 3 
164 62 1086 276 3 
156 60 1081 279 3 
151 61 1076 275 3 
153 63 1070 276 3 
147 62 1076 269 3 
147 68 1096 274 3 
145 71 1089 290 3 
150 73 1073 285 3 
144 70 1056 275 3 
145 70 1078 283 3 
151 68 1076 276 3 
151 66 1074 269 3 
157 70 1094 272 3 
151 70 1098 272 3 
157 68 1093 277 3 
152 70 1079 281 3 
153 75 1083 279 3 
162 71 1093 270 3 
155 71 1087 272 3 
166 76 1103 264 3 
166 77 1103 265 3 
161 74 1083 268 3 
149 72 1073 273 3 
149 70 1078 276 3 
149 72 1073 277 3 
144 74 1072 279 3 
144 71 1072 273 3 
140 74 1068 269 3 
134 76 1068 279 3 
132 78 1077 270 3 
141 80 1081 279 3 
143 79 1088 289 3 
142 75 1085 281 3 
143 74 1085 282 3 
144 70 1062 292 3 
138 71 1046 279 3 
137 70 1050 267 3 
131 74 1036 266 3 
135 72 1046 277 3 
140 71 1072 278 3 
149 63 1096 268 3 
157 64 1094 265 3 
143 65 1097 260 3 
140 66 1098 265 3 
144 60 1105 255 3 
143 55 1116 247 3 
146 62 1137 250 3 
145 60 1117 246 3 
143 62 1119 251 3 
143 60 1112 250 3 
144 63 1114 254 3 
135 67 1106 256 3 
143 61 1091 268 3 
147 66 1106 266 3 
151 66 1097 264 3 
153 64 1102 276 3 
154 59 1094 270 3 
151 61 1109 263 3 
162 64 1086 264 3 
149 67 1073 267 3 
149 65 1070 258 3 
153 59 1075 264 3 
148 60 1063 263 3 
148 60 1066 261 3 
144 62 1049 267 3 
149 61 1044 264 3 
155 59 1058 260 3 
153 55 1049 257 3 
150 59 1038 264 3 
137 57 1050 269 3 
138 56 1053 267 3 
144 53 1068 267 3 
148 52 1086 259 3 
152 53 1099 259 3 
148 53 1128 262 3 
149 51 1108 267 3 
140 51 1101 266 3 
145 48 1098 258 3 
145 46 1075 272 3 
141 46 1086 265 3 
138 47 1112 267 3 
139 46 1088 271 3 
153 49 1084 268 3 
159 46 1090 257 3 
152 44 1080 267 3 
156 47 1059 271 3 
157 45 1079 265 3 
154 47 1084 270 3 
152 47 1082 256 3 
150 47 1085 255 3 
149 52 1103 262 3 
156 52 1108 266 3 
160 52 1090 269 3 
155 49 1085 275 3 
151 50 1079 274 3 
143 52 1081 260 3 
139 50 1066 251 3 
134 47 1062 258 3 
139 45 1083 260 3 
140 47 1066 260 3 
147 47 1081 249 3 
145 49 1067 246 3 
148 48 1083 246 3 
148 47 1078 253 3 
151 48 1101 257 3 
146 49 1101 254 3 
142 47 1105 255 3 
143 48 1101 253 3 
137 48 1090 251 3 
130 46 1106 255 3 
128 46 1087 252 3 
126 41 1088 258 3 
120 45 1071 243 3 
115 42 1090 248 3 
112 50 1113 252 3 
117 47 1094 246 3 
113 44 1082 249 3 
111 46 1106 239 3 
103 43 1088 234 3 
99 46 1091 237 3 
97 53 1088 250 3 
96 55 1090 251 3 
97 55 1092 249 3 
94 49 1093 251 3 
95 49 1082 246 3 
98 54 1087 264 3 
101 55 1075 266 3 
107 59 1079 278 3 
108 56 1091 282 3 
111 56 1092 274 3 
116 55 1106 282 3 
120 55 1114 284 3 
122 53 1091 286 3 
136 55 1102 292 3 
139 55 1086 290 3 
143 49 1088 303 3 
149 48 1088 305 3 
145 54 1090 302 3 
140 52 1096 316 3 
137 53 1095 306 3 
138 51 1103 307 3 
129 45 1097 315 3 
134 45 1112 298 3 
130 43 1114 298 3 
125 43 1123 285 3 
125 43 1131 286 3 
130 44 1113 287 3 
129 44 1117 280 3 
133 50 1128 275 3 
135 52 1146 280 3 
134 53 1163 275 3 
133 53 1183 282 3 
142 48 1197 278 3 
131 52 1181 270 3 
135 52 1163 271 3 
136 54 1167 272 3 
131 51 1187 272 3 
127 51 1164 272 3 
129 52 1154 277 3 
131 53 1119 269 3 
129 48 1112 279 3 
123 51 1127 281 3 
130 54 1114 279 3 
124 48 1112 276 3 
132 50 1129 285 3 
136 54 1139 279 3 
137 58 1145 268 3 
140 59 1155 278 3 
140 59 1150 292 3 
137 57 1149 305 3 
135 59 1134 279 3 
135 58 1121 283 3 
138 62 1119 283 3 
137 58 1114 264 3 
133 52 1128 272 3 
127 47 1143 269 3 
125 49 1137 270 3 
120 51 1129 272 3 
115 45 1119 267 3 
108 47 1132 270 3 
109 47 1140 262 3 
105 48 1152 258 3 
112 51 1157 266 3 
119 45 1172 270 3 
110 49 1152 267 3 
108 46 1130 274 3 
98 51 1129 272 3 
97 53 1145 265 3 
100 51 1151 277 3 
105 47 1134 276 3 
103 51 1141 284 3 
105 50 1137 288 3 
111 49 1146 291 3 
118 49 1145 283 3 
117 54 1141 287 3 
111 53 1105 290 3 
109 50 1102 286 3 
107 43 1114 273 3 
106 40 1112 274 3 
108 42 1118 273 3 
116 41 1101 284 3 
116 42 1111 293 3 
109 42 1076 284 3 
115 42 1060 293 3 
120 46 1054 295 3 
123 45 1081 279 3 
120 46 1111 281 3 
116 45 1098 277 3 
116 46 1086 275 3 
111 49 1077 268 3 
114 48 1069 274 3 
108 46 1054 266 3 
112 40 1048 262 3 
118 39 1048 270 3 
113 40 1047 256 3 
110 39 1053 254 3 
106 40 1062 257 3 
110 41 1059 270 3 
107 36 1034 267 3 
110 37 1030 267 3 
118 37 1039 265 3 
112 37 1044 260 3 
116 40 1037 257 3 
114 44 1046 244 3 
110 47 1053 248 3 
120 44 1059 260 3 
118 42 1091 256 3 
121 42 1081 260 3 
120 43 1067 269 3 
118 43 1074 263 3 
115 44 1074 261 3 
112 47 1094 257 3 
107 44 1090 260 3 
113 44 1095 261 3 
110 41 1096 260 3 
116 45 1098 254 3 
111 48 1102 260 3 
113 45 1115 258 3 
126 42 1108 253 3 
123 36 1090 247 3 
125 36 1092 250 3 
121 37 1137 268 3 
115 39 1112 265 3 
115 39 1112 264 3 
121 37 1143 271 3 
125 37 1149 275 3 
128 37 1132 279 3 
129 38 1123 286 3 
127 40 1123 275 3 
126 44 1127 281 3 
119 43 1133 285 3 
118 44 1133 294 3 
115 41 1142 304 3 
116 41 1148 306 3 
107 43 1149 294 3 
111 42 1168 299 3 
111 43 1129 305 3 
103 45 1105 311 3 
100 46 1087 313 3 
95 45 1089 315 3 
93 41 1095 332 3 
95 46 1072 339 3 
97 44 1074 326 3 
92 43 1070 333 3 
98 38 1087 320 3 
92 34 1070 314 3 
90 35 1057 299 3 
96 36 1048 309 3 
102 39 1046 310 3 
104 39 1040 324 3 
104 35 1053 320 3 
102 41 1069 325 3 
108 43 1075 332 3 
108 43 1054 324 3 
105 45 1065 320 3 
106 43 1052 328 3 
102 42 1046 327 3 
105 44 1059 345 3 
104 45 1069 337 3 
105 44 1075 334 3 
113 42 1065 331 3 
118 40 1056 335 3 
122 42 1066 338 3 
116 43 1090 347 3 
118 46 1095 332 3 
118 43 1087 327 3 
112 42 1068 320 3 
115 42 1098 321 3 
108 39 1105 318 3 
123 39 1089 329 3 
132 39 1080 311 3 
131 36 1105 319 3 
140 37 1124 309 3 
135 41 1115 322 3 
137 41 1081 318 3 
142 37 1052 320 3 
142 35 1053 330 3 
137 40 1036 338 3 
132 46 1017 351 3 
125 49 1018 355 3 
126 50 1031 357 3 
128 51 1046 354 3 
130 52 1053 346 3 
136 50 1060 352 3 
137 51 1061 341 3 
144 57 1059 347 3 
146 60 1059 355 3 
145 62 1081 355 3 
144 60 1103 353 3 
145 54 1083 356 3 
141 52 1082 351 3 
130 51 1065 351 3 
130 54 1057 337 3 
135 54 1054 333 3 
133 54 1060 346 3 
133 48 1074 353 3 
137 47 1075 361 3 
138 46 1066 363 3 
138 49 1105 366 3 
135 45 1101 368 3 
129 43 1116 356 3 
141 43 1090 358 3 
142 45 1083 362 3 
143 45 1079 354 3 
146 43 1087 354 3 
147 45 1084 347 3 
150 42 1087 348 3 
147 39 1085 342 3 
143 40 1085 350 3 
144 43 1075 347 3 
137 40 1053 343 3 
139 38 1022 342 3 
137 43 1033 342 3 
137 39 1027 343 3 
138 42 1030 348 3 
141 41 1036 358 3 
141 42 1042 356 3 
127 39 1027 351 3 
127 38 1038 356 3 
125 39 1028 342 3 
130 38 1025 345 3 
133 37 1006 350 3 
137 37 991 352 3 
137 39 981 344 3 
143 39 982 341 3 
137 39 977 342 3 
133 38 982 338 3 
141 37 998 335 3 
148 40 999 341 3 
144 43 996 336 3 
148 41 988 350 3 
150 47 964 355 3 
156 50 980 352 3 
157 52 996 341 3 
161 50 998 335 3 
152 48 1003 344 3 
152 46 989 347 3 
156 47 992 347 3 
151 50 993 352 3 
144 50 980 357 3 
140 48 967 336 3 
139 51 953 334 3 
140 48 984 341 3 
138 51 1013 319 3 
132 48 1015 324 3 
137 46 1005 328 3 
142 46 1007 334 3 
147 46 999 344 3 
145 41 994 331 3 
144 41 982 330 3 
149 41 991 310 3 
146 43 1018 315 3 
161 45 1011 310 3 
155 45 1003 315 3 
151 48 1036 320 3 
145 46 1034 315 3 
151 47 1041 323 3 
160 41 1025 304 3 
156 43 1041 300 3 
154 43 1043 300 3 
161 44 1049 288 3 
159 43 1088 299 3 
155 42 1095 301 3 
153 39 1081 323 3 
154 37 1052 328 3 
156 35 1064 332 3 
161 34 1056 318 3 
162 35 1068 325 3 
162 39 1054 320 3 
170 43 1054 320 3 
158 47 1064 321 3 
161 45 1054 325 3 
154 45 1048 331 3 
147 46 1063 338 3 
151 41 1074 334 3 
161 38 1068 339 3 
162 43 1078 341 3 
162 43 1099 342 3 
161 41 1100 345 3 
158 43 1102 346 3 
159 42 1099 350 3 
150 43 1079 360 3 
157 41 1051 354 3 
148 46 1036 336 3 
150 51 1042 337 3 
156 48 1036 327 3 
161 45 1030 335 3 
161 39 1059 318 3 
148 37 1079 317 3 
138 38 1063 317 3 
134 37 1065 321 3 
129 40 1053 334 3 
130 36 1059 344 3 
137 37 1060 342 3 
134 40 1057 343 3 
138 41 1072 347 3 
142 40 1046 344 3 
145 38 1037 334 3 
152 41 1059 322 3 
148 39 1077 324 3 
147 39 1093 318 3 
156 38 1075 322 3 
161 45 1086 322 3 
158 44 1058 307 3 
157 44 1055 301 3 
156 43 1053 291 3 
154 41 1033 289 3 
164 42 1053 287 3 
165 45 1042 295 3 
163 42 1049 291 3 
160 39 1052 290 3 
159 37 1064 293 3 
155 40 1066 282 3 
151 37 1079 282 3 
155 38 1096 288 3 
159 37 1103 296 3 
161 38 1106 302 3 
156 37 1105 291 3 
153 39 1094 284 3 
149 39 1094 275 3 
150 32 1082 264 3 
152 31 1101 273 3 
151 31 1101 265 3 
154 31 1110 271 3 
156 35 1103 267 3 
145 35 1111 258 3 
146 39 1099 262 3 
141 39 1086 263 3 
141 37 1100 251 3 
140 34 1116 260 3 
138 30 1113 272 3 
141 26 1132 274 3 
136 26 1121 264 3 
138 27 1093 256 3 
136 25 1087 256 3 
141 27 1094 249 3 
142 30 1105 250 3 
140 27 1107 241 3 
140 26 1101 239 3 
141 30 1090 242 3 
135 36 1076 248 3 
136 34 1096 242 3 
133 38 1100 240 3 
140 34 1116 247 3 
137 32 1114 246 3 
133 30 1102 253 3 
137 34 1084 249 3 
143 28 1069 236 3 
146 30 1057 232 3 
144 29 1052 243 3 
142 31 1059 246 3 
147 28 1059 244 3 
155 29 1055 250 3 
159 29 1075 244 3 
161 26 1047 251 3 
164 30 1056 246 3 
165 29 1072 246 3 
156 28 1086 248 3 
153 30 1079 243 3 
161 32 1089 240 3 
160 27 1094 245 3 
152 30 1122 246 3 
148 29 1125 244 3 
144 29 1113 239 3 
135 29 1111 244 3 
143 34 1107 264 3 
138 35 1115 269 3 
136 33 1121 255 3 
149 35 1126 256 3 
145 37 1109 253 3 
150 38 1110 254 3 
152 35 1112 252 3 
155 31 1133 256 3 
153 29 1128 263 3 
153 33 1145 268 3 
145 32 1146 261 3 
141 30 1154 252 3 
141 32 1136 254 3 
130 31 1146 251 3 
134 32 1141 235 3 
140 34 1138 240 3 
139 38 1156 240 3 
144 36 1160 248 3 
144 28 1155 246 3 
137 29 1130 258 3 
144 25 1114 248 3 
144 22 1112 251 3 
155 25 1087 256 3 
168 27 1122 258 3 
158 28 1108 262 3 
152 25 1105 261 3 
147 27 1097 257 3 
154 27 1126 251 3 
152 27 1113 241 3 
139 30 1103 246 3 
140 31 1112 251 3 
143 36 1119 249 3 
149 35 1089 254 3 
145 32 1082 256 3 
157 32 1090 263 3 
145 32 1092 253 3 
138 28 1079 251 3 
140 26 1077 257 3 
140 29 1084 262 3 
142 28 1066 261 3 
137 29 1089 269 3 
139 30 1072 267 3 
142 28 1060 269 3 
146 29 1054 267 3 
150 28 1055 270 3 
152 27 1055 253 3 
158 27 1057 250 3 
154 30 1063 253 3 
158 31 1066 254 3 
160 34 1080 257 3 
165 33 1070 255 3 
167 28 1057 248 3 
174 28 1062 249 3 
162 31 1061 252 3 
164 34 1070 261 3 
161 36 1082 262 3 
161 35 1081 267 3 
156 29 1088 270 3 
151 32 1093 273 3 
150 30 1091 268 3 
148 31 1080 274 3 
149 27 1093 272 3 
154 27 1091 264 3 
161 28 1090 262 3 
159 29 1080 265 3 
163 26 1083 263 3 
170 28 1077 270 3 
