0 0 0 1 0 
1 0 0 1 0 
1 2 0 2 0 
1 3 0 2 0 
3 3 0 2 0 
4 5 0 2 0 
4 6 0 2 0 
5 6 0 2 0 
4 8 0 3 0 
2 7 0 5 0 
1 9 0 6 0 
3 9 0 7 0 
4 8 0 8 0 
4 8 1 8 0 
4 7 3 8 0 
4 7 5 8 0 
3 7 4 7 0 
3 9 4 9 0 
2 10 3 9 0 
3 11 4 9 0 
4 11 4 10 0 
5 8 3 12 0 
4 9 3 10 0 
5 8 3 12 0 
5 10 3 14 0 
5 9 3 12 0 
5 9 4 12 0 
9 11 4 11 0 
11 9 5 11 0 
10 10 5 12 0 
12 12 6 9 0 
10 11 7 9 0 
8 9 7 10 0 
9 9 8 8 0 
7 9 9 8 0 
6 9 10 9 0 
7 9 11 11 0 
8 9 10 10 0 
8 12 10 10 0 
9 11 11 14 0 
7 9 13 16 0 
7 10 13 18 0 
8 9 16 17 0 
7 12 16 18 0 
7 14 15 16 0 
6 15 16 16 0 
8 16 16 18 0 
9 15 16 18 0 
9 16 17 16 0 
9 18 18 16 0 
11 21 18 14 0 
14 22 18 15 0 
14 22 21 17 0 
17 21 23 15 0 
15 25 24 14 0 
16 27 29 14 0 
17 30 30 17 0 
18 27 35 18 0 
16 25 37 19 0 
18 29 36 15 0 
23 25 39 17 0 
24 24 46 19 3 
28 24 44 22 0 
29 31 39 25 0 
27 28 38 27 0 
31 26 37 28 0 
34 26 39 28 0 
34 23 42 32 0 
33 24 44 39 0 
36 23 49 40 0 
37 24 46 44 0 
36 26 45 42 0 
35 25 46 41 0 
37 29 48 44 0 
42 30 52 43 0 
42 32 52 43 0 
39 35 59 43 0 
42 36 60 44 0 
45 34 63 47 0 
42 34 62 45 0 
42 35 64 44 0 
39 34 67 43 0 
36 38 69 47 0 
35 36 73 47 0 
37 40 78 49 0 
38 39 88 47 3 
45 42 93 48 3 
46 44 96 47 3 
46 44 91 47 3 
44 47 87 48 3 
43 46 82 48 3 
43 39 84 44 3 
43 42 92 45 3 
47 36 87 47 3 
49 39 84 49 3 
45 41 89 51 3 
42 42 94 56 3 
41 43 93 56 3 
38 40 98 61 3 
41 39 107 58 3 
43 38 108 62 3 
44 41 109 68 3 
43 35 110 75 0 
44 33 102 71 0 
44 33 106 73 0 
48 29 113 77 3 
51 25 113 80 0 
50 24 109 82 0 
49 24 116 80 0 
56 24 116 80 0 
57 24 116 78 3 
54 26 121 78 3 
53 27 132 81 3 
53 26 132 86 3 
49 28 147 92 3 
49 32 144 88 3 
46 33 143 85 3 
48 34 153 92 3 
50 36 151 88 3 
59 38 149 88 3 
61 41 153 86 3 
66 44 164 86 3 
71 43 160 88 3 
69 43 160 94 3 
74 39 167 96 3 
70 42 167 95 3 
68 44 170 97 3 
72 45 182 98 3 
81 45 186 100 3 
80 42 187 102 3 
76 44 193 106 3 
82 43 196 108 3 
85 46 212 113 3 
88 46 218 111 3 
84 50 220 112 3 
93 50 225 101 3 
90 50 227 104 3 
85 50 231 106 3 
81 49 240 111 3 
83 51 249 106 3 
82 49 252 104 3 
84 47 261 109 3 
88 47 269 112 3 
92 50 280 112 3 
89 51 294 113 3 
86 45 311 110 3 
85 41 319 118 3 
86 45 319 121 3 
94 48 312 127 3 
93 53 312 117 3 
99 57 311 118 3 
96 56 323 116 3 
101 57 337 114 3 
99 59 349 111 3 
96 58 357 109 3 
105 54 362 114 3 
98 52 364 121 3 
100 51 363 123 3 
108 51 372 125 3 
115 49 370 130 3 
118 44 382 123 3 
116 48 396 132 3 
117 50 414 131 3 
116 54 429 141 3 
109 56 427 150 3 
105 56 423 149 3 
104 58 424 151 3 
106 54 418 150 3 
100 56 433 150 3 
101 55 438 164 3 
102 53 436 162 3 
95 58 446 166 3 
101 55 447 174 3 
105 56 461 176 3 
111 57 449 185 3 
110 56 456 186 3 
111 59 474 190 3 
116 55 470 196 3 
113 51 476 193 3 
110 46 489 189 3 
113 45 501 176 3 
108 40 500 187 3 
105 41 493 196 3 
109 47 511 201 3 
117 47 508 212 3 
114 46 513 207 3 
112 44 512 217 3 
115 41 528 217 3 
112 48 527 221 3 
111 56 512 226 3 
115 58 525 226 3 
126 62 517 220 3 
126 59 525 223 3 
123 59 542 224 3 
121 59 559 239 3 
121 55 572 247 3 
124 62 570 244 3 
124 60 574 252 3 
129 60 572 258 3 
130 58 573 246 3 
137 61 567 255 3 
135 56 565 256 3 
129 55 579 260 3 
128 63 576 252 3 
124 67 584 255 3 
127 67 604 267 3 
126 67 604 273 3 
123 70 581 257 3 
116 69 604 262 3 
118 68 614 251 3 
118 72 636 260 3 
118 75 617 256 3 
127 77 626 252 3 
129 80 609 273 3 
134 76 605 274 3 
133 78 609 277 3 
136 83 608 277 3 
127 80 614 282 3 
126 83 608 298 3 
125 84 606 303 3 
129 86 592 304 3 
134 84 607 300 3 
133 83 613 299 3 
127 81 619 302 3 
134 84 619 306 3 
139 81 605 311 3 
144 81 620 326 3 
143 81 634 323 3 
150 79 623 331 3 
145 79 628 324 3 
146 84 634 323 3 
147 86 624 319 3 
145 83 637 324 3 
143 85 642 317 3 
150 88 660 328 3 
142 75 678 328 3 
141 82 683 322 3 
139 80 700 322 3 
141 86 720 334 3 
151 91 734 345 3 
151 96 724 340 3 
154 93 721 342 3 
149 100 715 346 3 
151 95 710 345 3 
153 88 720 356 3 
152 96 722 351 3 
139 83 739 352 3 
133 87 744 364 3 
135 81 750 370 3 
138 82 757 367 3 
137 79 786 360 3 
139 83 779 351 3 
146 80 778 358 3 
136 81 776 375 3 
141 77 780 368 3 
143 79 779 381 3 
137 82 767 381 3 
142 85 773 385 3 
140 90 791 392 3 
144 85 780 390 3 
155 81 788 402 3 
152 80 804 392 3 
160 76 817 400 3 
150 83 795 404 3 
144 75 806 407 3 
136 74 812 400 3 
127 75 825 406 3 
142 83 820 419 3 
145 88 813 421 3 
150 90 820 424 3 
149 90 819 421 3 
158 94 813 412 3 
151 99 817 417 3 
156 89 831 434 3 
164 91 807 436 3 
166 85 807 437 3 
163 92 811 429 3 
168 94 819 425 3 
169 94 818 420 3 
167 99 824 410 3 
168 105 820 422 3 
166 105 835 407 3 
175 98 847 396 3 
176 86 842 401 3 
177 83 832 398 3 
182 86 860 396 3 
184 87 850 393 3 
184 84 855 386 3 
179 77 853 388 3 
178 74 863 401 3 
186 76 875 415 3 
198 73 870 411 3 
188 79 888 426 3 
183 75 891 414 3 
182 76 908 407 3 
176 80 919 408 3 
165 80 910 417 3 
161 77 917 426 3 
163 77 912 406 3 
160 79 920 412 3 
160 77 917 418 3 
154 75 927 414 3 
151 75 908 408 3 
143 75 917 392 3 
146 68 934 402 3 
143 66 941 403 3 
148 67 950 420 3 
142 65 954 426 3 
139 69 953 441 3 
131 67 968 438 3 
139 64 965 436 3 
140 65 949 433 3 
150 65 947 428 3 
158 71 945 435 3 
153 76 940 422 3 
150 71 952 437 3 
148 67 933 437 3 
142 66 947 427 3 
149 64 943 443 3 
144 64 930 438 3 
150 60 921 452 3 
143 59 936 455 3 
137 60 918 449 3 
133 63 911 457 3 
133 61 903 443 3 
134 61 910 428 3 
133 57 911 430 3 
135 62 913 428 3 
126 60 932 434 3 
125 58 954 439 3 
128 56 952 433 3 
134 60 951 448 3 
136 58 955 457 3 
137 59 963 445 3 
144 59 955 451 3 
140 60 924 465 3 
144 57 921 474 3 
144 57 927 461 3 
145 55 922 464 3 
147 56 934 482 3 
145 59 960 488 3 
150 54 976 498 3 
158 55 986 479 3 
153 55 965 475 3 
156 55 966 468 3 
155 50 973 464 3 
166 51 963 462 3 
175 54 959 458 3 
172 55 929 464 3 
167 53 919 465 3 
170 51 930 460 3 
172 51 912 460 3 
164 53 914 471 3 
168 53 904 466 3 
164 49 898 466 3 
167 47 899 448 3 
167 49 908 449 3 
160 50 914 448 3 
160 54 920 448 3 
163 53 933 453 3 
163 49 916 449 3 
167 57 918 449 3 
161 55 914 450 3 
165 55 914 450 3 
166 56 907 460 3 
175 54 922 462 3 
178 49 926 456 3 
177 52 936 460 3 
174 53 960 477 3 
169 50 942 473 3 
161 47 938 469 3 
165 47 944 479 3 
162 47 914 485 3 
161 50 922 480 3 
158 43 931 493 3 
157 44 910 500 3 
161 38 889 484 3 
165 39 890 469 3 
166 40 897 480 3 
168 34 907 500 3 
170 36 924 503 3 
170 33 937 500 3 
174 34 943 491 3 
181 35 935 497 3 
175 37 932 486 3 
171 40 931 486 3 
169 35 941 489 3 
172 36 916 492 3 
166 34 912 484 3 
173 33 895 480 3 
172 31 876 481 3 
169 32 889 496 3 
179 31 862 491 3 
177 30 868 477 3 
180 27 868 486 3 
180 30 883 496 3 
182 29 875 478 3 
181 31 876 484 3 
178 29 880 482 3 
188 28 870 472 3 
189 27 871 476 3 
179 31 881 475 3 
192 32 895 482 3 
184 32 900 476 3 
190 33 891 457 3 
196 35 892 453 3 
186 36 901 452 3 
173 32 892 449 3 
166 35 863 445 3 
164 35 895 430 3 
157 36 882 440 3 
158 36 880 453 3 
163 37 890 455 3 
165 33 905 442 3 
157 33 920 448 3 
153 29 919 426 3 
155 30 907 428 3 
165 35 911 422 3 
172 38 897 419 3 
174 34 913 411 3 
172 32 896 408 3 
162 34 895 424 3 
162 36 908 418 3 
159 38 915 420 3 
161 46 924 421 3 
156 41 908 406 3 
158 43 924 405 3 
163 42 920 414 3 
156 37 917 423 3 
151 36 919 422 3 
150 36 919 421 3 
147 35 911 426 3 
148 35 907 422 3 
146 41 929 424 3 
151 40 923 423 3 
150 40 908 417 3 
145 43 897 418 3 
146 42 888 426 3 
149 42 888 430 3 
156 41 874 442 3 
163 40 871 441 3 
156 43 883 449 3 
158 39 899 448 3 
160 35 906 442 3 
161 35 915 431 3 
147 34 923 426 3 
147 33 917 411 3 
151 32 923 418 3 
150 32 922 432 3 
154 32 934 422 3 
146 28 936 415 3 
135 32 933 427 3 
135 28 943 428 3 
139 30 942 450 3 
140 32 944 437 3 
136 31 917 440 3 
130 31 905 456 3 
140 29 919 461 3 
143 33 938 447 3 
138 30 950 443 3 
132 23 968 458 3 
127 27 965 458 3 
120 26 967 465 3 
123 24 969 453 3 
123 25 983 436 3 
117 28 997 443 3 
118 33 997 436 3 
108 29 1005 443 3 
102 29 1014 436 3 
106 28 1028 445 3 
106 26 1033 431 3 
100 27 1043 439 3 
102 27 1048 451 3 
102 26 1066 441 3 
96 26 1065 435 3 
103 31 1043 424 3 
107 26 1042 439 3 
116 27 1051 424 3 
116 30 1060 426 3 
113 32 1041 431 3 
114 30 1061 440 3 
111 28 1073 431 3 
111 30 1072 433 3 
112 32 1072 427 3 
110 32 1059 422 3 
102 29 1045 425 3 
105 27 1071 437 3 
104 26 1060 433 3 
112 28 1046 428 3 
119 28 1049 432 3 
116 28 1054 437 3 
109 29 1051 432 3 
102 31 1047 414 3 
108 35 1062 419 3 
110 36 1066 410 3 
106 35 1047 419 3 
108 32 1050 402 3 
110 29 1068 410 3 
112 32 1095 417 3 
112 31 1093 408 3 
112 34 1095 399 3 
112 34 1097 403 3 
114 37 1083 406 3 
111 37 1070 390 3 
102 33 1059 378 3 
100 29 1079 367 3 
100 30 1096 387 3 
97 33 1085 384 3 
87 33 1070 397 3 
94 35 1087 393 3 
94 35 1063 384 3 
97 34 1069 394 3 
103 31 1069 405 3 
103 30 1072 402 3 
99 29 1071 400 3 
98 32 1082 392 3 
107 34 1087 390 3 
108 33 1100 392 3 
106 32 1092 376 3 
109 35 1106 377 3 
109 34 1114 381 3 
107 28 1130 379 3 
107 31 1140 375 3 
103 28 1139 380 3 
92 26 1135 376 3 
99 29 1135 369 3 
107 33 1149 379 3 
115 33 1137 388 3 
109 34 1129 382 3 
115 33 1132 370 3 
111 32 1138 381 3 
119 35 1160 384 3 
123 37 1172 375 3 
126 34 1179 366 3 
121 31 1159 357 3 
121 33 1159 352 3 
114 31 1157 344 3 
114 31 1157 341 3 
111 30 1169 341 3 
104 31 1169 332 3 
103 30 1175 341 3 
93 29 1168 353 3 
98 27 1160 345 3 
99 28 1185 348 3 
98 29 1195 344 3 
97 26 1171 340 3 
97 28 1184 356 3 
101 28 1167 354 3 
111 30 1166 338 3 
110 29 1158 322 3 
107 26 1153 318 3 
106 27 1143 312 3 
105 27 1141 314 3 
97 29 1116 316 3 
91 29 1128 330 3 
90 30 1131 318 3 
84 26 1122 314 3 
84 28 1128 312 3 
84 32 1102 319 3 
84 35 1118 316 3 
86 31 1121 318 3 
88 30 1127 328 3 
90 32 1100 324 3 
98 28 1129 325 3 
100 28 1127 306 3 
100 27 1126 312 3 
99 26 1105 324 3 
93 24 1106 323 3 
96 25 1131 327 3 
90 28 1111 344 3 
84 29 1136 347 3 
89 29 1111 339 3 
95 30 1138 325 3 
93 32 1129 325 3 
90 34 1117 333 3 
86 34 1138 330 3 
90 35 1129 346 3 
94 37 1127 344 3 
100 40 1132 354 3 
92 41 1132 342 3 
89 40 1127 338 3 
93 39 1135 337 3 
95 39 1101 345 3 
94 38 1081 355 3 
96 41 1104 348 3 
107 41 1083 334 3 
108 36 1104 332 3 
107 36 1110 337 3 
110 35 1125 354 3 
104 35 1124 363 3 
106 36 1120 370 3 
107 36 1114 360 3 
109 34 1098 347 3 
104 37 1081 338 3 
107 35 1089 334 3 
110 38 1091 324 3 
109 38 1106 333 3 
102 33 1115 318 3 
94 32 1140 323 3 
95 33 1146 314 3 
92 33 1169 318 3 
92 34 1169 315 3 
99 34 1150 335 3 
101 35 1142 336 3 
103 34 1130 345 3 
102 37 1134 353 3 
96 36 1142 352 3 
93 35 1146 344 3 
90 36 1148 341 3 
94 36 1146 333 3 
91 35 1165 332 3 
88 36 1196 320 3 
82 37 1157 323 3 
84 39 1162 323 3 
81 42 1137 322 3 
82 45 1146 309 3 
86 46 1158 317 3 
83 49 1132 305 3 
84 47 1120 315 3 
84 46 1119 318 3 
85 45 1126 313 3 
79 44 1110 312 3 
82 48 1124 322 3 
81 44 1122 328 3 
79 44 1128 320 3 
71 45 1138 317 3 
76 45 1160 323 3 
78 45 1155 320 3 
75 46 1145 317 3 
74 47 1128 310 3 
71 48 1151 310 3 
72 48 1150 308 3 
74 50 1157 315 3 
75 50 1169 309 3 
82 49 1150 302 3 
77 52 1168 316 3 
75 56 1191 306 3 
76 59 1210 300 3 
79 59 1222 298 3 
81 59 1216 297 3 
82 57 1203 291 3 
82 55 1206 284 3 
83 54 1234 290 3 
87 54 1227 280 3 
92 52 1235 282 3 
99 52 1221 287 3 
100 49 1231 304 3 
102 50 1236 309 3 
100 50 1209 308 3 
105 55 1197 308 3 
99 56 1215 306 3 
96 56 1208 293 3 
99 60 1175 288 3 
109 60 1156 283 3 
106 61 1163 283 3 
103 64 1180 280 3 
104 59 1151 281 3 
103 60 1150 274 3 
97 58 1151 288 3 
99 56 1124 298 3 
112 57 1124 290 3 
118 50 1137 293 3 
109 46 1132 296 3 
116 52 1120 310 3 
119 50 1134 296 3 
109 52 1134 282 3 
108 51 1146 291 3 
105 45 1136 288 3 
102 45 1146 286 3 
94 47 1131 289 3 
97 40 1159 296 3 
100 39 1170 303 3 
99 40 1159 306 3 
98 41 1135 297 3 
97 40 1137 304 3 
101 40 1140 296 3 
101 43 1155 301 3 
97 46 1147 308 3 
97 42 1124 312 3 
106 43 1131 306 3 
108 48 1133 312 3 
112 45 1134 305 3 
114 41 1148 307 3 
114 40 1172 309 3 
112 44 1138 308 3 
108 45 1134 305 3 
110 46 1116 297 3 
111 48 1111 311 3 
109 50 1124 310 3 
109 47 1143 314 3 
113 48 1130 312 3 
111 45 1134 323 3 
108 41 1141 307 3 
108 42 1133 318 3 
103 43 1132 309 3 
106 41 1128 315 3 
112 43 1137 322 3 
118 43 1133 314 3 
119 43 1128 310 3 
119 44 1127 304 3 
118 47 1131 317 3 
117 52 1149 321 3 
117 56 1136 307 3 
123 58 1153 303 3 
118 51 1124 306 3 
110 48 1136 296 3 
115 49 1144 290 3 
112 46 1121 294 3 
115 42 1123 294 3 
120 36 1108 291 3 
121 35 1114 296 3 
120 36 1111 290 3 
124 34 1121 287 3 
118 37 1137 305 3 
120 32 1147 302 3 
124 30 1163 309 3 
127 28 1154 307 3 
133 27 1169 296 3 
137 26 1155 300 3 
131 26 1148 308 3 
129 27 1135 300 3 
126 29 1135 305 3 
122 30 1161 314 3 
117 28 1148 307 3 
120 28 1142 306 3 
115 30 1150 310 3 
112 31 1136 302 3 
111 31 1160 309 3 
108 33 1152 303 3 
109 31 1143 310 3 
99 28 1120 321 3 
104 25 1124 318 3 
101 23 1127 323 3 
109 24 1143 315 3 
111 25 1138 306 3 
104 27 1138 300 3 
109 28 1129 299 3 
105 25 1124 295 3 
107 26 1127 286 3 
110 30 1138 283 3 
108 26 1115 293 3 
108 23 1134 285 3 
111 24 1159 280 3 
111 22 1175 280 3 
110 21 1173 288 3 
108 24 1170 282 3 
108 28 1180 290 3 
105 27 1162 290 3 
109 27 1168 281 3 
108 28 1174 280 3 
111 28 1176 279 3 
109 32 1168 286 3 
114 31 1173 291 3 
110 32 1147 281 3 
112 34 1144 277 3 
113 35 1159 286 3 
115 36 1175 280 3 
123 35 1184 282 3 
118 35 1194 279 3 
111 35 1203 279 3 
119 38 1198 298 3 
111 36 1201 295 3 
115 35 1189 293 3 
110 34 1197 291 3 
110 35 1179 283 3 
106 36 1152 275 3 
111 34 1152 268 3 
105 32 1146 267 3 
99 30 1144 275 3 
101 34 1147 269 3 
102 33 1157 279 3 
101 34 1142 278 3 
101 35 1143 281 3 
101 34 1153 276 3 
101 33 1184 268 3 
101 30 1181 262 3 
103 30 1184 252 3 
99 28 1184 259 3 
99 28 1180 265 3 
100 30 1159 259 3 
101 31 1174 253 3 
102 31 1167 267 3 
107 31 1171 262 3 
109 32 1164 269 3 
110 31 1153 265 3 
111 28 1153 260 3 
117 27 1159 260 3 
120 27 1163 253 3 
112 25 1168 259 3 
111 25 1163 258 3 
109 26 1169 248 3 
114 24 1161 247 3 
112 24 1157 252 3 
110 25 1178 260 3 
112 28 1175 274 3 
115 29 1175 260 3 
118 30 1166 252 3 
116 29 1169 251 3 
115 28 1136 245 3 
116 29 1142 244 3 
116 27 1144 255 3 
118 25 1118 255 3 
118 27 1126 251 3 
110 27 1119 255 3 
106 23 1112 262 3 
113 23 1117 275 3 
104 25 1102 273 3 
98 26 1094 268 3 
104 30 1099 263 3 
107 30 1118 266 3 
109 30 1129 255 3 
110 31 1111 246 3 
106 35 1108 245 3 
103 34 1134 247 3 
102 35 1163 244 3 
100 36 1143 255 3 
97 36 1158 263 3 
103 39 1154 263 3 
103 36 1159 255 3 
97 39 1198 260 3 
99 37 1196 275 3 
104 41 1197 271 3 
101 46 1194 268 3 
98 43 1165 262 3 
92 39 1170 258 3 
86 37 1174 259 3 
84 39 1156 263 3 
84 35 1168 257 3 
81 34 1163 251 3 
82 35 1173 259 3 
82 32 1181 271 3 
81 33 1175 263 3 
81 37 1158 249 3 
80 35 1164 257 3 
86 33 1166 246 3 
91 34 1156 255 3 
92 36 1157 261 3 
98 37 1147 261 3 
104 36 1173 266 3 
106 35 1166 263 3 
109 39 1170 268 3 
109 42 1149 273 3 
104 39 1162 272 3 
97 37 1160 273 3 
93 38 1177 279 3 
94 38 1173 276 3 
91 38 1164 266 3 
88 39 1165 262 3 
89 41 1181 261 3 
92 44 1180 272 3 
86 39 1189 284 3 
87 34 1205 294 3 
87 37 1206 295 3 
89 43 1186 296 3 
87 48 1181 298 3 
81 49 1188 296 3 
88 43 1204 290 3 
79 40 1208 285 3 
79 43 1192 284 3 
72 45 1212 283 3 
78 45 1220 285 3 
85 50 1230 292 3 
86 45 1223 282 3 
85 50 1218 279 3 
85 49 1216 277 3 
82 50 1190 290 3 
86 50 1204 296 3 
86 49 1197 303 3 
80 52 1163 300 3 
80 54 1172 276 3 
80 52 1171 276 3 
79 50 1159 286 3 
76 53 1149 277 3 
81 50 1162 277 3 
80 49 1157 270 3 
80 49 1151 264 3 
84 49 1163 260 3 
84 50 1158 264 3 
89 52 1145 256 3 
90 50 1156 257 3 
86 45 1142 253 3 
83 39 1143 263 3 
84 35 1125 268 3 
84 35 1130 272 3 
83 37 1107 274 3 
85 36 1098 277 3 
84 35 1116 272 3 
83 37 1114 284 3 
80 33 1110 286 3 
76 31 1109 287 3 
76 31 1102 285 3 
72 29 1121 296 3 
69 32 1141 288 3 
68 36 1135 294 3 
66 38 1135 299 3 
67 35 1133 308 3 
65 40 1149 306 3 
65 36 1140 304 3 
67 43 1153 314 3 
74 43 1145 310 3 
79 39 1136 312 3 
75 40 1143 310 3 
78 38 1141 318 3 
77 39 1177 310 3 
75 36 1159 302 3 
73 34 1164 305 3 
79 30 1152 301 3 
79 27 1162 307 3 
76 29 1155 318 3 
77 29 1164 313 3 
74 25 1165 320 3 
75 22 1194 327 3 
70 21 1185 317 3 
73 16 1200 316 3 
69 15 1178 319 3 
70 16 1157 322 3 
76 15 1160 327 3 
77 13 1183 318 3 
74 10 1186 315 3 
76 9 1188 317 3 
78 10 1180 329 3 
73 9 1173 324 3 
67 10 1171 325 3 
72 11 1172 328 3 
77 11 1174 331 3 
73 12 1165 335 3 
74 12 1163 326 3 
81 13 1145 324 3 
75 12 1152 326 3 
75 9 1133 324 3 
74 8 1144 314 3 
85 10 1153 299 3 
84 12 1160 293 3 
80 15 1163 297 3 
86 18 1178 292 3 
81 18 1163 296 3 
85 18 1173 304 3 
87 19 1173 295 3 
86 16 1202 283 3 
88 16 1198 285 3 
78 20 1249 273 3 
81 18 1226 266 3 
77 19 1198 275 3 
70 17 1186 287 3 
76 18 1183 290 3 
73 17 1158 293 3 
70 20 1169 300 3 
76 21 1164 295 3 
72 20 1162 293 3 
68 22 1192 307 3 
71 23 1204 290 3 
70 21 1185 304 3 
66 22 1198 308 3 
65 19 1199 309 3 
67 19 1168 310 3 
70 22 1162 306 3 
72 26 1170 310 3 
78 28 1158 305 3 
80 27 1161 308 3 
82 27 1172 298 3 
86 23 1166 301 3 
83 25 1166 305 3 
81 24 1163 298 3 
81 23 1151 304 3 
78 23 1143 300 3 
79 19 1124 305 3 
81 21 1122 311 3 
87 20 1111 320 3 
80 22 1101 315 3 
84 19 1080 321 3 
80 21 1098 339 3 
81 21 1131 337 3 
81 20 1138 332 3 
84 19 1142 329 3 
80 19 1163 328 3 
81 18 1163 327 3 
89 22 1172 328 3 
90 25 1175 333 3 
87 27 1145 326 3 
84 25 1163 321 3 
93 24 1171 311 3 
88 20 1171 314 3 
88 19 1200 321 3 
91 20 1210 314 3 
86 21 1205 315 3 
87 19 1207 311 3 
82 21 1188 320 3 
87 20 1180 312 3 
90 21 1174 305 3 
94 24 1167 318 3 
94 27 1160 315 3 
101 26 1175 318 3 
104 28 1169 326 3 
105 32 1161 326 3 
102 29 1154 334 3 
101 25 1138 313 3 
102 24 1134 314 3 
102 25 1119 305 3 
109 23 1148 310 3 
109 23 1121 313 3 
