0 0 0 1 0 
0 1 0 1 0 
0 2 0 1 0 
0 2 0 2 0 
0 3 0 3 0 
0 3 1 3 0 
0 3 1 2 0 
0 3 1 3 0 
1 2 0 2 0 
1 1 0 4 0 
0 2 1 3 0 
0 2 2 4 0 
0 2 2 6 0 
0 2 2 7 0 
1 2 2 6 0 
1 3 2 8 0 
1 6 1 9 0 
1 6 3 8 0 
2 6 3 7 0 
4 6 3 8 0 
4 7 2 11 0 
4 7 2 11 0 
4 10 2 10 0 
3 12 3 11 0 
4 10 6 10 0 
6 9 6 11 0 
6 10 4 13 0 
6 9 5 11 0 
4 9 6 12 0 
6 9 6 12 0 
6 10 7 13 0 
6 11 9 12 0 
6 10 9 13 0 
4 8 9 14 0 
4 7 9 16 0 
4 7 8 17 0 
4 7 7 18 0 
5 6 7 21 4 
5 9 6 23 0 
7 11 6 25 0 
7 10 5 27 4 
10 9 6 26 4 
8 9 7 24 4 
9 8 9 27 4 
9 7 10 30 4 
12 9 10 26 0 
11 11 12 24 0 
12 10 12 26 0 
11 12 15 27 0 
9 12 17 28 0 
11 12 19 30 0 
11 14 18 27 0 
12 14 18 27 0 
14 15 19 29 0 
16 13 21 31 0 
15 13 22 31 0 
16 11 24 33 0 
16 12 27 38 0 
16 12 31 36 0 
15 11 32 35 0 
15 9 32 40 0 
15 10 33 42 0 
17 10 34 42 0 
18 10 36 47 0 
16 13 32 49 0 
19 13 34 55 0 
19 12 38 58 0 
20 12 41 55 0 
21 14 43 54 0 
22 15 48 60 0 
22 15 49 64 0 
23 15 49 68 0 
22 15 50 69 0 
26 16 47 72 0 
26 14 51 78 0 
29 12 58 81 0 
28 12 57 80 0 
31 14 60 80 0 
31 15 63 92 0 
38 15 61 98 4 
39 17 57 103 4 
37 14 61 101 4 
35 14 62 102 4 
37 13 66 98 0 
37 15 66 98 0 
37 16 63 99 4 
34 18 68 105 4 
31 18 67 117 4 
30 20 71 125 4 
27 21 74 128 4 
27 22 76 125 4 
30 21 76 127 4 
32 20 74 135 4 
33 19 79 137 4 
31 21 80 147 4 
31 20 82 155 4 
30 24 83 160 4 
30 23 84 172 4 
31 29 86 162 4 
34 29 87 168 4 
39 31 85 172 4 
44 35 83 178 4 
50 32 91 183 4 
54 33 94 183 4 
59 38 96 183 4 
58 38 105 188 4 
55 39 105 186 4 
56 43 117 186 4 
53 44 128 195 4 
57 45 128 193 4 
60 46 132 196 4 
58 46 138 204 4 
63 46 140 199 4 
62 43 146 198 4 
59 44 139 199 4 
53 43 140 198 4 
54 38 145 204 4 
57 42 154 211 4 
61 46 156 212 4 
67 51 143 220 4 
68 54 151 227 4 
67 57 152 221 4 
68 59 152 224 4 
60 60 157 221 4 
61 65 153 226 4 
65 64 153 237 4 
66 61 149 258 4 
63 64 156 260 4 
62 67 165 263 4 
64 69 167 270 4 
63 65 169 276 4 
61 59 170 274 4 
67 55 171 279 4 
66 54 158 287 4 
66 53 170 289 4 
60 54 182 301 4 
59 55 188 296 4 
58 56 186 309 4 
54 56 198 313 4 
57 59 209 330 4 
50 60 220 337 4 
46 59 223 342 4 
40 62 218 362 4 
38 60 221 345 4 
41 56 220 356 4 
42 60 230 365 4 
43 55 226 365 4 
39 60 233 369 4 
46 61 240 364 4 
44 59 241 365 4 
47 64 247 371 4 
42 57 258 394 4 
44 59 271 393 4 
41 57 291 412 4 
42 59 284 411 4 
37 57 275 422 4 
42 58 266 428 4 
41 59 275 429 4 
41 58 281 428 4 
41 57 285 430 4 
41 56 287 456 4 
44 52 297 464 4 
43 55 301 459 4 
40 61 307 459 4 
44 59 312 466 4 
44 59 315 472 4 
46 62 315 484 4 
47 61 326 492 4 
48 62 331 498 4 
53 66 342 503 4 
52 65 344 495 4 
49 62 348 508 4 
51 61 354 488 4 
52 66 372 485 4 
53 70 388 481 4 
52 72 404 480 0 
55 66 412 486 0 
58 69 410 504 4 
63 72 430 506 0 
68 71 442 532 4 
69 67 448 532 4 
70 67 453 537 4 
68 64 445 535 4 
67 67 448 536 4 
70 68 442 537 4 
71 68 445 554 4 
69 69 451 559 4 
71 69 464 559 4 
69 75 457 577 4 
69 79 462 580 4 
67 73 452 580 4 
67 75 467 571 4 
67 73 471 599 4 
62 78 477 600 4 
61 79 480 597 4 
57 72 473 608 4 
62 74 462 618 4 
61 78 463 609 4 
56 80 465 608 4 
64 80 480 625 4 
66 78 498 643 4 
66 73 514 648 4 
62 73 525 652 4 
58 73 548 638 4 
61 74 548 652 4 
61 78 561 666 4 
61 72 578 663 0 
64 76 573 700 4 
70 72 582 683 4 
68 69 596 691 4 
67 67 572 693 4 
67 67 583 699 4 
62 68 577 700 4 
52 68 577 698 4 
49 64 587 705 4 
48 66 576 693 4 
43 68 582 712 4 
52 68 585 718 4 
57 72 574 708 4 
54 73 574 712 4 
59 71 564 693 4 
61 66 567 703 4 
64 69 581 707 4 
64 66 568 717 4 
67 63 577 714 4 
69 68 600 727 4 
67 67 598 731 4 
69 64 610 737 4 
67 58 593 735 4 
65 59 599 722 4 
59 60 598 708 4 
63 56 600 717 4 
57 56 602 700 4 
64 54 597 714 4 
63 59 593 721 4 
64 62 602 695 4 
69 64 603 691 0 
71 64 607 682 0 
69 64 624 695 0 
73 65 645 710 0 
79 69 646 713 0 
83 66 649 725 0 
84 65 672 724 0 
75 57 645 719 0 
68 59 633 717 0 
67 56 621 735 4 
67 59 615 731 4 
67 55 601 730 4 
63 56 613 739 4 
65 53 609 757 4 
59 56 619 739 4 
60 61 640 714 0 
55 62 657 717 0 
50 56 669 733 0 
56 52 672 738 0 
57 51 669 743 0 
62 54 681 743 0 
59 53 664 734 0 
58 50 659 724 0 
58 50 653 730 0 
61 46 650 729 0 
58 49 655 712 0 
57 45 670 709 0 
55 46 684 698 0 
58 49 701 694 0 
57 50 710 690 0 
60 49 704 697 0 
66 49 717 702 0 
63 54 725 701 0 
66 55 733 711 0 
73 53 723 714 0 
72 50 734 713 0 
70 51 733 708 0 
71 51 734 704 0 
67 52 713 685 0 
67 55 697 681 0 
73 57 699 701 0 
72 61 731 692 0 
72 63 734 689 0 
74 59 726 692 0 
71 58 739 688 0 
72 61 727 679 0 
74 58 710 675 0 
73 62 728 663 0 
79 60 737 647 0 
79 58 752 651 3 
81 57 759 635 3 
83 61 745 629 3 
85 62 736 627 3 
85 65 744 638 3 
84 61 750 629 3 
84 58 751 653 3 
90 61 761 657 3 
87 55 773 656 3 
84 61 777 660 3 
85 60 792 650 3 
85 61 798 641 3 
85 53 794 645 3 
90 53 804 646 3 
89 52 806 633 3 
81 53 818 644 3 
76 46 824 634 3 
73 48 857 631 3 
75 51 844 640 3 
72 55 851 633 3 
80 57 848 619 3 
78 56 849 610 3 
78 55 856 598 3 
77 56 851 587 3 
69 51 862 602 3 
70 52 853 596 3 
69 48 861 584 3 
71 48 850 603 3 
78 48 841 590 3 
72 46 864 574 3 
76 49 876 578 3 
75 57 873 561 3 
77 55 882 561 3 
74 56 876 557 3 
72 54 881 552 3 
74 62 882 543 3 
70 58 896 554 3 
63 58 908 543 3 
61 55 902 537 3 
60 59 908 529 3 
60 59 928 536 3 
57 56 927 517 3 
59 55 918 515 3 
57 56 925 513 3 
57 56 908 512 3 
59 59 898 530 3 
63 62 911 544 3 
67 64 924 530 3 
67 65 938 531 3 
67 63 947 547 3 
63 64 938 537 3 
65 64 950 544 3 
63 64 946 546 3 
63 67 981 552 3 
62 66 990 546 3 
67 69 980 564 3 
69 74 980 565 3 
66 73 989 559 3 
66 68 996 546 3 
69 74 976 554 3 
65 69 962 555 3 
58 71 968 544 3 
56 74 941 546 3 
51 70 947 529 3 
52 66 948 539 3 
52 63 971 551 3 
53 68 969 546 3 
54 67 951 542 3 
52 69 962 561 3 
48 66 966 541 3 
47 68 977 539 3 
49 73 957 539 3 
48 77 975 533 3 
49 76 982 549 3 
46 78 989 536 3 
46 73 972 533 3 
46 71 981 519 3 
49 71 997 519 3 
51 66 1000 524 3 
55 68 993 520 3 
60 65 989 527 3 
64 67 975 526 3 
62 66 987 547 3 
62 69 964 543 3 
65 71 996 544 3 
67 68 991 536 3 
60 71 990 535 3 
59 65 978 532 3 
58 72 961 534 3 
64 68 975 517 3 
60 60 968 525 3 
59 57 944 544 3 
62 57 944 533 3 
59 58 931 513 3 
63 57 946 526 3 
61 57 946 519 3 
61 58 947 514 3 
58 55 938 521 3 
57 58 915 515 3 
56 49 915 504 3 
57 47 920 506 3 
55 43 929 529 3 
59 43 921 525 3 
65 48 933 507 3 
64 49 941 491 3 
64 49 944 495 3 
67 50 931 486 3 
61 52 940 486 3 
65 51 927 479 3 
71 46 905 478 3 
69 50 901 481 3 
69 46 911 488 3 
66 44 926 482 3 
70 46 926 488 3 
70 49 941 494 3 
67 48 947 499 3 
71 43 961 505 3 
74 45 958 495 3 
80 50 966 499 3 
83 54 972 490 3 
79 55 987 476 3 
73 50 1003 474 3 
78 49 982 475 3 
79 52 1010 478 3 
79 56 1013 477 3 
76 57 1026 475 3 
73 57 1030 479 3 
76 60 1011 487 3 
78 61 1027 491 3 
78 58 1020 477 3 
81 59 1037 478 3 
82 60 1029 465 3 
79 55 1036 450 3 
77 56 1037 451 3 
69 61 1035 447 3 
66 59 1040 430 3 
74 51 1033 422 3 
70 50 1043 429 3 
66 50 1053 423 3 
63 47 1037 425 3 
61 45 1045 453 3 
58 48 1016 441 3 
58 47 1013 424 3 
60 47 1012 420 3 
63 54 1002 432 3 
64 50 1004 411 3 
64 52 991 412 3 
63 58 1017 397 3 
64 63 1030 404 3 
67 61 1026 409 3 
65 60 1035 403 3 
69 56 1047 387 3 
68 48 1042 384 3 
67 50 1047 400 3 
62 49 1051 380 3 
62 51 1044 370 3 
64 52 1042 376 3 
63 52 1040 379 3 
60 55 1034 392 3 
61 55 1034 381 3 
62 54 1028 375 3 
58 48 1051 387 3 
59 53 1050 393 3 
55 53 1045 384 3 
56 56 1019 398 3 
59 53 1017 382 3 
63 50 1020 365 3 
69 48 1018 369 3 
70 42 1030 371 3 
70 43 1046 376 3 
69 43 1047 371 3 
71 43 1061 377 3 
68 42 1061 370 3 
68 40 1069 364 3 
68 40 1067 370 3 
66 40 1068 362 3 
73 42 1057 371 3 
77 44 1044 376 3 
79 42 1037 388 3 
74 38 1015 387 3 
73 33 1021 391 3 
74 29 1042 378 3 
70 29 1042 390 3 
66 29 1042 384 3 
68 32 1046 392 3 
70 32 1034 383 3 
73 33 1058 369 3 
78 32 1077 381 3 
77 28 1081 371 3 
72 29 1093 362 3 
67 29 1097 369 3 
63 30 1107 366 3 
66 29 1120 360 3 
75 32 1129 357 3 
69 30 1151 360 3 
69 31 1162 352 3 
78 31 1150 345 3 
75 33 1171 357 3 
75 34 1147 364 3 
72 32 1154 358 3 
73 30 1149 363 3 
73 32 1156 350 3 
72 35 1144 356 3 
74 35 1143 354 3 
71 33 1151 359 3 
70 34 1159 360 3 
75 35 1156 357 3 
71 35 1131 352 3 
65 36 1126 357 3 
61 37 1113 355 3 
58 39 1109 361 3 
60 40 1121 358 3 
59 36 1117 358 3 
59 34 1096 371 3 
63 34 1101 360 3 
62 35 1099 363 3 
59 35 1092 344 3 
62 35 1091 343 3 
56 37 1086 341 3 
54 36 1104 342 3 
51 38 1111 345 3 
50 42 1125 337 3 
58 45 1126 344 3 
66 44 1107 334 3 
70 43 1119 335 3 
62 40 1128 341 3 
61 42 1115 339 3 
61 42 1107 335 3 
59 40 1092 327 3 
60 39 1114 310 3 
63 41 1108 314 3 
62 40 1105 323 3 
69 45 1095 318 3 
65 45 1088 320 3 
63 46 1070 320 3 
63 52 1090 323 3 
67 49 1119 320 3 
72 50 1117 321 3 
73 50 1139 322 3 
70 46 1146 331 3 
72 44 1140 339 3 
74 44 1165 338 3 
75 45 1149 337 3 
76 42 1150 338 3 
73 46 1168 341 3 
77 48 1161 345 3 
72 49 1167 344 3 
75 48 1184 335 3 
74 53 1176 327 3 
78 55 1186 318 3 
74 56 1195 314 3 
71 56 1183 318 3 
75 56 1188 305 3 
84 54 1165 309 3 
81 50 1173 305 3 
80 50 1182 297 3 
84 51 1160 299 3 
83 54 1131 287 3 
79 53 1143 286 3 
80 50 1141 292 3 
83 54 1135 282 3 
78 52 1142 282 3 
80 51 1125 290 3 
84 50 1141 278 3 
89 50 1126 288 3 
88 47 1115 290 3 
87 46 1107 294 3 
90 45 1118 296 3 
91 41 1127 301 3 
99 43 1145 298 3 
100 44 1152 287 3 
100 47 1141 290 3 
105 49 1146 282 3 
110 50 1146 275 3 
108 50 1156 277 3 
103 49 1162 266 3 
98 52 1191 273 3 
95 51 1190 272 3 
94 49 1180 277 3 
98 49 1205 269 3 
94 52 1196 280 3 
97 52 1192 281 3 
95 51 1188 288 3 
96 43 1212 298 3 
92 40 1231 285 3 
94 42 1231 267 3 
95 36 1229 269 3 
97 37 1211 278 3 
98 39 1184 287 3 
105 40 1190 286 3 
103 35 1180 286 3 
105 40 1173 291 3 
105 46 1196 306 3 
106 45 1193 310 3 
107 45 1195 309 3 
101 42 1200 296 3 
96 45 1202 290 3 
93 48 1191 278 3 
91 46 1179 289 3 
87 43 1184 274 3 
89 38 1164 276 3 
87 34 1149 275 3 
90 34 1134 283 3 
87 37 1110 295 3 
86 35 1130 311 3 
84 35 1143 305 3 
84 37 1123 310 3 
83 34 1146 296 3 
79 33 1147 306 3 
76 31 1149 323 3 
72 28 1130 324 3 
75 31 1148 316 3 
75 30 1158 314 3 
82 28 1171 305 3 
87 25 1164 313 3 
86 22 1173 308 3 
91 19 1174 312 3 
89 17 1173 316 3 
91 25 1170 309 3 
95 27 1178 303 3 
93 27 1166 308 3 
87 25 1163 312 3 
90 23 1152 309 3 
90 24 1149 313 3 
81 28 1159 302 3 
82 28 1175 299 3 
86 29 1173 296 3 
83 29 1167 296 3 
86 27 1174 292 3 
85 25 1167 299 3 
86 25 1149 305 3 
87 27 1175 297 3 
85 29 1150 309 3 
89 30 1134 301 3 
90 29 1125 307 3 
93 28 1143 296 3 
96 27 1151 308 3 
94 24 1155 301 3 
92 23 1167 304 3 
85 22 1181 306 3 
78 25 1204 300 3 
75 26 1197 297 3 
72 23 1205 299 3 
64 21 1185 304 3 
68 21 1212 293 3 
66 22 1204 303 3 
66 22 1221 296 3 
71 22 1211 280 3 
75 20 1185 267 3 
76 19 1177 266 3 
76 17 1182 273 3 
77 21 1190 284 3 
79 22 1174 277 3 
80 22 1152 274 3 
85 20 1157 264 3 
90 22 1180 269 3 
97 23 1216 257 3 
94 22 1223 258 3 
98 21 1230 248 3 
95 16 1217 254 3 
98 15 1220 256 3 
103 16 1203 262 3 
107 17 1218 257 3 
101 21 1200 263 3 
106 20 1208 261 3 
105 22 1178 260 3 
108 23 1152 260 3 
109 24 1163 258 3 
113 20 1175 265 3 
112 20 1177 277 3 
114 20 1161 268 3 
110 21 1136 268 3 
116 20 1164 262 3 
118 22 1172 249 3 
116 20 1170 226 3 
115 16 1156 230 3 
114 18 1149 243 3 
112 17 1152 240 3 
102 16 1162 240 3 
110 15 1157 246 3 
111 12 1149 258 3 
113 12 1193 258 3 
112 13 1190 259 3 
116 13 1195 244 3 
117 11 1222 254 3 
112 12 1233 256 3 
109 15 1240 260 3 
107 15 1222 258 3 
98 12 1232 262 3 
97 12 1240 266 3 
99 13 1237 267 3 
94 14 1275 259 3 
92 14 1278 257 3 
98 14 1269 255 3 
87 13 1244 259 3 
90 14 1262 264 3 
86 15 1261 275 3 
84 16 1221 272 3 
81 15 1231 265 3 
82 15 1245 267 3 
83 15 1218 265 3 
79 13 1232 262 3 
79 15 1227 275 3 
76 13 1228 274 3 
78 14 1229 270 3 
75 15 1241 269 3 
84 13 1263 276 3 
78 14 1281 265 3 
77 16 1283 272 3 
78 16 1280 267 3 
74 16 1241 268 3 
83 19 1217 261 3 
82 19 1213 261 3 
82 19 1235 263 3 
75 19 1209 260 3 
85 16 1206 248 3 
82 14 1220 246 3 
80 14 1237 247 3 
73 14 1235 247 3 
68 14 1213 231 3 
62 16 1197 224 3 
61 16 1219 223 3 
57 15 1192 222 3 
62 15 1203 219 3 
61 16 1218 226 3 
64 12 1192 219 3 
66 12 1188 227 3 
67 14 1200 232 3 
64 17 1213 233 3 
62 16 1198 225 3 
65 14 1178 221 3 
66 14 1208 217 3 
63 12 1182 227 3 
58 14 1204 229 3 
59 13 1206 223 3 
56 15 1205 230 3 
58 14 1212 223 3 
57 11 1219 222 3 
54 10 1232 235 3 
55 8 1219 243 3 
56 8 1242 243 3 
54 6 1247 240 3 
52 5 1249 237 3 
50 5 1245 240 3 
49 7 1254 235 3 
52 7 1261 239 3 
54 7 1292 233 3 
52 8 1289 239 3 
51 9 1291 239 3 
48 8 1308 238 3 
54 9 1322 240 3 
52 10 1308 233 3 
50 10 1309 232 3 
52 8 1308 231 3 
47 8 1306 230 3 
39 8 1289 222 3 
36 10 1282 225 3 
37 11 1297 225 3 
36 12 1293 227 3 
40 12 1288 222 3 
40 14 1289 229 3 
39 15 1291 223 3 
41 14 1266 219 3 
38 16 1293 215 3 
35 15 1305 218 3 
36 14 1327 229 3 
37 13 1326 230 3 
37 11 1337 238 3 
39 13 1336 237 3 
37 14 1329 239 3 
41 15 1323 251 3 
41 13 1316 248 3 
39 16 1315 245 3 
40 18 1322 235 3 
41 23 1339 239 3 
41 24 1340 245 3 
36 21 1337 244 3 
39 21 1350 246 3 
41 24 1357 245 3 
45 25 1342 226 3 
46 25 1326 236 3 
43 20 1314 239 3 
43 21 1325 241 3 
44 22 1304 244 3 
39 23 1300 246 3 
43 24 1275 256 3 
45 24 1239 243 3 
48 28 1236 239 3 
52 31 1223 233 3 
56 32 1248 231 3 
56 34 1252 230 3 
56 30 1266 235 3 
60 34 1245 234 3 
60 38 1241 236 3 
61 36 1235 241 3 
60 34 1259 242 3 
56 35 1230 247 3 
52 33 1221 260 3 
54 30 1224 261 3 
56 32 1222 259 3 
57 34 1244 254 3 
60 39 1253 251 3 
60 44 1282 256 3 
65 46 1276 259 3 
63 46 1271 242 3 
61 46 1257 247 3 
62 39 1256 240 3 
64 39 1266 238 3 
64 39 1255 240 3 
61 40 1258 244 3 
58 39 1253 242 3 
57 40 1228 241 3 
55 35 1220 251 3 
58 35 1197 253 3 
66 33 1216 254 3 
66 33 1228 264 3 
71 34 1241 251 3 
68 28 1251 254 3 
78 28 1248 246 3 
73 29 1248 246 3 
78 28 1261 229 3 
86 29 1252 237 3 
82 27 1269 251 3 
81 25 1260 259 3 
82 23 1253 254 3 
89 20 1250 248 3 
100 20 1271 249 3 
106 20 1257 243 3 
107 20 1234 249 3 
107 18 1217 257 3 
108 18 1216 262 3 
105 17 1194 261 3 
106 16 1194 267 3 
101 15 1211 270 3 
102 14 1224 261 3 
99 13 1235 273 3 
103 10 1236 267 3 
98 9 1240 257 3 
98 9 1222 259 3 
96 8 1223 251 3 
95 9 1219 261 3 
98 9 1198 269 3 
101 9 1187 267 3 
104 10 1203 272 3 
105 8 1192 269 3 
104 9 1196 261 3 
111 11 1195 255 3 
114 11 1188 259 3 
107 11 1192 259 3 
104 9 1176 257 3 
104 11 1161 256 3 
107 12 1181 258 3 
104 13 1187 272 3 
109 15 1197 265 3 
109 14 1196 270 3 
112 12 1187 279 3 
110 14 1202 268 3 
109 13 1196 270 3 
103 15 1184 267 3 
107 16 1181 277 3 
110 18 1180 284 3 
115 19 1177 285 3 
111 19 1182 282 3 
112 20 1201 286 3 
120 21 1201 294 3 
121 23 1207 300 3 
125 24 1210 292 3 
121 26 1218 295 3 
119 24 1204 280 3 
121 25 1196 273 3 
117 26 1189 275 3 
116 27 1206 269 3 
115 31 1193 270 3 
111 35 1188 278 3 
110 34 1194 272 3 
109 34 1194 274 3 
110 34 1180 281 3 
105 33 1171 278 3 
106 33 1163 269 3 
108 34 1146 281 3 
116 33 1179 286 3 
112 37 1187 284 3 
116 38 1164 286 3 
120 37 1153 273 3 
123 35 1159 274 3 
125 39 1173 275 3 
121 41 1170 271 3 
114 39 1162 271 3 
119 40 1147 266 3 
123 39 1141 263 3 
123 36 1127 261 3 
121 40 1134 258 3 
116 46 1160 263 3 
115 44 1148 264 3 
119 45 1152 272 3 
124 49 1154 275 3 
121 46 1162 268 3 
118 47 1148 259 3 
117 53 1135 261 3 
121 53 1144 261 3 
122 53 1134 263 3 
114 53 1149 264 3 
116 53 1143 267 3 
110 57 1134 264 3 
118 63 1158 263 3 
116 61 1152 254 3 
114 61 1139 255 3 
118 57 1150 242 3 
120 53 1145 246 3 
112 51 1171 252 3 
109 49 1174 246 3 
115 50 1174 248 3 
114 46 1185 259 3 
117 44 1185 268 3 
124 39 1154 266 3 
119 43 1124 264 3 
124 43 1125 264 3 
132 47 1101 269 3 
134 49 1114 256 3 
136 52 1097 270 3 
129 56 1104 277 3 
122 54 1127 282 3 
120 50 1114 277 3 
115 46 1124 270 3 
117 44 1115 263 3 
119 51 1097 270 3 
119 52 1105 258 3 
117 52 1105 256 3 
125 52 1112 262 3 
125 53 1105 266 3 
123 51 1104 260 3 
118 48 1105 258 3 
118 46 1096 266 3 
118 47 1096 272 3 
113 54 1097 272 3 
111 47 1080 269 3 
113 53 1076 245 3 
117 55 1098 253 3 
124 51 1115 251 3 
131 53 1129 249 3 
130 51 1145 250 3 
134 48 1167 251 3 
131 46 1160 247 3 
131 44 1150 232 3 
132 41 1178 226 3 
133 39 1188 216 3 
133 40 1209 217 3 
126 41 1212 212 3 
130 44 1203 204 3 
132 45 1184 216 3 
132 42 1199 212 3 
123 44 1184 214 3 
126 44 1175 226 3 
124 43 1182 226 3 
124 44 1209 223 3 
130 42 1198 217 3 
121 40 1183 218 3 
116 44 1200 209 3 
115 43 1213 219 3 
115 44 1212 218 3 
113 43 1210 224 3 
115 44 1229 210 3 
114 43 1211 204 3 
118 44 1230 205 3 
132 46 1231 207 3 
133 48 1240 207 3 
136 43 1228 211 3 
132 40 1207 212 3 
129 41 1227 219 3 
127 37 1195 213 3 
133 32 1212 217 3 
135 31 1231 205 3 
137 32 1227 194 3 
142 29 1232 184 3 
146 26 1249 198 3 
143 24 1241 214 3 
130 22 1226 205 3 
136 27 1240 202 3 
136 26 1233 205 3 
141 28 1223 194 3 
136 28 1227 190 3 
139 31 1246 195 3 
144 31 1260 195 3 
144 32 1245 201 3 
141 33 1224 211 3 
138 34 1230 202 3 
132 34 1256 207 3 
131 32 1237 207 3 
135 34 1234 203 3 
127 39 1248 194 3 
118 39 1250 199 3 
120 35 1244 191 3 
124 29 1240 187 3 
123 28 1258 176 3 
118 30 1261 176 3 
111 31 1264 173 3 
104 31 1262 167 3 
107 33 1259 168 3 
106 30 1228 171 3 
112 29 1222 169 3 
106 33 1212 161 3 
105 37 1234 164 3 
108 31 1247 157 3 
105 28 1233 161 3 
103 30 1251 162 3 
101 28 1244 159 3 
99 28 1267 162 3 
103 29 1283 155 3 
107 30 1293 152 3 
99 32 1276 156 3 
94 30 1272 154 3 
99 29 1260 153 3 
98 31 1268 153 3 
99 34 1272 151 3 
100 32 1292 149 3 
