0 0 0 0 0 
2 0 0 0 0 
2 0 2 0 0 
2 0 3 0 0 
3 0 2 0 0 
2 0 3 0 0 
2 0 3 0 0 
3 0 2 0 0 
3 0 2 1 0 
3 0 3 1 0 
3 1 3 1 0 
3 1 2 2 0 
5 0 2 2 0 
4 2 2 2 0 
5 2 2 3 0 
7 2 2 4 0 
6 1 2 3 0 
5 1 3 4 0 
7 1 3 6 0 
6 1 3 5 0 
7 1 3 5 0 
7 1 2 5 0 
7 1 3 4 0 
5 1 3 4 0 
5 2 3 5 0 
4 3 4 6 0 
4 2 6 6 0 
6 1 6 8 0 
7 3 6 9 0 
7 4 5 11 0 
7 5 4 12 0 
9 5 3 14 0 
11 6 3 18 0 
13 6 4 21 0 
13 8 4 20 0 
11 8 3 24 0 
10 10 4 24 0 
12 11 4 21 0 
14 9 5 22 0 
17 10 6 21 0 
19 7 8 20 0 
21 5 10 20 0 
23 5 15 22 0 
23 5 14 25 0 
22 4 11 20 0 
22 4 12 23 0 
21 5 12 25 0 
26 4 17 27 0 
26 6 18 28 0 
26 6 19 32 0 
28 8 22 34 0 
24 9 23 29 0 
24 7 23 33 0 
28 8 25 31 0 
27 12 29 32 0 
26 12 32 35 0 
25 14 31 35 0 
25 14 35 37 0 
25 16 37 39 0 
26 16 37 37 0 
26 16 37 37 0 
24 15 40 41 0 
27 16 43 44 0 
25 16 43 48 0 
26 13 44 51 0 
24 12 55 57 0 
23 13 56 59 0 
26 12 56 62 0 
28 11 62 61 0 
28 12 61 60 0 
26 12 64 64 0 
30 13 68 60 0 
31 16 70 64 0 
32 15 73 66 0 
37 17 74 70 0 
36 19 78 75 0 
34 23 82 75 0 
35 21 85 79 0 
38 22 91 84 0 
36 24 98 84 0 
39 24 100 90 0 
44 27 95 93 0 
41 27 97 90 0 
42 27 93 98 0 
40 29 100 103 0 
41 27 109 101 0 
43 25 103 96 0 
45 24 96 89 0 
49 26 99 91 0 
48 25 99 84 0 
53 24 100 84 0 
52 25 97 82 0 
57 29 96 90 0 
60 29 108 96 0 
64 32 110 97 0 
66 32 111 94 0 
64 34 110 102 0 
62 36 109 105 0 
62 31 113 110 0 
65 29 119 105 0 
65 31 124 112 0 
66 30 120 112 0 
66 30 122 113 0 
66 29 124 123 0 
73 26 125 118 0 
73 23 135 123 0 
71 25 135 121 0 
60 26 143 129 0 
64 23 146 133 0 
68 23 141 127 0 
69 22 137 123 0 
67 19 141 114 0 
62 17 141 123 0 
62 17 142 126 0 
63 18 146 119 0 
64 13 147 120 0 
61 15 146 127 0 
64 16 151 122 0 
71 18 160 118 0 
73 16 164 118 3 
79 17 174 126 3 
87 20 171 127 0 
96 18 176 135 0 
95 17 171 137 0 
95 15 176 145 0 
98 17 178 151 0 
96 20 173 170 0 
90 20 176 175 0 
91 16 183 185 0 
88 14 175 178 0 
84 15 186 194 0 
83 15 188 185 0 
83 15 191 195 0 
83 15 199 194 0 
74 16 205 212 0 
69 18 207 209 0 
69 21 210 206 0 
76 22 215 212 0 
75 21 224 209 0 
74 23 230 211 0 
71 23 234 220 0 
69 24 237 228 0 
72 23 233 235 0 
79 25 245 230 0 
80 28 234 231 0 
81 27 245 247 0 
83 28 244 253 0 
84 29 257 251 0 
85 32 266 249 0 
84 35 263 261 0 
84 37 266 247 0 
87 31 263 249 0 
89 30 254 256 0 
88 29 256 268 0 
91 31 256 279 0 
94 31 256 299 0 
95 31 265 306 0 
109 30 258 314 0 
110 33 254 314 0 
114 32 261 323 0 
117 35 270 327 0 
115 35 269 337 4 
122 35 274 350 4 
125 34 267 362 4 
121 36 282 353 4 
117 31 283 351 4 
125 31 289 350 0 
120 29 291 358 4 
129 28 304 362 0 
131 28 306 355 0 
124 29 305 344 0 
132 31 313 348 0 
140 31 316 360 0 
144 28 316 378 0 
150 28 313 383 4 
167 30 315 394 4 
165 36 308 394 4 
173 36 301 396 4 
168 40 289 394 4 
170 39 301 394 4 
176 39 303 412 4 
177 39 306 418 4 
174 39 307 422 4 
182 40 314 414 4 
183 40 320 430 4 
174 34 315 435 4 
155 38 330 425 4 
164 41 330 421 4 
166 40 323 421 4 
183 43 325 426 4 
193 43 332 432 4 
184 42 329 430 4 
182 49 332 431 4 
178 53 334 426 4 
180 55 334 433 4 
177 57 334 436 4 
172 56 331 445 4 
180 60 324 442 4 
180 54 322 452 4 
188 62 334 451 4 
180 60 338 460 4 
174 63 327 458 4 
174 63 325 468 4 
174 65 338 472 4 
180 69 340 458 4 
187 78 331 453 4 
192 75 341 451 4 
193 71 341 451 4 
187 70 346 466 4 
190 77 359 479 4 
189 86 369 473 4 
197 82 368 495 4 
196 81 372 481 4 
189 72 362 496 4 
189 74 362 494 4 
193 69 362 505 4 
194 69 366 529 4 
187 67 369 548 4 
183 65 389 541 4 
189 68 393 563 4 
188 69 392 557 4 
179 64 386 561 4 
184 66 387 572 4 
189 59 396 567 4 
194 59 393 587 4 
189 63 389 562 4 
195 72 395 555 4 
189 73 400 566 4 
195 63 408 568 4 
202 71 397 568 4 
203 73 401 580 4 
197 73 412 587 4 
203 72 411 600 4 
206 74 420 580 4 
200 74 420 577 4 
202 76 416 565 4 
204 80 413 575 4 
195 83 421 567 4 
195 84 433 557 4 
180 87 443 553 4 
177 90 445 577 4 
184 90 448 564 4 
187 91 444 577 4 
177 96 451 577 4 
178 98 469 566 4 
182 96 481 556 0 
186 101 492 562 0 
177 91 476 548 0 
179 97 481 556 0 
175 96 462 564 4 
178 98 463 563 4 
181 93 474 574 4 
172 96 471 575 4 
178 92 479 571 4 
181 88 493 564 0 
180 91 481 578 4 
180 95 483 580 4 
185 89 492 587 4 
174 89 484 579 4 
172 90 499 577 0 
174 89 510 577 0 
184 95 515 601 0 
178 106 519 588 0 
176 107 527 596 0 
180 110 526 597 0 
172 104 525 608 0 
179 107 531 599 0 
185 111 540 599 0 
190 117 554 597 0 
192 113 563 600 0 
183 112 549 601 0 
181 121 548 615 0 
188 111 542 619 0 
191 111 540 620 0 
192 116 559 612 0 
194 115 564 614 0 
190 111 564 598 0 
196 98 560 606 0 
194 101 563 621 0 
195 94 583 616 0 
191 101 569 613 0 
190 106 570 635 0 
184 110 577 646 0 
185 112 581 647 0 
175 113 587 665 0 
177 114 594 667 0 
184 116 589 665 0 
182 118 606 676 0 
184 124 607 678 0 
185 121 621 655 0 
184 122 619 674 0 
191 119 613 680 0 
192 128 628 670 0 
198 119 634 657 0 
193 115 642 662 0 
190 118 651 638 0 
191 119 662 631 0 
190 111 676 637 0 
189 106 674 613 0 
188 106 642 617 0 
182 102 649 637 0 
176 109 654 646 0 
180 100 649 624 0 
166 100 633 624 0 
170 102 619 608 0 
172 103 613 598 0 
163 105 616 613 0 
170 111 626 625 0 
179 107 621 624 0 
173 112 624 626 0 
172 115 623 613 0 
170 113 621 604 0 
169 113 623 607 0 
179 118 631 604 0 
177 114 626 622 0 
172 114 614 628 0 
181 112 590 641 0 
181 111 599 634 0 
189 117 595 646 0 
184 118 628 637 0 
179 127 618 634 0 
170 138 613 643 0 
177 135 627 635 0 
177 133 627 625 0 
177 136 627 632 0 
181 138 603 610 0 
190 140 604 589 0 
184 137 593 598 0 
183 141 590 597 0 
188 132 578 593 0 
170 128 607 601 0 
166 125 586 592 0 
172 124 591 597 0 
179 121 585 598 0 
181 119 590 609 0 
183 133 593 613 0 
188 146 585 621 0 
195 143 588 640 0 
195 143 587 648 0 
192 134 576 645 0 
184 133 579 643 0 
181 138 566 636 0 
184 143 559 636 0 
186 147 566 632 0 
186 153 570 647 0 
181 163 575 642 0 
183 158 589 654 0 
186 149 591 644 0 
182 145 579 633 0 
181 149 562 647 0 
186 146 571 658 0 
177 147 583 650 0 
176 141 585 655 0 
181 146 585 638 0 
187 144 577 644 0 
182 138 569 645 0 
182 148 559 649 4 
180 153 558 646 0 
176 149 551 637 0 
182 154 539 644 4 
181 163 534 651 4 
177 165 542 653 4 
179 164 544 666 4 
176 158 550 665 4 
183 150 551 663 4 
182 154 543 648 4 
175 154 542 661 4 
177 154 544 665 4 
175 162 546 657 4 
166 166 544 648 4 
169 164 565 644 0 
170 166 584 635 0 
173 152 584 632 0 
177 155 575 630 0 
173 151 577 624 0 
171 157 574 617 0 
175 163 572 608 0 
175 168 572 601 0 
164 164 571 599 0 
156 166 574 608 0 
155 165 576 610 0 
161 161 572 618 0 
162 158 576 614 0 
162 156 579 600 0 
164 161 579 590 0 
158 153 567 583 0 
161 152 566 594 0 
157 158 573 603 0 
160 163 583 601 0 
151 157 593 589 0 
161 157 585 584 0 
164 145 591 591 0 
162 145 591 591 0 
153 151 602 592 0 
155 149 606 581 0 
161 147 601 589 0 
165 139 605 586 0 
169 138 615 586 0 
176 134 609 585 0 
175 141 615 585 0 
167 142 590 577 0 
169 144 569 577 0 
165 151 567 587 0 
165 153 576 594 0 
175 157 582 586 0 
176 163 583 583 0 
174 159 591 582 0 
180 156 593 570 0 
185 155 600 575 0 
184 162 597 568 0 
190 161 605 575 0 
200 163 594 558 0 
189 158 609 567 0 
193 171 593 567 0 
190 175 610 556 0 
184 173 607 551 0 
183 174 609 550 0 
181 173 648 554 3 
174 174 633 556 0 
170 174 636 548 0 
168 166 643 530 3 
161 171 649 541 3 
161 178 671 544 3 
154 178 672 560 3 
157 176 670 559 3 
151 172 669 567 3 
138 167 671 567 3 
136 175 688 563 3 
137 170 703 567 3 
137 169 711 551 3 
139 175 705 552 3 
146 176 708 549 3 
143 172 721 566 3 
142 167 730 564 3 
137 161 729 558 3 
134 152 703 556 3 
133 154 701 558 3 
141 143 689 567 3 
143 140 689 567 3 
136 139 695 575 3 
143 138 696 577 3 
148 135 699 568 3 
153 145 702 564 3 
148 146 704 556 3 
141 139 687 557 3 
142 134 693 565 3 
140 133 693 565 3 
141 134 697 544 3 
134 130 707 541 3 
134 131 717 554 3 
132 130 718 563 3 
133 128 711 576 3 
141 123 726 566 3 
145 120 726 571 3 
145 120 716 557 3 
144 117 713 552 3 
140 118 711 562 3 
146 112 709 558 3 
144 120 716 565 3 
141 121 711 561 3 
129 116 724 552 3 
134 127 729 565 3 
135 129 731 564 3 
132 130 729 566 3 
131 134 730 565 3 
127 134 738 566 3 
123 136 739 548 3 
124 133 743 538 3 
128 136 730 535 3 
131 136 736 524 3 
126 136 747 520 3 
120 138 740 517 3 
124 140 740 521 3 
126 141 755 520 3 
127 137 746 528 3 
132 133 761 542 3 
124 126 764 546 3 
128 129 756 564 3 
132 129 762 562 3 
126 135 753 559 3 
134 138 727 563 3 
135 132 754 558 3 
129 134 761 558 3 
129 134 761 551 3 
137 140 761 533 3 
138 141 766 529 3 
141 132 761 534 3 
138 131 774 538 3 
145 138 782 536 3 
143 134 763 534 3 
151 125 766 531 3 
144 124 779 540 3 
134 125 771 542 3 
138 124 783 541 3 
144 128 799 515 3 
150 119 794 507 3 
151 127 786 517 3 
148 129 783 523 3 
142 136 791 525 3 
145 135 798 517 3 
139 133 796 517 3 
145 125 790 524 3 
145 125 803 520 3 
151 131 792 508 3 
146 128 808 518 3 
151 129 808 510 3 
142 129 804 500 3 
143 129 830 508 3 
142 121 822 506 3 
138 123 812 506 3 
139 127 807 494 3 
131 122 810 501 3 
135 116 801 501 3 
137 111 792 490 3 
128 119 814 488 3 
137 118 809 473 3 
129 109 812 463 3 
139 105 818 468 3 
141 102 817 464 3 
141 102 812 456 3 
146 99 803 453 3 
143 98 810 456 3 
147 97 815 466 3 
148 93 833 455 3 
157 87 821 458 3 
156 84 817 468 3 
164 86 814 472 3 
167 83 815 462 3 
165 94 803 462 3 
168 96 798 451 3 
170 99 797 445 3 
163 103 809 455 3 
159 102 800 442 3 
165 111 808 451 3 
166 107 817 460 3 
171 102 808 460 3 
178 101 828 464 3 
179 103 835 458 3 
168 108 847 464 3 
166 104 853 466 3 
167 101 835 479 3 
170 107 833 481 3 
170 110 846 473 3 
171 109 867 482 3 
166 105 853 456 3 
166 106 864 452 3 
168 105 855 446 3 
170 101 841 439 3 
174 96 831 440 3 
172 96 827 444 3 
170 89 828 444 3 
170 88 814 448 3 
165 80 832 454 3 
163 85 840 454 3 
160 86 845 454 3 
167 81 827 461 3 
170 80 831 469 3 
183 70 838 473 3 
181 76 841 478 3 
185 77 827 480 3 
182 75 817 491 3 
190 71 799 505 3 
182 69 791 491 3 
183 68 800 479 3 
175 70 801 482 3 
176 66 821 475 3 
181 63 858 482 3 
177 55 874 482 3 
172 57 860 471 3 
168 54 849 480 3 
170 53 835 479 3 
167 55 822 482 3 
170 54 825 483 3 
162 53 823 477 3 
163 55 816 492 3 
154 55 798 499 3 
148 57 803 486 3 
145 56 822 473 3 
146 59 833 479 3 
153 58 851 460 3 
156 58 860 470 3 
159 56 844 475 3 
155 54 837 466 3 
158 59 839 484 3 
161 65 849 485 3 
167 59 844 474 3 
160 55 853 485 3 
163 51 858 482 3 
155 49 876 468 3 
169 52 888 485 3 
172 52 903 477 3 
175 51 860 463 3 
176 49 843 464 3 
165 54 855 452 3 
162 51 851 458 3 
164 51 847 450 3 
159 47 850 447 3 
164 48 843 444 3 
170 44 842 452 3 
169 46 836 472 3 
172 45 836 466 3 
176 49 832 457 3 
180 48 839 462 3 
170 52 831 457 3 
176 58 843 462 3 
174 54 838 456 3 
180 55 855 469 3 
172 60 854 452 3 
182 62 840 446 3 
179 59 848 459 3 
176 61 842 459 3 
168 62 834 456 3 
173 66 833 451 3 
171 66 822 462 3 
173 67 848 480 3 
175 66 859 470 3 
173 62 855 477 3 
167 60 853 466 3 
177 62 851 487 3 
169 59 830 501 3 
164 64 830 501 3 
166 60 844 502 3 
166 55 829 496 3 
159 60 825 483 3 
152 55 830 489 3 
149 55 838 478 3 
144 51 825 467 3 
138 54 810 461 3 
145 56 832 475 3 
146 59 833 469 3 
146 62 842 469 3 
153 66 849 465 3 
144 60 872 468 3 
148 56 851 475 3 
145 58 837 480 3 
152 64 826 474 3 
153 70 822 486 3 
155 65 797 474 3 
162 70 807 471 3 
164 66 812 466 3 
163 67 828 470 3 
162 75 839 466 3 
162 73 835 479 3 
156 69 822 477 3 
158 71 835 457 3 
158 70 844 460 3 
157 72 839 447 3 
149 67 843 460 3 
143 65 840 453 3 
145 65 838 466 3 
145 67 850 454 3 
139 67 871 452 3 
132 68 872 454 3 
138 63 854 449 3 
138 64 859 449 3 
133 64 852 444 3 
131 63 843 427 3 
124 65 856 424 3 
131 59 895 423 3 
135 61 892 431 3 
141 60 902 425 3 
138 60 898 435 3 
139 62 915 432 3 
136 57 935 437 3 
133 58 930 419 3 
134 64 928 430 3 
129 62 939 433 3 
127 58 941 440 3 
127 64 928 453 3 
117 60 926 442 3 
119 64 931 437 3 
120 62 935 435 3 
126 62 937 437 3 
131 67 945 437 3 
125 67 951 428 3 
125 64 965 438 3 
124 63 962 422 3 
118 67 938 429 3 
116 68 936 433 3 
112 69 937 435 3 
122 71 956 454 3 
118 71 956 451 3 
116 72 939 454 3 
114 65 946 454 3 
109 69 935 451 3 
114 70 951 460 3 
104 76 950 450 3 
103 79 958 449 3 
105 75 965 466 3 
107 67 966 468 3 
114 69 941 476 3 
116 73 932 478 3 
117 70 942 482 3 
122 71 949 472 3 
118 70 928 479 3 
117 75 949 486 3 
123 72 955 506 3 
122 73 963 495 3 
125 72 951 511 3 
119 71 954 509 3 
111 71 928 499 3 
102 73 930 506 3 
98 72 929 484 3 
97 74 937 492 3 
92 73 949 489 3 
87 79 954 486 3 
80 78 940 478 3 
84 73 954 482 3 
89 70 956 479 3 
91 78 963 475 3 
89 75 956 473 3 
91 72 969 471 3 
101 72 942 475 3 
103 69 980 464 3 
103 68 990 460 3 
105 64 1014 459 3 
109 62 1041 457 3 
105 66 1047 432 3 
100 63 1038 420 3 
99 60 1051 422 3 
98 62 1039 410 3 
103 66 1024 398 3 
103 62 1028 397 3 
100 61 1004 397 3 
93 57 1008 409 3 
90 58 1014 418 3 
82 53 1009 422 3 
83 53 990 425 3 
87 56 1002 439 3 
92 59 996 441 3 
95 56 1008 424 3 
91 51 1016 419 3 
95 49 1014 414 3 
88 45 1029 405 3 
81 45 1029 411 3 
84 47 1004 405 3 
84 49 1009 403 3 
88 47 985 407 3 
90 43 993 409 3 
95 42 987 411 3 
98 45 995 401 3 
112 41 991 419 3 
118 40 976 414 3 
114 43 1002 422 3 
109 48 1027 426 3 
108 50 1026 426 3 
101 49 1037 418 3 
95 47 1047 409 3 
93 44 1053 404 3 
89 46 1045 395 3 
90 44 1056 407 3 
87 42 1043 403 3 
91 42 1048 415 3 
95 42 1046 417 3 
101 45 1066 429 3 
96 43 1078 415 3 
105 45 1055 426 3 
109 42 1043 416 3 
112 45 1027 430 3 
106 45 996 423 3 
108 42 995 417 3 
111 43 988 399 3 
114 45 992 382 3 
121 46 1027 393 3 
118 49 1036 384 3 
110 43 1018 388 3 
114 47 1016 382 3 
115 47 1029 386 3 
116 43 1034 384 3 
110 42 1040 375 3 
114 41 1043 385 3 
110 38 1055 383 3 
112 40 1087 386 3 
113 35 1091 382 3 
114 39 1098 380 3 
112 40 1097 380 3 
108 40 1103 382 3 
107 41 1090 366 3 
110 37 1084 364 3 
108 38 1118 356 3 
102 40 1106 363 3 
100 43 1112 370 3 
105 39 1115 361 3 
106 38 1107 345 3 
99 38 1127 350 3 
101 38 1123 348 3 
97 38 1108 354 3 
97 36 1101 348 3 
91 36 1112 351 3 
89 36 1124 359 3 
93 37 1115 355 3 
97 40 1104 346 3 
95 38 1087 355 3 
98 42 1080 351 3 
94 44 1064 347 3 
97 43 1072 345 3 
99 48 1070 348 3 
93 47 1073 350 3 
87 50 1069 355 3 
91 48 1064 352 3 
90 46 1038 356 3 
86 50 1043 365 3 
84 50 1030 352 3 
86 51 1011 359 3 
89 51 1005 362 3 
91 50 1014 369 3 
91 49 1002 354 3 
93 50 1012 355 3 
95 51 1036 352 3 
93 53 1046 358 3 
92 52 1061 367 3 
96 51 1076 365 3 
101 50 1074 360 3 
102 47 1105 366 3 
95 44 1104 361 3 
93 45 1137 365 3 
89 51 1136 368 3 
91 50 1123 368 3 
91 53 1132 357 3 
83 55 1136 347 3 
85 57 1111 361 3 
84 51 1091 354 3 
92 49 1094 371 3 
85 42 1084 369 3 
90 37 1080 367 3 
92 42 1095 367 3 
98 41 1076 369 3 
99 42 1090 357 3 
96 48 1091 338 3 
94 43 1093 348 3 
98 45 1086 356 3 
95 43 1062 345 3 
93 45 1080 346 3 
92 44 1064 333 3 
84 47 1059 341 3 
85 45 1065 353 3 
89 44 1071 349 3 
88 42 1062 359 3 
93 42 1053 359 3 
98 42 1046 353 3 
100 48 1072 350 3 
94 51 1071 349 3 
96 46 1100 345 3 
94 48 1100 344 3 
92 50 1083 339 3 
91 48 1107 336 3 
87 48 1103 328 3 
92 48 1108 328 3 
85 44 1121 325 3 
88 45 1127 320 3 
95 45 1121 318 3 
88 49 1146 326 3 
95 50 1153 323 3 
96 49 1128 326 3 
99 44 1122 307 3 
101 45 1111 303 3 
93 44 1129 318 3 
95 43 1136 328 3 
94 42 1118 336 3 
91 39 1104 337 3 
89 39 1110 354 3 
90 35 1102 347 3 
89 34 1090 352 3 
90 29 1080 346 3 
93 27 1079 346 3 
95 27 1061 347 3 
97 26 1080 339 3 
97 32 1061 343 3 
100 31 1064 339 3 
99 28 1070 341 3 
90 26 1073 341 3 
88 27 1072 329 3 
85 28 1073 335 3 
88 28 1080 326 3 
83 29 1074 322 3 
88 27 1086 319 3 
91 26 1080 302 3 
84 25 1075 301 3 
88 24 1099 292 3 
93 28 1122 304 3 
88 28 1124 295 3 
85 27 1124 298 3 
89 30 1124 295 3 
92 30 1140 293 3 
89 33 1134 289 3 
87 34 1154 274 3 
91 32 1143 281 3 
92 32 1124 274 3 
89 30 1140 266 3 
87 29 1149 270 3 
88 28 1156 266 3 
90 29 1155 273 3 
94 28 1159 275 3 
94 27 1155 267 3 
95 30 1163 271 3 
95 32 1167 283 3 
94 32 1150 289 3 
91 35 1126 302 3 
93 34 1157 302 3 
94 29 1147 301 3 
96 25 1155 303 3 
97 30 1138 304 3 
88 33 1176 308 3 
94 31 1194 310 3 
95 37 1194 307 3 
94 43 1203 312 3 
106 41 1193 308 3 
103 37 1196 302 3 
100 37 1171 297 3 
106 36 1189 291 3 
103 34 1167 287 3 
101 34 1158 279 3 
99 35 1156 274 3 
107 39 1161 281 3 
112 40 1170 279 3 
116 36 1191 285 3 
124 39 1184 296 3 
124 41 1195 295 3 
119 43 1193 302 3 
120 44 1203 304 3 
117 43 1198 310 3 
117 43 1181 297 3 
109 43 1168 307 3 
111 39 1157 315 3 
111 40 1148 320 3 
115 42 1145 324 3 
118 40 1118 318 3 
115 39 1141 307 3 
117 34 1139 303 3 
113 30 1110 297 3 
110 28 1120 297 3 
111 27 1121 300 3 
117 29 1123 308 3 
122 30 1107 316 3 
123 28 1088 305 3 
121 29 1099 302 3 
133 25 1105 300 3 
131 25 1106 302 3 
133 23 1108 291 3 
132 23 1110 298 3 
134 25 1136 305 3 
130 26 1148 310 3 
136 32 1134 301 3 
129 34 1150 316 3 
128 30 1153 312 3 
132 29 1163 316 3 
128 31 1159 315 3 
129 31 1138 315 3 
129 33 1145 320 3 
134 36 1160 323 3 
132 32 1159 325 3 
136 30 1150 332 3 
142 31 1158 326 3 
152 35 1142 331 3 
145 33 1133 339 3 
135 37 1120 346 3 
132 41 1140 338 3 
132 42 1115 336 3 
138 36 1111 334 3 
152 34 1108 332 3 
155 38 1109 339 3 
154 35 1090 329 3 
146 34 1103 331 3 
155 37 1108 329 3 
162 37 1095 331 3 
161 36 1103 334 3 
158 35 1106 344 3 
157 35 1116 343 3 
156 33 1084 335 3 
159 33 1059 341 3 
166 36 1049 341 3 
165 37 1066 349 3 
164 35 1066 346 3 
153 36 1080 345 3 
151 41 1097 353 3 
153 40 1089 350 3 
144 33 1091 361 3 
139 29 1080 365 3 
145 28 1071 380 3 
132 30 1077 376 3 
126 27 1083 366 3 
130 28 1075 367 3 
133 27 1073 374 3 
132 29 1093 356 3 
122 33 1101 365 3 
130 31 1111 355 3 
123 32 1100 339 3 
117 30 1066 346 3 
110 32 1075 349 3 
107 34 1069 356 3 
109 35 1066 362 3 
109 32 1076 362 3 
112 34 1073 359 3 
106 30 1059 346 3 
113 30 1055 359 3 
111 29 1049 362 3 
104 31 1039 368 3 
98 34 1038 371 3 
100 33 1041 358 3 
97 28 1041 368 3 
