0 0 1 0 0 
1 0 0 0 0 
2 0 0 0 0 
4 0 0 0 0 
3 0 1 0 0 
2 1 1 0 0 
2 1 1 1 0 
2 1 2 1 0 
3 1 1 2 0 
2 1 1 3 0 
2 1 2 3 0 
2 1 2 4 0 
3 1 2 4 0 
3 1 3 5 0 
3 2 2 6 0 
3 2 3 7 0 
3 1 3 7 0 
4 1 2 8 0 
4 2 2 8 0 
3 3 1 9 0 
4 3 1 10 0 
4 4 1 13 0 
5 3 1 13 0 
5 5 1 14 0 
6 5 1 17 0 
6 6 0 18 0 
7 8 0 17 0 
5 9 0 14 0 
7 9 1 14 0 
7 10 2 15 0 
6 10 3 15 0 
7 9 4 15 0 
6 11 5 14 0 
5 13 4 14 0 
5 12 4 16 0 
5 11 4 19 0 
6 10 4 22 0 
9 12 5 23 0 
9 12 6 22 0 
10 11 7 25 0 
11 12 6 27 0 
9 12 7 27 0 
10 11 7 31 4 
9 15 7 36 4 
9 15 9 39 4 
9 15 10 38 4 
11 18 11 39 4 
11 21 11 46 4 
11 24 10 47 4 
9 25 12 51 4 
10 27 13 52 4 
10 24 13 56 4 
10 23 14 59 4 
11 22 15 64 4 
10 25 14 73 4 
11 28 13 76 4 
10 28 12 79 4 
11 31 14 80 4 
11 31 14 86 4 
10 35 17 84 4 
11 37 19 85 4 
11 38 17 85 4 
9 37 16 90 4 
8 35 21 94 4 
7 35 22 95 4 
7 36 20 99 4 
10 38 20 102 4 
10 37 22 116 4 
8 34 22 120 4 
10 36 18 121 4 
11 36 17 126 4 
14 40 16 131 4 
14 41 15 129 4 
13 50 15 130 4 
13 46 15 130 4 
13 50 14 141 4 
11 52 15 144 4 
11 47 16 139 4 
14 52 17 135 4 
13 50 20 141 4 
14 53 21 137 4 
13 62 25 142 4 
12 63 23 138 4 
12 58 25 149 4 
12 57 31 153 4 
16 65 37 161 4 
17 64 36 165 4 
19 67 38 181 4 
22 69 38 182 4 
23 65 40 187 4 
22 63 37 187 4 
22 61 39 197 4 
26 59 43 198 4 
25 58 45 192 4 
28 60 47 201 4 
29 62 50 197 4 
31 55 51 203 4 
33 54 51 206 4 
32 56 51 202 4 
31 53 56 197 4 
35 47 62 201 4 
38 47 59 209 4 
38 51 65 218 4 
40 54 61 220 4 
45 52 59 219 4 
42 53 69 218 4 
35 53 70 224 4 
33 55 76 218 4 
35 53 85 237 4 
37 54 85 242 4 
34 58 88 238 4 
33 58 92 234 4 
32 54 90 227 4 
33 54 89 231 4 
31 56 89 228 4 
34 54 84 217 4 
36 51 90 222 4 
38 50 89 215 4 
37 47 82 220 4 
36 47 88 213 4 
39 52 90 212 4 
38 53 91 217 4 
40 56 96 218 4 
40 58 101 227 4 
38 62 100 226 4 
42 65 93 231 4 
39 68 93 231 4 
45 63 99 232 4 
47 64 99 227 4 
43 64 103 219 4 
43 62 99 227 4 
45 64 99 222 4 
45 66 100 219 4 
45 68 108 231 4 
44 66 115 233 4 
46 64 110 241 4 
48 70 108 245 4 
46 69 106 252 4 
48 64 116 264 4 
54 67 116 256 4 
56 65 126 258 4 
63 66 121 264 4 
64 66 117 274 4 
64 64 109 273 4 
70 65 113 284 4 
68 72 124 285 4 
64 70 135 282 4 
64 71 137 296 4 
67 81 143 294 4 
61 76 147 302 4 
64 75 158 320 4 
66 75 168 319 4 
61 80 165 325 4 
62 75 169 332 4 
63 76 180 336 4 
63 75 183 344 4 
65 80 189 345 4 
68 74 192 338 4 
69 64 205 347 4 
65 64 209 348 4 
78 64 213 359 4 
70 70 212 352 4 
73 72 211 357 4 
67 66 211 340 4 
67 63 220 340 4 
63 67 236 340 4 
68 68 220 355 4 
69 68 232 366 4 
69 63 249 364 4 
67 61 261 362 4 
68 60 258 364 4 
73 62 258 359 4 
76 61 262 375 4 
76 62 265 382 4 
72 66 284 384 4 
71 65 280 388 4 
70 66 286 405 4 
71 73 288 414 4 
68 73 300 419 4 
63 72 303 436 4 
62 77 303 432 4 
72 77 304 442 4 
79 81 304 444 4 
84 91 300 436 4 
87 93 308 446 4 
91 100 323 441 4 
86 100 323 432 4 
90 102 316 421 4 
87 104 312 426 4 
82 103 319 424 4 
80 99 334 424 4 
80 101 343 435 4 
80 104 336 449 4 
84 100 350 428 4 
90 100 351 424 4 
92 95 355 421 0 
97 99 348 433 4 
99 104 360 444 4 
99 105 351 442 4 
95 101 351 451 4 
93 105 351 444 4 
90 105 358 439 4 
89 107 359 450 4 
88 117 365 460 4 
92 118 377 465 4 
93 118 377 488 4 
100 115 379 488 4 
100 113 373 491 4 
102 119 365 523 4 
100 124 368 513 4 
105 127 370 501 4 
106 126 398 509 4 
104 131 387 519 4 
105 133 395 525 4 
105 127 409 514 4 
111 133 405 503 4 
112 126 408 517 4 
114 126 414 511 4 
119 118 403 515 4 
114 114 410 524 4 
107 112 416 524 4 
100 114 422 534 4 
101 119 430 543 4 
105 117 445 529 4 
107 106 452 544 4 
101 98 457 545 4 
102 100 453 533 0 
98 106 472 543 0 
100 117 475 550 0 
94 122 484 544 0 
85 127 488 551 0 
90 119 497 557 0 
93 129 490 561 0 
100 129 495 571 0 
102 126 512 537 0 
96 129 513 524 0 
97 127 516 511 0 
102 122 534 518 0 
96 129 534 527 0 
89 134 540 540 0 
91 131 550 547 0 
95 131 558 548 0 
97 137 564 554 0 
96 135 559 550 0 
99 127 581 551 0 
98 131 595 547 0 
101 132 577 565 0 
106 136 577 559 0 
107 137 596 559 0 
101 140 602 559 0 
93 140 600 566 0 
84 137 600 576 0 
75 143 606 597 0 
74 136 602 599 0 
74 134 609 602 0 
77 137 604 582 0 
82 139 620 584 0 
84 137 607 577 0 
86 140 609 575 0 
87 141 601 568 0 
91 139 603 576 0 
99 140 613 570 0 
93 136 629 566 0 
93 133 643 564 0 
102 137 654 561 3 
95 141 672 571 3 
91 142 680 549 3 
89 143 689 565 3 
89 143 688 565 3 
94 133 704 551 3 
102 130 712 541 3 
99 128 741 534 3 
96 112 750 522 3 
98 110 747 520 3 
99 111 732 523 3 
106 112 738 511 3 
107 105 727 526 3 
106 109 736 507 3 
105 112 731 509 3 
107 112 736 513 3 
110 107 757 521 3 
117 103 765 525 3 
116 101 771 507 3 
113 109 754 511 3 
113 107 737 514 3 
114 112 725 505 3 
121 108 737 510 3 
116 111 739 508 3 
117 111 736 514 3 
111 113 745 512 3 
107 110 761 504 3 
110 111 758 514 3 
111 114 767 500 3 
109 105 761 508 3 
106 102 787 508 3 
110 102 785 520 3 
110 103 770 527 3 
111 97 784 516 3 
116 91 806 514 3 
110 92 801 511 3 
112 93 794 510 3 
111 102 792 512 3 
108 101 790 517 3 
106 96 790 522 3 
108 95 806 534 3 
106 87 816 540 3 
109 87 834 539 3 
115 94 825 546 3 
112 96 815 559 3 
111 97 814 548 3 
111 105 810 547 3 
109 103 838 541 3 
116 103 840 543 3 
113 102 844 535 3 
105 100 834 549 3 
107 97 840 555 3 
105 105 832 547 3 
103 102 811 557 3 
109 102 819 555 3 
108 103 797 568 3 
108 105 793 569 3 
118 99 797 562 3 
116 101 810 552 3 
111 101 836 544 3 
107 100 832 552 3 
112 100 832 547 3 
115 96 856 525 3 
122 100 842 529 3 
125 96 832 532 3 
131 95 814 534 3 
133 93 808 540 3 
133 83 819 559 3 
132 80 819 560 3 
132 81 800 567 3 
134 82 801 576 3 
138 88 807 580 3 
139 91 808 579 3 
145 88 825 591 3 
156 89 832 590 3 
147 75 826 585 3 
148 74 821 583 3 
150 74 828 592 3 
151 69 848 584 3 
146 71 860 566 3 
143 76 856 573 3 
145 76 861 574 3 
145 76 865 567 3 
140 75 858 557 3 
140 70 875 537 3 
135 64 862 531 3 
136 65 863 536 3 
129 64 848 565 3 
131 66 856 555 3 
133 64 856 553 3 
135 73 864 545 3 
138 69 862 553 3 
132 67 847 539 3 
125 64 839 528 3 
129 67 854 523 3 
126 67 873 523 3 
125 71 863 518 3 
117 72 862 523 3 
122 73 852 527 3 
117 74 867 528 3 
123 70 867 529 3 
130 68 875 543 3 
137 66 842 545 3 
142 60 835 554 3 
146 50 838 549 3 
148 52 852 552 3 
158 44 848 564 3 
156 41 840 569 3 
155 44 827 547 3 
146 44 816 554 3 
145 41 824 555 3 
153 46 840 543 3 
149 50 845 534 3 
157 45 853 532 3 
153 44 856 526 3 
155 47 850 531 3 
159 47 863 529 3 
164 48 875 503 3 
159 46 876 514 3 
157 43 846 500 3 
160 42 845 483 3 
155 45 834 493 3 
162 48 838 495 3 
157 50 848 490 3 
161 49 845 489 3 
158 46 853 491 3 
154 51 847 479 3 
152 51 864 483 3 
149 50 862 474 3 
149 55 874 459 3 
138 50 888 462 3 
145 48 887 463 3 
145 56 878 459 3 
150 56 897 449 3 
155 54 897 445 3 
148 55 888 454 3 
148 48 891 461 3 
150 49 926 459 3 
136 52 937 461 3 
133 46 942 464 3 
130 47 936 451 3 
119 43 960 448 3 
128 43 962 434 3 
125 42 972 444 3 
122 41 968 432 3 
119 40 954 436 3 
109 39 953 430 3 
113 37 957 456 3 
115 38 959 443 3 
118 39 968 448 3 
117 35 972 448 3 
120 36 976 457 3 
119 44 1014 455 3 
108 43 996 472 3 
106 43 993 463 3 
106 41 1006 459 3 
102 41 997 458 3 
100 42 987 472 3 
98 42 998 476 3 
98 46 1008 474 3 
90 41 1002 470 3 
92 39 1016 480 3 
92 39 1005 483 3 
91 40 1028 494 3 
93 42 1008 499 3 
89 38 1016 509 3 
95 34 1003 495 3 
94 36 1024 508 3 
99 33 1008 515 3 
96 37 1021 507 3 
90 38 1005 504 3 
89 36 1007 508 3 
85 35 982 497 3 
85 35 1003 504 3 
84 34 1003 491 3 
81 36 982 486 3 
78 34 985 487 3 
81 33 1008 488 3 
87 34 1023 488 3 
82 36 1020 499 3 
88 40 1028 498 3 
90 39 1016 509 3 
87 44 1006 498 3 
85 43 991 495 3 
78 43 1015 504 3 
74 41 1018 510 3 
71 40 1003 492 3 
69 37 991 474 3 
70 37 1000 481 3 
70 37 1026 478 3 
68 40 1039 475 3 
66 36 1039 484 3 
66 35 1045 491 3 
69 33 1058 484 3 
64 30 1036 486 3 
71 32 1010 478 3 
75 31 1010 477 3 
69 31 1016 462 3 
68 31 1021 463 3 
67 30 1017 468 3 
66 29 1004 453 3 
72 30 1009 457 3 
75 30 1003 459 3 
70 32 1015 477 3 
71 32 1028 472 3 
67 33 1029 474 3 
67 34 1020 468 3 
63 33 1029 474 3 
61 30 1036 466 3 
71 32 1050 457 3 
69 32 1054 462 3 
70 31 1034 451 3 
70 33 1060 438 3 
75 35 1042 453 3 
78 28 1067 452 3 
74 25 1066 449 3 
74 27 1084 453 3 
75 23 1057 450 3 
86 27 1041 443 3 
83 26 1055 451 3 
91 22 1066 450 3 
89 21 1052 446 3 
93 22 1056 450 3 
93 25 1060 456 3 
94 25 1049 455 3 
89 26 1052 464 3 
89 23 1079 471 3 
93 23 1076 465 3 
94 26 1080 464 3 
94 29 1069 452 3 
93 31 1084 451 3 
92 29 1090 462 3 
86 30 1091 448 3 
84 30 1086 446 3 
90 28 1070 441 3 
96 28 1077 438 3 
90 31 1067 431 3 
87 27 1059 441 3 
96 28 1049 438 3 
92 29 1043 433 3 
96 30 1052 438 3 
98 32 1071 420 3 
99 32 1080 430 3 
97 34 1062 436 3 
102 35 1024 433 3 
101 37 1021 434 3 
106 39 1029 433 3 
109 37 1027 419 3 
114 38 1022 407 3 
106 37 997 413 3 
105 36 1023 435 3 
112 35 1022 433 3 
107 32 1029 431 3 
107 36 1021 413 3 
109 39 1018 410 3 
105 38 998 403 3 
114 43 994 406 3 
112 44 1019 395 3 
105 47 1017 399 3 
107 43 1004 418 3 
108 42 981 423 3 
111 39 996 434 3 
113 41 1002 434 3 
108 40 1006 439 3 
110 34 1027 427 3 
109 35 1046 419 3 
102 36 1050 420 3 
99 38 1051 439 3 
98 41 1043 428 3 
98 42 1038 426 3 
102 41 1034 415 3 
107 42 1042 396 3 
102 40 1033 387 3 
109 41 1025 384 3 
109 42 1019 383 3 
111 42 1032 383 3 
122 44 1034 388 3 
123 36 1036 376 3 
116 37 1032 394 3 
116 37 1047 380 3 
119 41 1049 381 3 
120 39 1056 376 3 
118 39 1065 382 3 
119 40 1052 372 3 
112 40 1098 371 3 
118 41 1107 369 3 
104 42 1106 376 3 
106 42 1133 375 3 
102 42 1129 365 3 
109 45 1109 371 3 
112 49 1108 372 3 
110 45 1102 370 3 
112 48 1076 365 3 
114 50 1072 366 3 
115 42 1045 363 3 
119 42 1050 365 3 
118 39 1055 373 3 
121 42 1060 377 3 
124 43 1064 366 3 
118 44 1077 372 3 
120 49 1095 375 3 
117 49 1090 368 3 
129 53 1072 366 3 
133 57 1081 359 3 
132 50 1099 352 3 
133 49 1069 345 3 
134 49 1094 332 3 
134 49 1088 336 3 
125 49 1076 331 3 
134 48 1070 334 3 
125 45 1056 341 3 
136 41 1070 332 3 
135 43 1051 318 3 
137 43 1069 318 3 
139 44 1081 322 3 
139 44 1085 322 3 
142 40 1070 320 3 
135 41 1080 325 3 
138 42 1078 327 3 
138 40 1092 321 3 
140 37 1119 325 3 
139 41 1119 321 3 
133 43 1077 324 3 
132 37 1077 324 3 
128 38 1079 326 3 
132 38 1088 319 3 
125 40 1082 314 3 
127 39 1101 312 3 
130 38 1104 317 3 
124 40 1101 312 3 
123 41 1076 317 3 
120 40 1063 323 3 
120 43 1049 318 3 
121 45 1065 321 3 
126 46 1060 317 3 
127 45 1055 311 3 
123 43 1061 304 3 
121 44 1063 306 3 
124 48 1082 297 3 
123 47 1076 296 3 
126 44 1088 299 3 
131 44 1075 288 3 
141 46 1074 294 3 
133 44 1079 295 3 
138 41 1096 306 3 
151 36 1082 317 3 
158 36 1080 302 3 
155 41 1091 320 3 
152 40 1081 310 3 
148 33 1059 309 3 
134 32 1059 291 3 
133 36 1080 277 3 
138 36 1090 284 3 
136 36 1095 275 3 
123 41 1110 273 3 
113 38 1106 276 3 
115 35 1089 273 3 
113 35 1085 274 3 
122 36 1096 279 3 
115 38 1119 266 3 
113 39 1145 262 3 
113 42 1124 254 3 
115 39 1105 257 3 
103 42 1112 259 3 
104 44 1116 269 3 
109 49 1110 271 3 
114 54 1105 271 3 
117 55 1091 280 3 
124 51 1093 278 3 
122 46 1100 277 3 
122 53 1109 278 3 
129 51 1114 268 3 
130 52 1110 266 3 
137 50 1128 282 3 
139 49 1124 276 3 
142 48 1134 268 3 
140 48 1152 258 3 
138 49 1167 245 3 
132 46 1155 244 3 
129 44 1148 241 3 
129 46 1155 246 3 
131 47 1142 247 3 
128 44 1131 245 3 
123 44 1114 256 3 
123 51 1146 259 3 
123 50 1176 270 3 
120 49 1165 266 3 
126 44 1144 268 3 
127 41 1145 272 3 
126 42 1163 266 3 
132 39 1165 273 3 
128 38 1165 253 3 
129 36 1139 252 3 
134 36 1156 244 3 
124 36 1144 247 3 
133 36 1163 252 3 
130 39 1158 255 3 
121 43 1156 263 3 
126 41 1152 260 3 
136 46 1135 248 3 
134 51 1127 252 3 
126 55 1124 248 3 
124 53 1117 247 3 
129 51 1112 248 3 
133 46 1116 242 3 
136 49 1124 241 3 
131 45 1120 241 3 
130 45 1134 234 3 
129 44 1148 233 3 
127 42 1140 236 3 
130 40 1164 234 3 
125 38 1173 235 3 
130 39 1189 219 3 
138 37 1139 210 3 
142 40 1125 207 3 
149 48 1112 215 3 
153 52 1137 208 3 
164 59 1154 208 3 
172 62 1153 208 3 
174 60 1140 207 3 
168 56 1151 209 3 
172 64 1157 216 3 
170 63 1127 220 3 
172 63 1101 219 3 
172 58 1093 214 3 
172 55 1088 217 3 
171 59 1083 221 3 
171 59 1083 222 3 
178 62 1104 224 3 
172 63 1071 214 3 
170 61 1074 224 3 
172 64 1065 218 3 
168 66 1057 222 3 
165 62 1065 234 3 
163 59 1071 242 3 
164 58 1062 241 3 
165 59 1043 243 3 
171 59 1037 238 3 
165 61 1042 251 3 
168 67 1054 248 3 
173 67 1055 240 3 
168 65 1061 240 3 
170 61 1082 237 3 
172 60 1071 239 3 
175 60 1069 237 3 
170 55 1079 240 3 
166 48 1080 243 3 
164 50 1110 244 3 
170 48 1105 247 3 
176 45 1116 237 3 
177 46 1115 238 3 
176 43 1131 241 3 
173 42 1161 239 3 
171 40 1158 227 3 
174 40 1166 229 3 
176 40 1149 221 3 
167 41 1162 215 3 
170 39 1189 204 3 
162 42 1170 213 3 
160 39 1152 210 3 
164 39 1149 207 3 
168 40 1139 203 3 
168 41 1148 207 3 
166 44 1179 204 3 
167 43 1180 214 3 
166 45 1158 218 3 
160 43 1166 209 3 
161 47 1190 202 3 
168 50 1188 190 3 
164 52 1188 188 3 
158 51 1183 186 3 
160 49 1169 192 3 
162 48 1152 202 3 
166 50 1160 200 3 
167 50 1166 190 3 
159 53 1168 192 3 
145 54 1181 197 3 
145 49 1150 211 3 
141 49 1139 214 3 
142 46 1166 218 3 
144 42 1186 216 3 
139 45 1193 224 3 
143 45 1163 216 3 
139 42 1161 206 3 
136 45 1183 205 3 
137 50 1171 196 3 
137 49 1173 198 3 
150 52 1163 201 3 
152 54 1174 199 3 
157 50 1171 200 3 
151 43 1184 203 3 
147 42 1153 207 3 
149 46 1158 213 3 
150 42 1163 222 3 
150 40 1175 211 3 
151 36 1174 210 3 
156 37 1162 214 3 
156 38 1178 214 3 
153 41 1163 206 3 
149 43 1139 206 3 
155 44 1128 195 3 
146 46 1130 197 3 
143 48 1121 200 3 
141 48 1164 201 3 
143 46 1146 205 3 
133 45 1163 209 3 
132 41 1162 219 3 
133 43 1159 215 3 
126 43 1140 212 3 
122 44 1127 205 3 
118 42 1104 216 3 
115 45 1130 221 3 
116 43 1171 221 3 
114 44 1182 221 3 
114 43 1199 209 3 
117 44 1200 215 3 
114 45 1185 200 3 
118 49 1191 198 3 
125 49 1195 199 3 
128 48 1221 201 3 
132 42 1219 209 3 
132 43 1235 209 3 
138 47 1203 211 3 
136 47 1204 215 3 
135 44 1214 215 3 
128 47 1200 214 3 
123 46 1199 205 3 
122 45 1205 213 3 
121 43 1212 221 3 
116 41 1197 224 3 
122 42 1217 230 3 
118 41 1218 226 3 
118 42 1213 222 3 
116 42 1205 218 3 
123 46 1216 226 3 
116 46 1222 224 3 
126 45 1212 230 3 
122 45 1221 235 3 
125 46 1210 231 3 
122 49 1215 228 3 
117 47 1205 226 3 
115 43 1208 220 3 
115 43 1207 215 3 
121 48 1207 217 3 
124 52 1193 215 3 
114 56 1193 214 3 
115 56 1179 227 3 
118 55 1189 229 3 
115 60 1193 221 3 
106 58 1220 218 3 
102 57 1236 210 3 
100 60 1236 210 3 
108 59 1223 206 3 
116 61 1193 208 3 
114 61 1190 187 3 
113 63 1224 192 3 
108 58 1195 190 3 
111 55 1203 196 3 
106 51 1206 202 3 
105 48 1217 189 3 
100 49 1208 195 3 
104 47 1191 199 3 
105 45 1189 190 3 
108 45 1210 200 3 
102 49 1221 202 3 
103 44 1238 199 3 
104 40 1233 202 3 
104 41 1256 203 3 
100 42 1260 204 3 
100 44 1280 200 3 
103 42 1262 207 3 
103 38 1244 202 3 
111 37 1234 208 3 
112 38 1260 206 3 
120 36 1263 206 3 
123 40 1246 203 3 
126 41 1242 208 3 
132 44 1234 209 3 
126 45 1249 212 3 
127 43 1234 208 3 
131 41 1239 218 3 
129 42 1243 215 3 
128 46 1235 208 3 
139 42 1254 217 3 
133 44 1240 224 3 
135 44 1233 225 3 
135 42 1229 222 3 
138 40 1219 230 3 
147 43 1243 222 3 
146 48 1226 219 3 
134 49 1207 224 3 
128 46 1196 218 3 
124 45 1189 226 3 
119 48 1190 233 3 
110 51 1218 229 3 
108 53 1232 234 3 
116 53 1234 242 3 
118 49 1243 237 3 
116 50 1230 235 3 
119 49 1237 245 3 
118 50 1243 241 3 
122 45 1237 246 3 
124 44 1222 240 3 
124 44 1249 236 3 
128 44 1248 242 3 
124 41 1247 238 3 
119 42 1225 243 3 
118 45 1224 238 3 
118 49 1223 234 3 
116 47 1231 249 3 
124 46 1230 254 3 
123 49 1246 260 3 
121 51 1259 250 3 
122 55 1260 251 3 
124 54 1256 243 3 
122 53 1228 250 3 
116 48 1231 250 3 
104 50 1218 258 3 
107 49 1210 260 3 
109 50 1216 260 3 
118 45 1205 265 3 
112 43 1184 264 3 
111 47 1198 267 3 
114 44 1223 264 3 
109 48 1189 270 3 
121 51 1200 271 3 
122 50 1198 263 3 
122 47 1162 271 3 
124 45 1147 265 3 
124 41 1115 270 3 
115 43 1112 271 3 
112 42 1113 269 3 
115 43 1117 270 3 
110 42 1128 270 3 
102 39 1123 275 3 
108 37 1104 259 3 
104 34 1097 256 3 
107 32 1077 249 3 
109 30 1104 236 3 
106 29 1103 240 3 
113 29 1086 243 3 
110 29 1095 234 3 
108 28 1108 229 3 
108 22 1091 219 3 
102 23 1058 217 3 
103 21 1054 225 3 
107 22 1058 230 3 
102 17 1042 228 3 
108 17 1053 232 3 
107 19 1071 243 3 
107 18 1077 239 3 
102 19 1064 239 3 
103 20 1075 241 3 
105 21 1073 241 3 
104 22 1096 253 3 
109 23 1100 254 3 
111 24 1093 254 3 
110 25 1099 242 3 
111 25 1105 242 3 
111 24 1109 245 3 
108 22 1126 240 3 
107 22 1136 239 3 
110 19 1145 245 3 
108 23 1140 241 3 
105 25 1117 234 3 
103 21 1100 228 3 
101 20 1083 218 3 
103 20 1070 219 3 
105 18 1091 217 3 
101 19 1097 213 3 
100 15 1092 208 3 
97 16 1107 203 3 
91 19 1146 200 3 
94 15 1160 205 3 
95 16 1151 208 3 
100 15 1146 212 3 
101 14 1147 210 3 
101 12 1145 205 3 
96 13 1147 207 3 
99 15 1161 208 3 
98 13 1162 205 3 
95 10 1148 211 3 
99 10 1158 210 3 
97 11 1180 206 3 
97 12 1184 209 3 
94 10 1209 203 3 
92 12 1216 208 3 
93 11 1232 204 3 
90 12 1245 220 3 
82 11 1251 220 3 
80 12 1231 213 3 
81 13 1224 208 3 
85 12 1238 213 3 
81 13 1228 221 3 
85 15 1241 221 3 
73 15 1247 217 3 
73 17 1281 225 3 
72 18 1298 235 3 
74 18 1280 236 3 
78 15 1259 226 3 
71 17 1249 232 3 
69 21 1263 234 3 
65 19 1249 228 3 
68 20 1271 238 3 
70 19 1275 237 3 
73 16 1258 244 3 
77 14 1264 244 3 
79 17 1270 259 3 
79 17 1272 257 3 
85 18 1274 270 3 
86 18 1261 278 3 
78 18 1272 282 3 
70 18 1251 288 3 
74 19 1269 290 3 
78 20 1289 286 3 
80 19 1284 291 3 
79 22 1233 279 3 
83 22 1223 282 3 
88 20 1220 275 3 
89 21 1249 279 3 
84 21 1201 275 3 
87 17 1222 271 3 
88 19 1219 263 3 
94 19 1207 261 3 
88 18 1219 253 3 
94 20 1227 259 3 
100 24 1233 258 3 
107 26 1227 259 3 
108 23 1214 251 3 
106 24 1226 245 3 
103 22 1224 240 3 
102 20 1216 242 3 
107 21 1226 240 3 
105 23 1236 242 3 
109 26 1227 231 3 
117 23 1240 229 3 
