1 0 0 0 0 
1 0 0 0 0 
2 0 0 0 0 
4 0 0 0 0 
4 0 1 0 0 
3 0 1 1 0 
4 1 1 1 0 
4 1 1 1 0 
4 2 2 1 0 
3 2 2 2 0 
4 2 2 1 0 
5 2 1 1 0 
6 1 1 1 0 
6 2 2 1 0 
7 2 2 1 0 
5 1 2 2 0 
6 1 2 2 0 
5 2 2 2 0 
7 1 1 1 0 
7 0 2 1 0 
9 0 2 2 0 
9 1 2 3 0 
8 1 1 3 0 
9 1 2 3 0 
8 1 4 4 0 
5 2 3 4 0 
5 2 6 4 0 
6 2 6 4 0 
7 3 5 3 0 
8 4 6 2 0 
8 4 6 2 0 
9 4 6 2 0 
10 5 6 2 0 
10 6 8 2 0 
10 7 8 2 0 
11 7 9 2 0 
10 6 10 2 0 
12 6 9 2 0 
13 6 9 3 0 
14 6 10 7 0 
16 6 10 8 0 
13 6 10 9 0 
15 7 11 9 0 
15 9 11 11 0 
14 9 10 12 0 
13 12 9 12 0 
11 14 10 13 0 
15 16 10 14 0 
17 17 8 15 0 
21 17 6 15 0 
23 19 7 16 0 
22 20 7 17 0 
22 20 7 19 0 
26 19 8 18 0 
26 21 9 18 0 
31 19 13 13 0 
33 17 17 9 0 
37 20 18 10 0 
40 22 19 11 0 
38 23 19 12 0 
38 22 18 13 0 
40 23 19 12 0 
43 23 18 13 0 
47 26 17 11 0 
47 29 20 11 0 
44 26 25 10 0 
50 26 27 10 1 
54 27 28 13 1 
56 32 28 16 0 
60 31 27 14 1 
65 29 28 13 1 
68 27 30 15 1 
70 26 32 18 1 
72 30 33 18 1 
70 31 34 19 1 
68 32 32 15 1 
74 34 37 19 1 
80 33 39 21 1 
78 34 39 23 1 
72 35 40 26 1 
72 38 44 31 1 
66 37 44 30 0 
67 35 40 32 1 
69 31 36 33 1 
70 29 36 34 1 
76 25 33 33 1 
77 26 34 31 1 
75 32 35 30 1 
79 30 37 30 1 
79 34 42 30 1 
81 37 44 32 1 
80 33 47 31 1 
85 32 47 26 1 
90 34 45 28 1 
104 37 46 29 1 
100 39 48 32 1 
103 41 51 24 1 
103 43 53 27 1 
109 37 51 26 1 
109 35 51 25 1 
112 33 48 22 1 
103 37 49 23 1 
106 41 51 22 1 
103 38 57 24 1 
104 41 60 26 1 
106 39 64 24 1 
107 36 65 21 1 
105 39 66 24 1 
103 38 71 27 0 
102 35 69 29 0 
103 37 67 33 1 
105 35 71 29 0 
102 33 73 31 0 
106 33 71 32 1 
117 32 76 35 1 
118 34 84 39 0 
116 39 90 44 0 
122 42 96 47 0 
130 40 94 50 0 
129 37 91 54 0 
126 42 92 53 0 
125 41 103 58 0 
123 38 114 62 0 
121 41 114 62 0 
133 43 109 65 0 
140 40 108 66 0 
146 38 105 64 1 
142 37 106 63 0 
148 37 104 68 1 
145 38 100 71 1 
144 37 101 71 1 
140 38 107 70 0 
144 39 101 67 1 
140 44 104 68 0 
139 44 112 68 0 
127 41 109 74 0 
131 43 116 73 0 
143 46 120 74 0 
138 46 130 72 0 
136 47 135 76 0 
134 42 138 85 0 
133 44 145 88 0 
127 47 151 83 0 
123 46 148 83 0 
121 50 158 81 0 
118 53 171 88 3 
123 51 167 88 3 
123 53 171 97 3 
128 54 168 102 0 
124 55 174 105 3 
129 56 187 101 3 
135 51 182 105 3 
133 54 195 105 3 
134 54 195 113 3 
129 53 196 115 3 
132 57 217 110 3 
141 51 214 111 3 
146 54 229 113 3 
138 54 236 122 3 
138 54 247 124 3 
133 54 253 120 3 
128 55 265 128 3 
128 53 262 124 3 
134 51 270 130 3 
129 49 274 133 3 
124 45 274 137 3 
118 48 280 142 3 
120 48 282 137 3 
120 47 285 142 3 
120 49 286 146 3 
120 52 276 142 3 
125 56 260 146 3 
119 59 272 141 3 
118 60 289 147 3 
117 61 299 154 3 
114 64 303 152 3 
117 67 311 155 3 
111 66 313 155 3 
108 68 315 157 3 
102 75 333 153 3 
106 78 346 147 3 
102 79 333 152 3 
99 79 329 157 3 
90 86 332 152 3 
90 91 337 159 3 
93 95 346 157 3 
90 102 344 167 3 
95 100 350 166 3 
100 100 359 172 3 
100 94 359 179 3 
109 95 375 179 3 
113 101 365 180 3 
118 105 380 190 3 
116 98 381 196 3 
114 89 377 192 3 
116 89 384 194 3 
111 90 385 201 3 
105 95 401 203 3 
108 97 400 214 3 
110 94 392 216 3 
110 100 393 219 3 
107 98 386 222 3 
109 85 400 226 3 
111 90 409 226 3 
114 89 406 232 3 
111 86 403 236 3 
107 91 400 242 3 
110 96 405 242 3 
114 94 407 242 3 
120 96 410 237 3 
119 92 403 235 3 
119 86 416 244 3 
117 93 444 242 3 
113 97 429 248 3 
116 94 434 245 3 
122 94 448 244 3 
125 93 444 258 3 
130 92 448 254 3 
131 92 446 262 3 
134 86 458 276 3 
135 77 455 284 3 
147 76 452 295 3 
150 84 461 289 3 
147 78 464 279 3 
149 76 466 283 3 
151 77 471 287 3 
142 73 481 293 3 
133 74 489 285 3 
132 74 496 287 3 
134 72 493 281 3 
133 77 509 270 3 
140 76 524 284 3 
135 77 532 276 3 
138 80 528 274 3 
137 79 531 280 3 
141 80 530 282 3 
147 74 531 284 3 
149 72 543 298 3 
153 68 535 297 3 
147 69 538 303 3 
148 68 540 308 3 
145 64 546 320 3 
143 66 552 306 3 
152 65 555 316 3 
144 64 567 313 3 
151 59 576 322 3 
154 62 559 322 3 
159 66 556 310 3 
161 66 562 318 3 
153 67 575 303 3 
156 71 567 309 3 
153 71 569 309 3 
153 68 572 311 3 
149 69 586 317 3 
163 71 592 320 3 
162 78 604 316 3 
167 83 595 326 3 
175 83 620 322 3 
173 85 631 327 3 
174 79 650 311 3 
169 79 641 312 3 
166 85 653 316 3 
165 83 660 321 3 
161 83 667 318 3 
165 85 673 334 3 
165 86 679 334 3 
160 89 700 324 3 
166 93 706 336 3 
155 94 704 341 3 
159 89 704 341 3 
167 86 715 350 3 
164 85 722 353 3 
168 79 727 354 3 
164 82 735 352 3 
168 84 743 339 3 
164 75 746 331 3 
167 77 731 342 3 
163 76 747 326 3 
165 72 724 331 3 
173 80 713 340 3 
172 82 719 347 3 
172 84 726 357 3 
167 80 711 355 3 
169 83 726 352 3 
173 80 740 347 3 
167 81 744 345 3 
174 75 739 336 3 
167 84 740 322 3 
155 84 746 333 3 
156 86 756 333 3 
151 81 752 341 3 
157 85 753 346 3 
168 86 783 345 3 
157 87 768 350 3 
161 80 762 365 3 
157 80 757 374 3 
164 73 758 379 3 
162 66 775 376 3 
165 75 768 374 3 
160 75 774 355 3 
164 71 767 350 3 
159 73 762 348 3 
163 72 759 359 3 
169 79 785 367 3 
154 77 778 356 3 
157 77 774 368 3 
148 77 795 358 3 
140 72 788 369 3 
131 73 776 376 3 
131 72 772 373 3 
127 74 768 375 3 
130 70 773 373 3 
132 76 768 362 3 
135 79 780 357 3 
137 79 779 347 3 
143 75 785 344 3 
146 82 793 357 3 
153 75 805 356 3 
161 79 814 372 3 
166 74 825 369 3 
170 75 808 376 3 
175 76 825 376 3 
174 78 841 380 3 
175 73 858 389 3 
176 79 871 407 3 
184 81 872 402 3 
184 80 875 395 3 
190 83 873 399 3 
186 75 863 383 3 
199 78 854 397 3 
204 75 833 419 3 
206 74 858 417 3 
219 75 859 413 3 
219 76 855 419 3 
217 73 856 431 3 
216 70 843 412 3 
218 79 851 422 3 
217 79 857 427 3 
226 76 845 424 3 
229 73 833 434 3 
213 74 835 444 3 
209 71 823 430 3 
214 79 806 426 3 
218 73 807 417 3 
221 68 804 410 3 
228 73 809 421 3 
227 72 799 416 3 
230 73 798 409 3 
225 75 792 411 3 
219 81 805 406 3 
214 78 809 393 3 
214 82 798 395 3 
210 85 783 396 3 
208 78 765 397 3 
221 79 749 405 3 
230 71 759 415 3 
229 77 750 415 3 
224 72 749 424 3 
223 70 750 404 3 
226 65 747 416 3 
225 65 753 423 3 
221 68 745 413 3 
215 62 756 422 3 
222 57 757 414 3 
222 60 759 413 3 
221 59 799 426 3 
218 58 815 438 3 
219 56 799 419 3 
220 59 803 423 3 
218 62 792 424 3 
210 63 819 437 3 
204 65 804 433 3 
205 65 782 428 3 
207 61 778 444 3 
211 64 781 470 3 
213 67 803 467 3 
202 74 811 463 3 
189 75 822 449 3 
189 73 811 457 3 
196 75 816 442 3 
206 71 834 434 3 
209 70 868 422 3 
198 70 861 425 3 
199 73 863 427 3 
194 74 841 420 3 
207 74 849 422 3 
198 76 859 423 3 
201 71 862 423 3 
201 75 851 430 3 
204 68 864 406 3 
210 73 852 403 3 
209 70 850 387 3 
208 70 857 387 3 
212 66 843 400 3 
203 65 845 398 3 
203 63 853 394 3 
208 67 844 391 3 
211 71 841 397 3 
210 73 825 405 3 
212 75 823 418 3 
219 69 834 414 3 
222 68 837 416 3 
224 70 812 417 3 
230 65 807 417 3 
221 63 788 415 3 
215 66 779 409 3 
215 67 785 416 3 
209 65 799 421 3 
209 61 790 417 3 
203 66 804 422 3 
196 68 800 420 3 
189 64 798 427 3 
195 71 798 413 3 
190 75 807 419 3 
186 76 791 426 3 
182 74 800 428 3 
190 76 800 441 3 
178 74 795 435 3 
190 78 800 437 3 
201 68 804 422 3 
208 68 800 430 3 
199 66 793 441 3 
194 64 807 443 3 
188 69 815 430 3 
196 66 832 436 3 
193 63 826 431 3 
184 68 828 427 3 
177 64 849 412 3 
180 63 832 400 3 
178 62 857 415 3 
185 60 857 414 3 
176 59 842 414 3 
180 56 827 408 3 
176 56 825 413 3 
176 53 836 418 3 
174 58 838 421 3 
179 62 835 404 3 
170 59 833 410 3 
161 60 835 399 3 
174 55 835 405 3 
172 54 839 394 3 
171 60 819 400 3 
169 64 829 401 3 
159 66 845 389 3 
152 58 854 379 3 
150 60 859 388 3 
151 58 858 401 3 
160 53 873 401 3 
161 54 879 400 3 
158 51 886 392 3 
161 54 895 404 3 
158 48 883 419 3 
162 46 869 396 3 
163 44 868 402 3 
161 45 859 409 3 
163 43 864 417 3 
160 46 874 429 3 
163 49 875 419 3 
161 51 862 426 3 
153 54 865 432 3 
153 56 856 449 3 
143 54 860 445 3 
146 49 863 433 3 
145 47 854 448 3 
146 48 838 448 3 
152 52 848 446 3 
159 52 827 448 3 
162 52 827 440 3 
166 49 818 430 3 
177 47 837 441 3 
184 49 835 436 3 
178 49 835 434 3 
181 54 828 436 3 
186 53 819 440 3 
188 52 814 437 3 
191 50 829 435 3 
189 52 828 428 3 
194 50 830 421 3 
189 53 844 431 3 
188 50 829 420 3 
191 59 810 436 3 
185 60 800 422 3 
189 63 829 428 3 
178 68 834 431 3 
168 69 849 433 3 
168 66 852 424 3 
172 65 843 424 3 
165 63 841 413 3 
161 70 835 430 3 
164 71 844 424 3 
164 72 850 420 3 
167 73 860 429 3 
163 71 857 425 3 
162 69 854 411 3 
160 70 866 426 3 
164 74 840 427 3 
163 84 855 441 3 
169 87 835 455 3 
172 86 839 453 3 
172 89 856 450 3 
175 93 873 456 3 
177 88 875 463 3 
171 89 896 449 3 
165 84 915 445 3 
161 84 930 422 3 
163 88 918 402 3 
161 85 891 411 3 
160 82 879 399 3 
153 79 873 402 3 
166 79 875 399 3 
166 81 851 407 3 
169 83 842 405 3 
159 89 850 405 3 
165 79 848 401 3 
163 77 847 401 3 
159 77 848 394 3 
158 81 839 398 3 
154 79 857 394 3 
150 83 877 400 3 
146 83 868 401 3 
149 80 888 404 3 
154 78 915 405 3 
156 75 908 391 3 
150 77 889 389 3 
142 75 885 390 3 
145 73 888 388 3 
150 78 851 394 3 
149 80 880 384 3 
158 77 897 391 3 
157 74 892 400 3 
159 72 895 403 3 
155 76 893 400 3 
153 72 904 409 3 
152 65 899 405 3 
167 69 908 400 3 
168 66 916 417 3 
176 66 912 427 3 
180 63 914 416 3 
187 63 919 415 3 
191 59 915 412 3 
180 56 917 408 3 
189 61 899 406 3 
193 62 900 398 3 
194 57 909 394 3 
190 58 911 396 3 
183 59 910 407 3 
185 61 897 414 3 
182 56 871 423 3 
185 54 869 428 3 
182 52 859 422 3 
177 48 851 415 3 
180 54 851 423 3 
183 58 863 430 3 
186 56 851 424 3 
177 63 867 424 3 
182 60 879 418 3 
179 56 898 426 3 
171 55 896 424 3 
157 58 891 420 3 
155 62 899 424 3 
155 63 906 413 3 
156 66 907 403 3 
147 61 928 393 3 
149 63 920 379 3 
151 64 920 374 3 
165 66 926 386 3 
162 68 939 399 3 
171 69 943 405 3 
167 66 944 418 3 
167 71 939 418 3 
165 70 930 412 3 
170 66 949 414 3 
172 64 937 413 3 
177 62 937 417 3 
174 61 906 426 3 
166 60 902 428 3 
152 60 901 418 3 
154 63 913 415 3 
156 63 940 425 3 
160 61 960 436 3 
154 57 959 429 3 
156 54 964 422 3 
147 58 955 414 3 
153 58 957 405 3 
154 54 978 419 3 
151 52 971 419 3 
149 52 962 419 3 
141 57 967 436 3 
136 58 977 436 3 
130 59 961 436 3 
135 56 947 436 3 
130 58 950 446 3 
127 58 960 446 3 
125 59 956 441 3 
119 58 971 433 3 
112 48 998 456 3 
111 51 998 449 3 
111 46 997 448 3 
111 50 1017 449 3 
117 51 995 426 3 
115 49 984 438 3 
114 44 968 456 3 
114 44 988 457 3 
116 47 980 441 3 
122 45 987 445 3 
130 46 992 444 3 
128 45 970 450 3 
120 48 979 455 3 
124 50 943 459 3 
124 52 941 461 3 
123 54 929 459 3 
120 55 931 454 3 
122 57 935 441 3 
114 56 933 448 3 
117 50 961 453 3 
113 48 950 465 3 
112 46 958 463 3 
107 49 955 456 3 
109 45 968 462 3 
105 45 960 460 3 
98 45 946 481 3 
105 43 954 481 3 
107 43 967 465 3 
113 46 983 466 3 
111 44 958 456 3 
115 44 955 441 3 
118 43 989 444 3 
126 43 998 444 3 
112 42 1016 443 3 
114 40 1021 439 3 
108 44 1011 439 3 
116 43 1006 441 3 
123 41 998 424 3 
120 44 1014 433 3 
116 38 989 431 3 
124 37 999 435 3 
122 39 1006 431 3 
136 41 1008 428 3 
139 43 1011 431 3 
138 49 988 434 3 
126 47 1003 438 3 
125 45 983 426 3 
126 43 1010 436 3 
123 42 1005 423 3 
121 43 1014 423 3 
126 45 1047 407 3 
121 45 1027 404 3 
114 42 1031 401 3 
114 41 1046 405 3 
117 42 1047 406 3 
118 44 1014 410 3 
126 44 1004 407 3 
130 43 1017 416 3 
134 41 1025 420 3 
132 46 1012 421 3 
135 40 1010 415 3 
134 41 1036 407 3 
138 40 1030 407 3 
139 41 1030 408 3 
128 43 1005 423 3 
124 42 984 432 3 
122 48 1004 428 3 
111 49 983 420 3 
111 49 997 432 3 
116 53 1011 423 3 
118 60 1014 422 3 
110 55 1023 416 3 
110 58 1012 412 3 
106 60 1010 409 3 
105 62 985 411 3 
100 59 998 400 3 
96 59 989 396 3 
98 60 978 395 3 
93 60 982 385 3 
87 58 1007 383 3 
84 60 998 389 3 
84 64 1014 405 3 
78 59 992 403 3 
80 59 1001 398 3 
85 56 996 398 3 
86 57 1005 395 3 
82 60 1014 394 3 
81 57 1003 394 3 
84 59 1015 386 3 
87 59 1002 385 3 
86 59 996 383 3 
83 57 999 380 3 
88 49 1006 395 3 
87 49 1003 387 3 
85 47 1027 391 3 
86 41 1025 367 3 
86 43 1005 371 3 
84 41 1014 379 3 
87 41 998 374 3 
92 41 1010 379 3 
87 42 1007 380 3 
89 40 1024 382 3 
87 42 1024 384 3 
83 38 1037 375 3 
93 38 1042 369 3 
97 42 1026 376 3 
96 42 1029 371 3 
91 40 1040 380 3 
88 42 1036 387 3 
90 38 1037 387 3 
88 34 1048 386 3 
85 33 1059 393 3 
83 29 1066 403 3 
83 29 1068 399 3 
82 30 1060 387 3 
77 32 1068 384 3 
83 32 1065 394 3 
80 32 1085 380 3 
77 30 1081 378 3 
81 33 1097 373 3 
72 35 1079 369 3 
74 31 1095 375 3 
72 33 1102 376 3 
66 35 1126 363 3 
66 37 1134 361 3 
64 38 1139 350 3 
65 36 1155 358 3 
63 35 1157 362 3 
68 40 1172 370 3 
71 44 1181 376 3 
71 42 1180 384 3 
64 45 1194 370 3 
65 40 1190 368 3 
61 42 1179 374 3 
65 40 1173 369 3 
66 42 1177 373 3 
65 41 1173 376 3 
61 39 1181 378 3 
63 39 1168 389 3 
66 37 1152 393 3 
69 40 1138 384 3 
71 40 1143 361 3 
75 39 1141 359 3 
79 41 1143 358 3 
76 39 1124 356 3 
75 41 1128 364 3 
74 41 1108 352 3 
74 38 1112 353 3 
76 37 1109 351 3 
73 43 1121 351 3 
73 45 1138 358 3 
67 50 1131 368 3 
69 50 1131 364 3 
79 45 1144 352 3 
86 50 1146 350 3 
94 54 1121 347 3 
88 51 1111 346 3 
77 47 1106 345 3 
76 43 1107 347 3 
82 42 1117 340 3 
87 35 1094 328 3 
83 35 1103 323 3 
83 34 1094 324 3 
81 33 1088 315 3 
76 32 1091 316 3 
65 31 1107 312 3 
65 33 1120 310 3 
61 35 1137 305 3 
57 39 1111 314 3 
57 41 1127 328 3 
63 41 1104 327 3 
63 41 1111 331 3 
62 36 1107 342 3 
69 37 1120 348 3 
66 34 1114 331 3 
70 38 1112 326 3 
76 40 1102 334 3 
77 35 1102 342 3 
79 35 1101 348 3 
73 37 1090 355 3 
71 42 1095 349 3 
70 45 1107 342 3 
72 48 1088 340 3 
78 53 1098 345 3 
76 52 1071 330 3 
77 51 1072 327 3 
74 48 1091 330 3 
74 42 1087 330 3 
71 45 1105 321 3 
75 44 1112 310 3 
75 45 1133 312 3 
77 44 1121 305 3 
79 44 1165 317 3 
83 44 1181 324 3 
86 49 1182 319 3 
81 52 1198 311 3 
81 49 1190 308 3 
78 48 1196 304 3 
80 46 1190 293 3 
74 46 1170 303 3 
74 45 1173 303 3 
73 46 1180 301 3 
70 46 1177 301 3 
70 49 1186 306 3 
73 41 1181 302 3 
76 39 1189 299 3 
69 41 1210 296 3 
75 40 1222 285 3 
71 40 1207 279 3 
75 42 1213 286 3 
73 42 1226 296 3 
73 39 1227 302 3 
72 41 1237 306 3 
68 41 1248 306 3 
75 43 1255 305 3 
72 44 1252 309 3 
75 44 1232 321 3 
75 42 1210 323 3 
70 40 1212 309 3 
73 36 1186 304 3 
77 38 1180 300 3 
79 42 1173 293 3 
80 42 1187 283 3 
81 43 1169 288 3 
85 43 1127 297 3 
90 44 1116 302 3 
88 43 1110 296 3 
93 39 1099 291 3 
87 40 1103 290 3 
87 41 1096 290 3 
88 40 1123 288 3 
89 37 1112 290 3 
90 39 1103 280 3 
91 30 1095 286 3 
87 31 1111 286 3 
83 31 1085 283 3 
81 30 1086 290 3 
87 31 1108 293 3 
86 32 1139 291 3 
87 35 1113 304 3 
93 37 1121 301 3 
96 33 1123 307 3 
93 31 1124 307 3 
95 31 1127 311 3 
96 30 1128 319 3 
95 28 1156 305 3 
94 28 1165 312 3 
97 28 1166 314 3 
96 33 1161 309 3 
91 36 1158 316 3 
83 34 1139 313 3 
86 33 1123 296 3 
81 31 1140 296 3 
82 28 1134 288 3 
72 32 1147 285 3 
79 33 1141 286 3 
79 35 1162 287 3 
77 34 1169 292 3 
73 33 1196 280 3 
75 31 1188 270 3 
72 31 1188 266 3 
72 31 1176 257 3 
69 32 1179 244 3 
66 31 1173 251 3 
61 32 1185 253 3 
63 33 1195 255 3 
64 33 1203 244 3 
68 31 1202 256 3 
66 32 1218 245 3 
66 30 1241 246 3 
66 27 1258 243 3 
67 28 1253 246 3 
68 30 1249 252 3 
70 28 1248 247 3 
66 30 1247 252 3 
75 33 1220 259 3 
80 31 1233 252 3 
85 31 1246 261 3 
85 31 1223 258 3 
84 34 1233 257 3 
82 29 1238 250 3 
88 31 1233 241 3 
94 30 1244 252 3 
97 29 1239 247 3 
96 32 1238 248 3 
96 31 1254 248 3 
86 29 1249 241 3 
82 28 1261 237 3 
87 26 1259 231 3 
87 30 1254 239 3 
83 30 1254 234 3 
84 30 1258 234 3 
83 32 1263 234 3 
83 28 1263 229 3 
84 29 1270 227 3 
88 29 1248 234 3 
86 26 1255 236 3 
89 23 1235 242 3 
87 22 1246 244 3 
95 24 1249 234 3 
100 24 1242 235 3 
96 23 1255 236 3 
97 24 1261 250 3 
97 22 1272 253 3 
104 21 1279 258 3 
114 21 1259 243 3 
116 20 1257 239 3 
121 18 1252 245 3 
122 16 1251 248 3 
121 19 1229 244 3 
120 20 1225 238 3 
120 22 1221 233 3 
119 21 1186 242 3 
119 24 1158 243 3 
118 24 1154 243 3 
118 26 1169 240 3 
123 23 1182 240 3 
120 23 1152 245 3 
113 25 1130 243 3 
112 24 1127 242 3 
109 26 1142 246 3 
108 22 1130 242 3 
98 27 1120 236 3 
102 29 1138 237 3 
110 30 1136 243 3 
105 30 1127 242 3 
104 36 1144 246 3 
106 36 1166 235 3 
105 41 1175 237 3 
113 45 1190 231 3 
117 40 1173 228 3 
121 37 1155 233 3 
122 39 1131 226 3 
125 39 1136 231 3 
134 38 1149 232 3 
137 41 1113 222 3 
131 40 1124 220 3 
127 37 1121 213 3 
129 40 1129 217 3 
130 38 1129 219 3 
130 38 1145 212 3 
129 36 1155 211 3 
126 30 1191 205 3 
125 28 1184 200 3 
125 30 1177 196 3 
121 29 1197 197 3 
120 32 1201 190 3 
121 32 1195 183 3 
122 32 1188 194 3 
129 36 1186 195 3 
125 33 1196 190 3 
120 36 1204 198 3 
123 36 1194 207 3 
120 30 1179 210 3 
122 31 1183 216 3 
120 31 1175 224 3 
127 30 1155 227 3 
122 33 1157 220 3 
123 36 1155 216 3 
133 35 1159 213 3 
125 35 1160 220 3 
129 34 1140 216 3 
125 35 1133 218 3 
122 32 1130 213 3 
134 34 1123 216 3 
134 36 1134 214 3 
133 38 1108 211 3 
128 38 1098 204 3 
130 43 1090 203 3 
137 38 1077 205 3 
143 41 1095 208 3 
145 41 1110 214 3 
135 42 1093 212 3 
125 43 1087 229 3 
127 44 1089 230 3 
129 44 1093 227 3 
131 47 1085 214 3 
125 49 1090 212 3 
122 48 1099 209 3 
122 45 1097 207 3 
119 45 1100 205 3 
117 43 1083 206 3 
110 46 1098 200 3 
114 46 1109 197 3 
108 46 1115 192 3 
105 50 1130 199 3 
106 51 1132 201 3 
109 54 1124 197 3 
115 49 1124 194 3 
109 44 1118 190 3 
107 43 1126 197 3 
102 44 1098 192 3 
99 42 1122 197 3 
98 44 1150 205 3 
95 48 1182 219 3 
104 43 1164 219 3 
103 44 1157 222 3 
99 41 1169 220 3 
97 39 1145 222 3 
96 39 1124 218 3 
98 39 1111 227 3 
96 39 1124 215 3 
104 38 1129 224 3 
105 36 1143 220 3 
116 33 1149 222 3 
