29.115 
28.82 
27.99 
26.42 
25.103 
25.075 
25.044 
24.99 
h 
24.669 
24.623 
24.543 
24.393 
24.092 
23.536 
22.693 
22.054 
h 
21.594 
21.451 
21.214 
20.713 
19.754 
18.246 
18.087 
17.001 
h 
15.367 
15.216 
15.081 
14.96 
14.871 
14.834 
14.776 
14.772 
h 
13.65 
13.631 
13.584 
13.5 
13.394 
13.287 
13.093 
12.767 
h 
10.86 
10.784 
10.724 
10.636 
10.47 
10.209 
9.842 
9.619 
h 
8.621 
8.447 
8.302 
8.248 
8.05 
7.948 
7.833 
7.752 
h 
7.579 
7.565 
7.524 
7.481 
7.419 
7.331 
7.237 
7.098 
h 
6.63 
6.612 
6.581 
6.523 
6.435 
6.365 
6.261 
6.145 
h 
5.802 
5.73 
5.678 
5.691 
5.646 
5.617 
5.565 
5.483 
h 
