28.612 
28.387 
27.749 
26.511 
25.314 
25.286 
25.245 
25.206 
h 
24.839 
24.858 
24.688 
24.465 
24.018 
23.209 
22.026 
21.22 
h 
19.373 
19.443 
18.985 
18.644 
17.978 
16.792 
15.1 
13.98 
h 
12.411 
12.409 
12.227 
12.185 
12.133 
12.042 
11.882 
11.634 
h 
10.498 
10.473 
10.387 
10.296 
10.163 
9.906 
9.413 
8.53 
h 
6.843 
6.378 
6.663 
6.096 
5.994 
5.862 
5.703 
5.468 
h 
5.144 
4.968 
4.839 
4.702 
4.541 
4.382 
4.192 
3.898 
h 
3.525 
3.509 
3.465 
3.447 
3.414 
3.359 
3.318 
3.295 
h 
2.738 
2.745 
2.707 
2.693 
2.675 
2.643 
2.593 
2.545 
h 
2.066 
2.033 
1.989 
1.935 
1.922 
1.911 
1.9 
1.883 
h 
1.712 
1.678 
1.663 
1.655 
1.643 
1.629 
1.614 
2.101 
1.582 
1.561 
1.527 
1.495 
1.485 
1.466 
1.434 
1.389 
h 
1.236 
1.212 
1.208 
1.192 
1.193 
1.186 
1.174 
1.154 
h 
1.109 
1.056 
1.008 
0.993 
0.993 
0.99 
0.985 
0.975 
h 
0.919 
0.913 
0.908 
0.905 
0.9 
0.891 
0.875 
0.856 
h 
0.828 
0.74 
0.683 
0.617 
0.552 
0.513 
0.468 
0.43 
h 
0.329 
0.316 
