26.659 
26.546 
26.237 
25.686 
25.264 
25.244 
25.205 
25.141 
h 
24.282 
24.164 
24.062 
23.839 
23.414 
22.701 
21.778 
21.375 
h 
19.136 
18.466 
18.189 
18.63 
17.464 
16.728 
15.576 
14.598 
h 
13.952 
13.719 
13.602 
13.766 
13.499 
13.41 
13.306 
13.261 
h 
12.523 
12.503 
12.488 
12.471 
12.438 
12.376 
12.256 
12.037 
h 
10.128 
9.967 
9.792 
9.708 
9.575 
9.323 
8.91 
8.378 
h 
7.458 
7.364 
7.29 
7.212 
7.12 
7.034 
6.918 
6.693 
h 
6.121 
5.947 
5.943 
5.927 
5.91 
5.882 
5.856 
5.839 
h 
5.747 
5.676 
5.653 
5.62 
5.587 
5.54 
5.544 
5.501 
h 
4.847 
4.825 
4.812 
4.794 
4.751 
4.677 
4.563 
4.416 
h 
3.941 
3.865 
3.764 
3.699 
3.626 
3.542 
3.481 
3.468 
h 
3.151 
3.101 
3.082 
3.056 
3.02 
2.988 
3.195 
2.939 
2.892 
2.827 
2.789 
2.773 
2.737 
2.704 
2.708 
h 
2.584 
2.582 
2.563 
2.564 
2.569 
2.568 
2.564 
2.558 
h 
2.533 
2.525 
2.512 
2.496 
2.489 
2.482 
2.465 
2.443 
h 
2.358 
2.323 
2.264 
2.187 
2.15 
2.162 
2.11 
2.096 
h 
