25.29 
25.285 
25.272 
25.246 
25.206 
25.157 
25.139 
25.117 
h 
23.967 
23.923 
23.829 
23.626 
23.226 
22.518 
21.489 
20.743 
h 
18.094 
17.678 
17.677 
17.278 
16.919 
16.268 
15.307 
14.564 
h 
12.999 
12.852 
12.753 
12.63 
12.472 
12.191 
11.726 
11.133 
h 
9.607 
9.318 
9.099 
9.011 
9.017 
8.715 
8.377 
7.791 
h 
5.661 
5.409 
5.25 
5.104 
5.046 
4.888 
4.813 
4.721 
h 
4.613 
4.621 
4.55 
4.528 
4.486 
4.417 
4.306 
4.068 
h 
3.233 
3.191 
3.14 
3.077 
3.102 
3.075 
3.065 
3.047 
h 
2.884 
2.878 
2.835 
2.828 
2.803 
2.753 
2.688 
2.554 
h 
2.679 
2.059 
2.005 
1.897 
1.859 
1.805 
1.763 
1.742 
h 
1.597 
1.556 
1.49 
1.41 
1.34 
1.289 
1.262 
1.138 
h 
1.011 
0.845 
0.71 
0.68 
0.651 
0.613 
0.588 
0.575 
h 
0.535 
0.524 
0.519 
0.514 
0.508 
0.498 
0.484 
0.467 
h 
0.467 
0.418 
0.408 
0.406 
0.402 
0.394 
0.385 
0.368 
h 
0.304 
