26.548 
26.465 
26.242 
25.849 
25.541 
25.517 
25.468 
25.38 
h 
23.742 
23.652 
23.564 
23.458 
23.245 
22.86 
22.313 
22.006 
h 
20.492 
20.417 
20.253 
19.944 
19.358 
18.379 
17.232 
16.374 
h 
14.254 
13.681 
13.752 
13.275 
13.161 
12.935 
12.518 
11.83 
h 
9.465 
9.441 
9.41 
9.344 
9.225 
9.021 
8.692 
8.161 
h 
6.996 
7.118 
6.943 
6.799 
6.732 
6.629 
6.477 
6.411 
6.297 
6.154 
h 
5.572 
5.524 
5.482 
5.447 
5.385 
5.289 
5.14 
4.902 
h 
4.393 
4.248 
4.127 
4.059 
4.006 
3.991 
3.953 
3.885 
h 
3.458 
3.361 
3.301 
3.262 
3.227 
3.206 
3.172 
3.115 
h 
2.818 
2.792 
2.792 
2.808 
2.832 
2.928 
2.814 
2.779 
2.746 
2.743 
2.725 
2.695 
2.682 
2.66 
h 
2.405 
2.395 
2.382 
2.374 
2.417 
2.361 
2.345 
2.315 
h 
1.938 
1.905 
1.852 
1.788 
1.748 
1.711 
1.711 
1.671 
h 
1.506 
1.476 
1.458 
1.438 
1.422 
1.38 
1.342 
1.321 
h 
1.252 
1.221 
1.17 
1.118 
1.084 
1.07 
1.055 
1.031 
h 
0.904 
0.853 
0.732 
0.576 
0.573 
0.565 
0.557 
0.554 
h 
0.403 
0.395 
0.393 
0.387 
0.378 
0.363 
0.385 
0.349 
h 
0.229 
