32.374 
31.949 
30.701 
28.077 
25.032 
24.976 
24.974 
24.974 
h 
23.442 
23.416 
23.344 
23.202 
22.973 
22.609 
21.959 
20.986 
h 
19.494 
21.914 
18.927 
18.47 
17.773 
16.784 
15.742 
15.379 
15.17 
14.937 
h 
14.633 
14.313 
14.043 
13.676 
13.21 
12.821 
12.747 
11.695 
h 
11.2 
11.132 
11.071 
11.068 
10.834 
10.551 
10.016 
9.086 
h 
7.094 
6.947 
6.835 
6.796 
6.76 
6.716 
6.64 
6.516 
h 
5.854 
5.837 
5.791 
5.772 
5.747 
5.717 
5.672 
5.622 
h 
5.247 
5.238 
5.225 
5.208 
5.179 
5.138 
5.077 
5.005 
h 
4.596 
4.565 
4.554 
4.544 
4.559 
4.536 
4.492 
4.422 
h 
