33.365 
32.939 
31.676 
28.934 
25.286 
25.069 
25.041 
25.036 
h 
23.882 
23.859 
23.799 
23.688 
23.503 
23.144 
22.52 
21.678 
h 
21.06 
21.384 
20.715 
20.423 
19.847 
18.809 
17.409 
16.63 
16.194 
16.019 
h 
14.606 
14.508 
14.368 
14.295 
14.155 
13.921 
13.607 
13.849 
h 
12.474 
12.45 
12.389 
12.256 
11.982 
11.457 
10.523 
9.133 
h 
7.892 
7.967 
7.858 
7.823 
7.816 
7.804 
7.779 
7.731 
h 
7.253 
7.228 
7.182 
7.16 
7.12 
7.072 
6.996 
6.894 
h 
6.661 
6.635 
6.643 
6.611 
6.581 
6.545 
6.489 
6.394 
h 
6.057 
6.033 
5.964 
5.953 
5.943 
5.902 
5.898 
5.847 
h 
