25.156 
25.153 
25.142 
25.122 
25.092 
25.049 
24.999 
24.935 
h 
23.125 
23.022 
22.95 
22.79 
22.464 
21.84 
20.757 
19.23 
h 
18.217 
23.043 
17.42 
16.974 
16.387 
15.544 
14.266 
12.923 
12.594 
12.546 
h 
12.046 
12.032 
12.006 
11.979 
11.915 
11.802 
11.593 
11.259 
h 
9.811 
9.593 
9.449 
9.417 
9.349 
9.22 
8.987 
8.576 
h 
7.641 
7.245 
6.763 
6.54 
6.234 
6.059 
5.832 
5.494 
h 
4.486 
4.419 
4.364 
4.33 
4.304 
4.264 
4.199 
4.105 
h 
3.606 
3.558 
3.479 
3.403 
3.335 
3.332 
3.234 
3.226 
h 
3.077 
3.053 
3.021 
2.947 
2.896 
2.863 
2.959 
2.843 
h 
2.678 
2.669 
2.667 
2.672 
2.669 
2.662 
2.643 
2.619 
h 
2.439 
2.377 
2.295 
2.195 
2.164 
2.124 
2.06 
2.0 
h 
1.843 
1.787 
1.735 
1.687 
1.661 
1.625 
1.574 
1.56 
h 
1.399 
1.306 
1.204 
1.162 
1.128 
1.095 
1.068 
1.033 
h 
0.987 
0.954 
0.934 
0.927 
0.922 
0.92 
0.92 
0.914 
h 
0.815 
0.792 
0.766 
0.757 
0.754 
0.745 
0.732 
0.709 
h 
0.79 
0.677 
0.637 
0.613 
0.612 
0.607 
0.605 
0.603 
h 
0.649 
0.622 
0.591 
0.589 
0.587 
0.583 
0.582 
0.577 
h 
0.589 
0.583 
0.573 
0.567 
0.566 
0.564 
0.561 
0.561 
h 
