27.489 
27.348 
26.957 
26.244 
25.638 
25.607 
25.546 
25.433 
h 
22.891 
22.52 
22.402 
22.238 
21.908 
21.278 
20.192 
18.743 
h 
16.882 
17.762 
16.491 
16.336 
16.077 
15.612 
14.865 
14.02 
13.801 
13.718 
h 
12.828 
12.719 
12.674 
12.627 
12.553 
12.454 
12.271 
11.985 
h 
11.04 
10.733 
10.331 
10.274 
10.168 
9.967 
9.636 
9.126 
h 
7.811 
7.745 
7.614 
7.549 
7.487 
7.427 
7.315 
7.156 
h 
6.869 
6.829 
6.818 
6.809 
6.79 
6.753 
6.687 
6.586 
h 
6.571 
6.324 
6.297 
6.239 
6.132 
6.029 
5.95 
5.737 
h 
4.94 
4.674 
4.499 
4.397 
4.318 
4.236 
4.25 
4.115 
h 
3.729 
3.678 
3.626 
3.617 
3.609 
3.594 
3.567 
3.524 
h 
3.192 
3.136 
3.081 
3.053 
3.038 
3.023 
2.983 
2.925 
h 
2.64 
2.641 
2.621 
2.62 
2.586 
2.548 
2.511 
2.45 
h 
2.133 
2.203 
1.995 
1.945 
1.869 
1.827 
1.863 
1.74 
1.733 
1.722 
h 
1.669 
1.634 
1.599 
1.592 
1.573 
1.548 
1.534 
1.506 
h 
1.325 
1.262 
1.233 
1.22 
1.198 
1.185 
1.181 
1.168 
h 
1.007 
0.988 
0.976 
0.96 
0.953 
0.941 
0.926 
0.906 
h 
0.928 
0.857 
0.806 
0.772 
0.767 
0.751 
0.719 
0.68 
h 
0.695 
0.567 
0.545 
0.537 
0.527 
0.52 
0.495 
0.493 
h 
0.388 
0.344 
0.289 
0.199 
