27.157 
26.994 
26.553 
25.777 
25.223 
25.196 
25.146 
25.06 
h 
23.975 
24.136 
23.824 
23.633 
23.248 
22.559 
21.59 
20.945 
h 
19.036 
18.512 
18.136 
18.58 
16.94 
16.177 
15.288 
15.028 
h 
14.15 
14.093 
14.025 
13.953 
13.891 
13.839 
13.769 
13.727 
h 
12.525 
12.384 
12.347 
12.325 
12.28 
12.187 
12.009 
11.701 
h 
10.946 
10.688 
10.818 
10.503 
10.325 
9.974 
9.331 
8.316 
h 
7.443 
6.57 
6.449 
6.325 
6.21 
6.077 
5.863 
5.665 
h 
5.212 
5.406 
5.129 
5.093 
5.028 
4.953 
4.792 
4.584 
4.282 
4.092 
h 
3.552 
3.529 
3.472 
3.372 
3.414 
3.282 
3.244 
3.169 
h 
2.916 
2.686 
2.416 
2.269 
2.247 
2.229 
2.222 
2.205 
h 
2.085 
2.081 
2.082 
2.086 
2.081 
2.074 
2.052 
2.029 
h 
1.863 
1.812 
1.742 
1.706 
1.68 
1.651 
1.679 
1.63 
h 
1.599 
1.56 
1.5 
1.506 
1.437 
1.417 
1.392 
1.352 
h 
1.038 
0.911 
0.786 
0.731 
0.681 
0.578 
0.504 
0.439 
h 
0.303 
0.234 
