34.202 
33.875 
32.886 
30.571 
26.4 
25.883 
25.037 
25.023 
h 
23.646 
23.598 
23.567 
23.496 
23.352 
23.084 
22.661 
22.248 
h 
20.015 
19.445 
19.283 
19.104 
18.729 
18.009 
16.752 
15.631 
h 
13.545 
13.286 
12.604 
12.077 
11.642 
11.21 
10.507 
9.813 
h 
7.485 
7.479 
7.311 
7.251 
7.149 
6.961 
6.637 
6.133 
h 
5.45 
5.289 
5.278 
5.263 
5.238 
5.2 
5.2 
5.157 
h 
4.847 
4.78 
4.717 
4.711 
4.618 
4.559 
4.465 
4.287 
h 
3.293 
3.227 
3.151 
3.137 
3.12 
3.119 
3.112 
3.102 
h 
2.937 
2.919 
2.888 
2.881 
2.883 
2.874 
2.849 
2.815 
h 
2.617 
2.589 
2.588 
2.588 
2.577 
2.56 
2.56 
2.543 
h 
2.36 
2.319 
2.386 
2.321 
2.312 
2.299 
2.276 
2.251 
2.198 
2.1 
1.933 
h 
1.717 
1.703 
1.666 
1.624 
1.619 
1.604 
1.582 
1.551 
h 
1.477 
1.432 
1.418 
1.482 
1.392 
1.377 
1.356 
1.317 
h 
1.249 
1.149 
1.033 
1.009 
1.001 
0.988 
0.972 
0.959 
h 
0.898 
0.845 
0.828 
0.81 
0.798 
0.779 
0.756 
0.755 
h 
0.729 
0.624 
0.529 
0.399 
0.337 
