25.659 
25.652 
25.632 
25.593 
25.534 
25.478 
25.384 
25.273 
h 
22.643 
22.513 
22.445 
22.338 
22.121 
21.732 
21.172 
20.752 
h 
18.659 
18.315 
18.217 
18.042 
17.695 
17.077 
16.262 
15.55 
h 
15.455 
13.471 
13.234 
12.852 
12.235 
11.329 
10.439 
9.322 
h 
8.222 
8.172 
8.129 
8.102 
8.057 
7.962 
7.787 
7.496 
h 
6.995 
6.858 
6.812 
6.747 
6.621 
6.409 
6.24 
6.178 
h 
5.61 
5.55 
5.468 
5.362 
5.261 
5.168 
5.054 
4.896 
h 
4.393 
4.215 
4.125 
4.103 
4.079 
4.035 
3.969 
3.906 
h 
3.656 
3.659 
3.586 
3.568 
3.535 
3.473 
3.362 
3.177 
h 
3.127 
2.752 
2.673 
2.569 
2.489 
2.393 
2.306 
2.229 
h 
2.115 
2.05 
2.249 
2.043 
2.044 
2.051 
2.048 
2.042 
2.032 
2.015 
1.987 
h 
1.915 
1.909 
1.899 
1.896 
1.89 
1.883 
1.889 
1.908 
h 
1.863 
1.861 
1.858 
1.856 
1.854 
1.853 
1.846 
1.838 
h 
