27.432 
27.238 
26.698 
25.701 
24.951 
24.932 
24.929 
24.924 
h 
22.893 
22.788 
22.585 
22.368 
22.188 
21.84 
21.234 
20.407 
h 
19.645 
19.075 
18.977 
18.515 
17.928 
17.134 
15.896 
14.556 
h 
13.409 
13.333 
13.295 
13.273 
13.234 
13.157 
13.012 
12.766 
h 
11.245 
11.042 
10.941 
10.749 
10.474 
10.162 
9.705 
9.08 
h 
7.935 
7.832 
7.814 
7.79 
7.732 
7.628 
7.472 
7.274 
h 
7.126 
7.065 
6.961 
6.84 
6.705 
6.54 
6.295 
5.876 
h 
5.038 
5.001 
4.971 
4.94 
4.922 
4.893 
4.849 
4.799 
h 
4.74 
4.65 
4.559 
4.474 
4.38 
4.32 
4.203 
4.035 
h 
3.744 
3.434 
3.229 
3.187 
3.087 
3.027 
2.94 
2.816 
h 
2.51 
2.433 
2.272 
2.214 
2.184 
2.16 
2.154 
2.141 
h 
1.868 
1.829 
1.77 
1.724 
1.692 
1.656 
1.608 
1.526 
h 
1.259 
1.217 
1.148 
1.119 
1.08 
1.064 
1.042 
1.037 
h 
0.937 
0.921 
0.902 
0.875 
0.841 
0.826 
0.837 
0.782 
h 
0.48 
0.431 
