25.412 
25.408 
25.398 
25.379 
25.35 
25.32 
25.264 
25.195 
h 
23.047 
23.002 
22.945 
22.815 
22.545 
22.026 
21.129 
19.913 
h 
18.7 
18.302 
18.058 
17.623 
17.064 
16.445 
15.566 
14.948 
h 
13.723 
13.347 
13.047 
12.935 
12.809 
12.639 
12.455 
12.187 
h 
10.612 
10.512 
10.431 
10.315 
10.121 
9.8 
9.335 
8.716 
h 
7.713 
7.613 
7.486 
7.434 
7.38 
7.361 
7.329 
7.267 
h 
6.81 
6.666 
6.579 
6.563 
6.426 
6.329 
6.148 
5.85 
h 
4.963 
4.891 
4.779 
4.81 
4.69 
4.782 
4.767 
4.763 
h 
4.477 
4.483 
4.505 
4.49 
4.447 
4.414 
4.3 
4.114 
h 
3.972 
3.719 
3.658 
3.646 
3.617 
3.592 
3.576 
3.546 
h 
3.46 
3.4 
3.346 
3.325 
3.302 
3.273 
3.226 
3.15 
h 
