30.186 
29.886 
29.015 
27.21 
25.082 
25.014 
25.001 
24.982 
h 
23.043 
22.883 
22.684 
22.579 
22.467 
22.235 
21.777 
20.914 
h 
17.632 
19.531 
17.416 
16.583 
16.213 
15.568 
14.657 
13.949 
13.823 
13.843 
h 
13.61 
13.559 
13.557 
13.551 
13.538 
13.513 
13.466 
13.399 
h 
12.334 
12.263 
12.182 
12.135 
12.045 
11.865 
11.52 
10.883 
h 
9.262 
8.929 
8.707 
8.61 
8.485 
8.335 
8.135 
7.936 
h 
7.782 
7.734 
7.676 
7.6 
7.525 
7.45 
7.337 
7.13 
h 
6.326 
6.213 
6.18 
5.997 
5.78 
5.41 
5.01 
4.692 
h 
3.518 
3.4 
3.267 
3.208 
3.14 
3.084 
3.159 
2.894 
h 
2.586 
2.518 
2.479 
2.424 
2.356 
2.305 
2.315 
2.271 
h 
2.117 
2.092 
2.049 
1.976 
1.881 
1.785 
1.805 
1.678 
h 
1.466 
1.393 
1.318 
1.276 
1.268 
1.255 
1.251 
1.243 
h 
1.184 
1.163 
1.113 
1.076 
1.038 
0.987 
1.077 
0.971 
h 
0.933 
0.928 
0.926 
0.923 
0.918 
0.911 
0.912 
0.937 
h 
0.885 
0.878 
0.871 
0.861 
0.86 
0.871 
0.856 
0.856 
h 
0.829 
0.827 
0.825 
0.824 
0.822 
0.82 
0.816 
0.82 
h 
