25.337 25.324 25.289 25.23 25.185 25.182 25.178 25.167 h 24.03 23.972 23.863 23.68 23.301 22.588 21.456 20.416 h 19.459 19.192 18.728 18.101 17.599 18.644 16.838 16.657 h 15.768 15.196 14.365 13.637 12.837 11.739 9.955 7.908 h 6.632 5.804 4.835 4.474 4.193 3.879 3.497 3.083 h 2.649 
29.233 
26.11 26.04 25.849 25.51 25.257 25.233 25.186 25.103 h 23.28 23.999 23.057 22.906 22.604 22.067 21.314 20.785 20.214 19.732 h 17.057 19.062 16.826 16.737 16.579 16.29 15.842 15.258 14.787 14.674 h 13.338 13.109 12.855 12.375 11.641 10.954 10.43 9.944 h 9.365 9.333 9.239 9.089 8.87 8.583 8.388 8.41 h 8.007 7.996 7.972 7.957 7.922 7.878 7.798 7.715 h 7.15 7.097 7.026 6.96 6.951 6.902 6.851 6.78 h 6.483 6.345 6.348 6.259 6.199 6.111 5.938 5.625 h 4.347 4.278 4.203 4.165 4.152 4.088 4.076 3.997 h 3.815 3.771 3.707 3.797 3.693 3.679 3.652 3.604 h 3.292 3.276 3.261 3.243 3.206 3.265 3.225 3.164 h 2.687 2.651 2.614 2.572 2.53 2.483 2.407 2.282 h 2.122 1.97 1.914 1.972 1.88 1.867 1.855 1.837 h 1.562 1.515 1.481 1.422 1.31 1.14 0.966 0.9 h 2.376 0.436 
26.517 26.433 26.204 25.803 25.504 25.44 25.335 25.212 h 22.923 23.287 22.724 22.596 22.337 21.848 21.036 20.063 19.112 19.52 h 18.014 17.892 17.793 17.63 17.332 16.91 16.493 15.788 h 14.401 13.962 13.812 13.701 13.586 13.375 13.008 12.496 h 10.677 10.916 10.571 10.522 10.435 10.294 10.098 9.893 9.708 9.684 h 9.611 9.583 9.53 9.434 9.369 9.249 9.054 8.948 h 8.367 8.282 8.234 8.195 8.144 8.074 7.951 7.771 h 6.962 6.963 6.953 6.941 6.933 6.989 6.832 6.744 h 
30.905 
33.365 32.939 31.676 28.934 25.286 25.069 25.041 25.036 h 23.882 23.859 23.799 23.688 23.503 23.144 22.52 21.678 h 21.06 21.384 20.715 20.423 19.847 18.809 17.409 16.63 16.194 16.019 h 14.606 14.508 14.368 14.295 14.155 13.921 13.607 13.849 h 12.474 12.45 12.389 12.256 11.982 11.457 10.523 9.133 h 7.892 7.967 7.858 7.823 7.816 7.804 7.779 7.731 h 7.253 7.228 7.182 7.16 7.12 7.072 6.996 6.894 h 6.661 6.635 6.643 6.611 6.581 6.545 6.489 6.394 h 6.057 6.033 5.964 5.953 5.943 5.902 5.898 5.847 h 
26.281 26.194 25.958 25.538 25.222 25.198 25.153 25.081 h 23.056 23.12 22.919 22.816 22.609 22.214 21.541 20.67 h 17.778 17.776 17.281 16.941 16.695 16.213 15.377 14.276 h 13.681 13.941 13.288 13.218 13.117 12.95 12.671 12.222 11.626 11.391 h 10.844 10.052 9.946 9.868 9.775 9.595 9.263 8.701 h 7.078 7.01 6.98 6.941 6.912 6.879 6.823 6.739 h 6.439 6.412 6.391 6.381 6.363 6.33 6.268 6.167 h 5.665 5.6 5.538 5.499 5.459 5.441 5.404 5.337 h 4.842 4.826 4.812 4.793 4.764 4.737 4.694 4.654 h 
27.143 27.02 26.683 26.066 25.538 25.514 25.466 25.38 h 25.012 24.886 24.626 24.249 24.845 23.302 22.501 21.613 h 21.202 21.114 20.754 20.316 19.446 17.915 15.929 14.802 h 13.455 12.853 12.756 12.679 12.598 12.627 12.237 11.945 h 10.784 10.472 10.471 10.367 10.28 10.111 9.797 9.252 h 8.223 7.655 8.021 7.434 7.369 7.261 7.139 7.036 h 5.931 5.981 5.867 5.786 5.647 5.463 5.293 5.131 h 4.374 4.372 4.376 4.355 4.348 4.287 4.347 4.294 h 4.009 4.015 3.953 3.939 3.9 3.916 3.821 3.8 h 3.556 3.454 3.386 3.365 3.368 3.35 3.305 3.269 h 3.17 3.126 3.106 3.097 3.099 3.071 3.038 2.986 h 
25.986 25.896 25.656 25.247 25.007 24.996 24.979 24.949 h 22.772 22.686 22.553 22.42 22.179 21.746 21.361 20.454 h 19.502 18.949 18.764 18.401 17.796 16.943 15.84 14.842 h 14.428 14.423 14.418 14.414 14.404 14.386 14.353 14.303 h 13.771 13.732 13.625 13.592 13.543 13.46 13.315 13.056 h 11.882 11.851 11.77 11.719 11.696 11.659 11.602 11.501 h 
25.095 25.078 25.03 24.95 24.903 24.902 24.901 24.9 h 22.97 22.865 22.706 22.601 22.48 22.239 21.796 21.071 h 17.333 18.589 17.831 16.701 16.479 16.08 15.508 15.109 14.87 14.488 h 13.293 13.293 13.148 13.103 13.038 12.918 12.718 12.427 h 12.049 11.984 11.955 11.934 11.912 11.874 11.813 11.703 h 10.481 10.281 10.263 10.664 9.816 9.474 8.912 8.172 7.833 7.653 7.532 7.364 h 6.573 6.517 6.488 6.482 6.469 6.45 6.411 6.319 h 5.737 5.684 5.668 5.661 5.642 5.613 5.58 5.54 h 5.443 5.411 5.373 5.312 5.303 5.262 5.255 5.254 h 
28.285 28.001 27.213 25.783 24.854 24.813 24.812 24.811 h 23.853 23.791 23.698 23.593 23.373 22.941 22.164 20.995 h 18.76 19.901 18.454 18.246 17.832 17.077 15.945 15.042 14.715 14.636 h 14.352 14.34 14.327 14.315 14.301 14.281 14.244 14.183 h 13.9 13.724 13.593 13.495 13.47 13.453 13.438 13.406 h 12.034 11.824 11.589 11.53 11.467 11.325 11.083 10.699 h 9.118 9.037 8.962 8.902 8.806 8.823 8.664 8.513 h 8.231 8.19 8.155 8.183 8.083 7.975 7.8 7.584 h 7.082 6.941 6.91 6.847 6.808 6.757 6.696 6.647 h 5.987 5.892 5.861 5.81 5.724 5.62 5.539 5.365 h 5.306 5.066 5.043 5.026 5.005 4.989 4.979 4.958 h 4.925 4.898 4.891 4.87 4.835 4.774 4.705 4.643 h 4.362 4.28 4.145 3.932 3.541 3.665 3.249 3.153 h 2.999 2.935 2.836 2.734 2.66 2.794 2.58 2.582 h 2.431 2.408 2.379 2.343 2.303 2.277 2.296 2.271 h 2.104 2.073 2.044 1.979 1.855 1.8 1.789 1.767 h 1.59 1.58 1.538 1.476 1.473 1.462 1.441 1.4 h 1.178 1.093 0.992 0.981 0.886 0.841 0.793 0.797 h 0.768 0.755 0.73 0.675 0.577 0.518 0.433 0.36 h 0.304 0.232 
30.05 
29.488 29.198 28.375 26.769 25.282 25.263 25.227 25.173 h 23.945 24.067 23.771 23.584 23.206 22.518 21.495 20.736 h 19.496 18.816 18.758 18.676 18.513 18.244 17.814 17.25 h 15.737 15.253 15.216 14.365 13.703 12.557 10.941 9.452 h 9.135 9.078 9.07 9.059 9.039 9.0 8.942 8.9 h 8.253 8.244 8.232 8.225 8.204 8.171 8.117 8.03 h 7.579 7.572 7.549 7.545 7.493 7.467 7.429 7.353 h 
29.115 28.82 27.99 26.42 25.103 25.075 25.044 24.99 h 24.669 24.623 24.543 24.393 24.092 23.536 22.693 22.054 h 21.594 21.451 21.214 20.713 19.754 18.246 18.087 17.001 h 15.367 15.216 15.081 14.96 14.871 14.834 14.776 14.772 h 13.65 13.631 13.584 13.5 13.394 13.287 13.093 12.767 h 10.86 10.784 10.724 10.636 10.47 10.209 9.842 9.619 h 8.621 8.447 8.302 8.248 8.05 7.948 7.833 7.752 h 7.579 7.565 7.524 7.481 7.419 7.331 7.237 7.098 h 6.63 6.612 6.581 6.523 6.435 6.365 6.261 6.145 h 5.802 5.73 5.678 5.691 5.646 5.617 5.565 5.483 h 
25.306 25.303 25.296 25.282 25.259 25.233 25.195 25.13 h 24.831 24.83 24.678 24.433 23.993 23.205 22.08 21.41 h 19.86 19.66 19.409 18.902 17.931 16.315 14.746 15.755 h 13.894 13.615 13.57 13.554 13.523 13.468 13.409 13.326 h 12.815 12.763 12.707 12.672 12.613 12.494 12.259 11.817 h 11.051 9.935 9.413 20.89 8.577 8.171 7.418 6.397 5.166 4.753 4.557 4.393 h 4.025 4.03 4.018 4.0 3.98 3.938 3.926 3.859 h 3.692 3.667 3.62 3.54 3.531 3.534 3.4 3.349 h 3.225 3.134 3.097 3.081 3.072 3.033 3.082 3.002 h 
27.209 
27.211 27.073 26.696 26.012 25.468 25.403 25.281 25.08 h 24.194 24.158 24.188 23.96 23.714 23.257 22.542 21.868 h 19.026 19.064 18.818 18.352 18.098 17.657 16.985 16.421 h 14.953 15.044 14.834 14.759 14.679 14.577 14.428 14.23 h 12.784 12.683 12.592 12.478 12.338 12.077 11.622 11.035 h 10.144 9.853 9.759 9.675 9.524 9.296 9.048 8.87 h 8.365 8.336 8.308 8.29 8.275 8.254 8.219 8.177 h 7.892 7.85 7.791 7.707 7.65 7.579 7.462 7.304 h 6.418 6.241 6.217 6.244 6.17 6.133 6.065 5.948 h 5.292 5.01 4.897 4.806 4.785 4.762 4.723 4.662 h 4.207 4.178 4.159 4.124 4.09 4.037 3.967 3.895 h 3.665 3.625 3.578 3.524 3.486 3.43 3.337 3.218 h 3.002 2.976 2.971 2.933 2.898 2.863 2.8 2.709 h 2.631 2.527 2.518 2.511 2.501 2.489 2.468 2.455 h 2.078 2.054 2.03 2.002 1.962 1.898 1.83 1.755 h 1.311 1.262 1.228 1.197 1.162 1.106 1.054 1.149 h 1.004 0.989 0.977 0.965 0.941 0.9 0.833 0.774 h 0.675 
25.333 25.332 25.328 25.32 25.302 25.268 25.208 25.136 h 22.715 22.585 22.487 22.36 22.104 21.634 20.917 20.309 h 19.148 18.884 18.729 18.436 17.928 17.144 16.909 21.315 
27.768 
25.455 25.452 25.443 25.423 25.381 25.301 25.165 25.003 h 22.608 23.485 22.476 22.355 22.12 21.657 20.81 19.444 17.876 22.878 h 17.03 16.835 16.682 16.505 16.158 15.554 14.791 14.271 h 13.923 13.738 13.616 13.438 13.144 12.785 12.256 11.685 h 11.963 11.15 10.852 10.596 10.342 10.06 9.469 8.547 h 7.111 6.929 6.796 6.7 6.604 6.532 6.396 6.259 h 5.976 5.893 5.837 5.765 5.708 5.656 5.617 5.609 h 5.208 5.18 5.156 5.155 5.137 5.104 5.044 4.969 h 4.401 4.289 4.148 4.139 4.026 3.964 3.895 3.776 h 3.341 3.313 3.25 3.247 3.249 3.253 3.249 3.237 h 2.968 3.019 2.982 2.951 2.942 2.963 2.952 2.909 2.875 2.824 h 2.706 2.69 2.672 2.656 2.64 2.643 2.643 2.635 h 
