29.974 
29.7 
28.915 
27.32 
25.498 
25.417 
25.39 
25.341 
h 
23.734 
23.592 
23.543 
23.445 
23.25 
22.914 
22.422 
21.892 
h 
18.441 
19.333 
17.923 
17.626 
17.23 
16.552 
15.632 
15.188 
14.892 
14.497 
h 
13.827 
13.475 
13.292 
13.111 
12.925 
12.596 
12.045 
11.254 
h 
9.933 
9.929 
9.732 
9.634 
9.467 
9.215 
8.792 
8.118 
h 
6.408 
6.345 
6.261 
6.228 
6.182 
6.125 
6.028 
5.928 
h 
5.819 
5.619 
5.524 
5.495 
5.448 
5.384 
5.323 
5.25 
h 
5.066 
5.039 
5.002 
4.959 
4.92 
4.872 
4.822 
5.103 
h 
4.814 
4.696 
4.641 
4.616 
4.601 
4.584 
4.608 
4.573 
h 
