26.412 
26.346 
26.166 
25.844 
25.56 
25.542 
25.509 
25.464 
h 
22.552 
22.176 
22.08 
21.976 
21.759 
21.334 
20.585 
19.516 
h 
18.774 
20.39 
18.239 
17.894 
17.35 
16.45 
15.447 
15.043 
14.723 
14.397 
h 
13.71 
13.559 
13.535 
13.517 
13.505 
13.486 
13.452 
13.399 
h 
13.168 
13.142 
13.267 
13.086 
13.018 
12.887 
12.653 
12.308 
h 
11.253 
11.173 
11.127 
11.092 
10.969 
10.752 
10.352 
9.653 
h 
8.411 
8.675 
8.134 
8.068 
7.964 
7.809 
7.727 
7.603 
7.471 
7.384 
h 
7.866 
7.239 
7.217 
7.202 
7.173 
7.12 
7.032 
6.917 
h 
7.97 
6.799 
6.694 
6.693 
6.69 
6.683 
6.668 
6.641 
h 
6.611 
6.541 
6.526 
6.5 
6.476 
6.448 
6.404 
6.359 
h 
