25.836 
25.785 
25.648 
25.413 
25.247 
25.238 
25.22 
25.185 
h 
24.957 
24.934 
24.784 
24.532 
24.043 
23.199 
22.166 
21.884 
h 
20.535 
20.19 
19.842 
19.421 
18.72 
17.663 
16.362 
16.054 
h 
15.466 
15.244 
15.058 
14.951 
14.852 
14.649 
14.549 
14.405 
h 
13.774 
13.635 
13.527 
13.336 
13.092 
12.737 
12.078 
11.06 
h 
10.159 
9.817 
9.479 
9.345 
9.229 
9.115 
8.993 
8.885 
h 
8.397 
8.287 
8.07 
7.876 
7.533 
7.042 
8.739 
6.753 
6.351 
6.24 
6.054 
5.813 
5.803 
5.717 
5.669 
h 
5.222 
5.19 
5.156 
5.104 
5.051 
5.015 
4.956 
4.862 
h 
4.445 
4.284 
4.173 
4.135 
4.09 
4.025 
3.95 
3.908 
h 
3.673 
3.632 
3.597 
3.549 
3.481 
3.409 
3.308 
3.249 
h 
3.103 
2.977 
2.945 
2.898 
2.842 
2.816 
2.781 
2.744 
h 
2.533 
2.52 
2.535 
2.514 
2.495 
2.477 
2.462 
2.427 
h 
2.171 
2.151 
2.154 
2.146 
2.132 
2.102 
2.084 
2.057 
h 
2.024 
1.91 
1.88 
1.859 
1.856 
1.855 
1.853 
1.844 
h 
1.728 
1.667 
1.639 
1.606 
1.577 
1.551 
1.527 
1.49 
h 
1.51 
1.478 
1.478 
1.477 
1.473 
1.473 
1.468 
1.467 
h 
1.438 
1.44 
1.389 
1.342 
1.254 
1.107 
1.146 
1.065 
h 
0.696 
0.667 
0.651 
0.641 
0.622 
0.587 
0.52 
0.458 
h 
0.268 
