27.143 
27.02 
26.683 
26.066 
25.538 
25.514 
25.466 
25.38 
h 
25.012 
24.886 
24.626 
24.249 
24.845 
23.302 
22.501 
21.613 
h 
21.202 
21.114 
20.754 
20.316 
19.446 
17.915 
15.929 
14.802 
h 
13.455 
12.853 
12.756 
12.679 
12.598 
12.627 
12.237 
11.945 
h 
10.784 
10.472 
10.471 
10.367 
10.28 
10.111 
9.797 
9.252 
h 
8.223 
7.655 
8.021 
7.434 
7.369 
7.261 
7.139 
7.036 
h 
5.931 
5.981 
5.867 
5.786 
5.647 
5.463 
5.293 
5.131 
h 
4.374 
4.372 
4.376 
4.355 
4.348 
4.287 
4.347 
4.294 
h 
4.009 
4.015 
3.953 
3.939 
3.9 
3.916 
3.821 
3.8 
h 
3.556 
3.454 
3.386 
3.365 
3.368 
3.35 
3.305 
3.269 
h 
3.17 
3.126 
3.106 
3.097 
3.099 
3.071 
3.038 
2.986 
h 
