27.353 
27.161 
26.628 
25.652 
24.939 
24.918 
24.91 
24.897 
h 
22.999 
22.912 
22.837 
22.688 
22.389 
21.82 
20.786 
19.167 
h 
15.805 
18.829 
15.544 
15.441 
15.237 
14.877 
14.336 
13.67 
13.89 
13.282 
h 
12.748 
12.681 
12.587 
12.526 
12.445 
12.348 
12.274 
12.272 
h 
10.311 
10.253 
10.214 
10.151 
10.021 
9.787 
9.373 
8.68 
h 
7.46 
7.603 
7.468 
7.466 
7.467 
7.465 
7.461 
7.454 
7.416 
7.491 
h 
6.943 
6.891 
6.89 
6.871 
6.856 
6.85 
6.816 
6.793 
h 
6.041 
6.023 
6.014 
5.976 
5.908 
5.879 
5.781 
5.69 
h 
5.312 
5.208 
5.081 
4.954 
4.959 
4.952 
4.945 
4.952 
h 
4.804 
4.789 
4.782 
4.771 
4.759 
4.743 
4.724 
4.7 
h 
4.415 
4.378 
4.34 
4.305 
4.294 
4.279 
4.251 
4.205 
h 
