26.068 26.022 25.899 25.681 25.487 25.386 25.29 25.192 h 24.213 24.151 24.088 24.069 24.045 24.012 23.982 23.935 h 23.588 23.654 23.484 23.423 23.357 23.246 23.058 22.838 h 22.715 22.673 22.604 22.523 22.401 22.192 21.909 21.711 h 
39.937 39.291 37.309 32.63 25.252 24.382 24.224 24.186 h 23.5 23.348 23.241 23.236 23.226 23.218 23.215 23.21 h 23.057 23.018 23.006 22.997 22.98 22.951 22.908 22.843 h 22.668 22.621 22.542 22.429 22.307 22.095 21.799 21.557 h 
29.859 29.558 28.73 27.235 25.939 25.881 25.777 25.564 h 23.965 23.922 23.659 23.471 23.18 22.837 22.528 22.458 h 22.223 22.068 21.861 21.725 21.686 21.656 21.635 21.592 h 21.376 21.246 21.164 21.156 21.139 21.108 21.061 20.996 h 
25.182 25.124 24.97 24.711 24.567 24.566 24.565 24.564 h 24.436 24.427 24.418 24.402 24.378 24.371 24.417 24.346 h 24.18 24.116 24.004 23.891 23.867 23.848 23.823 23.801 h 23.149 23.098 23.06 23.046 23.024 22.999 22.959 22.918 h 
28.448 28.189 27.45 25.979 24.431 24.346 24.237 24.082 h 23.691 23.744 23.638 23.617 23.576 23.514 23.436 23.407 h 22.87 22.705 22.502 22.432 22.389 22.392 22.368 22.346 h 22.107 22.008 21.842 21.723 21.708 21.704 21.696 21.681 h 
25.052 24.944 24.653 24.162 23.842 23.821 23.777 23.696 h 22.896 23.077 22.871 22.862 22.845 22.818 22.785 22.76 h 22.804 22.596 22.26 22.093 22.087 22.078 22.063 22.039 h 21.99 21.95 21.897 21.83 21.785 21.747 21.729 21.72 h 
25.437 25.414 25.35 25.234 25.125 25.113 25.093 25.052 h 24.88 24.742 24.658 24.516 24.334 24.079 23.819 23.795 h 23.162 23.144 23.116 23.076 22.998 22.862 22.651 22.463 h 21.693 21.585 21.487 21.313 21.07 20.775 20.379 19.936 h 
30.894 
26.104 26.095 26.067 26.011 25.918 25.827 25.701 25.52 h 24.792 24.64 24.589 24.487 24.326 24.099 23.78 23.658 h 23.199 23.035 22.987 22.977 22.962 22.938 22.896 22.829 h 22.752 22.729 22.701 22.655 22.583 22.451 22.232 21.934 h 
25.526 25.429 25.156 24.618 24.021 23.931 23.864 23.837 h 23.473 23.403 23.371 23.306 23.184 23.002 22.879 23.003 h 22.92 22.575 22.312 22.297 22.28 22.259 22.249 22.229 h 21.58 21.5 21.4 21.373 21.353 21.314 21.243 21.144 h 
25.325 25.284 25.174 24.982 24.847 24.841 24.831 24.82 h 24.386 24.336 24.252 24.195 24.189 24.177 24.153 24.107 h 23.542 23.003 22.705 22.782 22.677 22.642 22.628 22.602 h 22.457 22.353 22.158 21.978 21.962 21.945 21.921 21.88 h 
28.006 27.781 27.162 26.055 25.235 25.192 25.115 24.985 h 23.857 23.71 23.693 23.675 23.643 23.586 23.504 23.462 h 23.134 23.107 23.065 23.024 22.991 22.941 22.846 22.681 h 21.581 21.742 21.388 21.371 21.343 21.308 21.276 21.23 h 
27.351 27.165 26.649 25.698 24.973 24.941 24.919 24.881 h 24.28 24.239 24.229 24.218 24.196 24.155 24.087 24.016 h 23.601 23.589 23.568 23.521 23.436 23.296 23.075 22.821 h 22.065 22.04 21.796 21.684 21.672 21.653 21.619 21.567 h 
25.982 25.812 25.347 24.51 23.914 23.888 23.868 23.856 h 23.593 23.571 23.551 23.53 23.491 23.421 23.324 23.279 h 23.343 23.212 23.037 22.965 22.94 22.921 22.888 22.861 h 22.461 22.406 22.29 22.119 21.939 21.864 21.793 21.684 h 
26.51 26.229 25.472 24.182 23.381 23.372 23.354 23.322 h 22.632 22.119 22.078 22.025 21.983 21.949 21.916 21.86 h 21.544 21.404 21.295 21.222 21.116 20.92 20.618 20.39 h 20.26 20.013 19.823 19.8 19.787 19.767 19.743 19.727 h 
25.493 25.439 25.295 25.049 24.885 24.878 24.863 24.835 h 24.776 24.695 24.646 24.581 24.484 24.31 24.051 23.847 h 23.131 23.164 23.012 22.999 22.973 22.919 22.821 22.665 h 21.923 22.292 21.788 21.78 21.777 21.771 21.761 21.748 21.734 21.737 h 
26.044 25.946 25.68 25.214 24.893 24.857 24.791 24.686 h 24.081 24.076 24.006 23.949 23.871 23.792 23.79 23.931 h 23.537 23.381 23.282 23.27 23.25 23.219 23.187 23.15 h 23.426 22.817 22.581 22.566 22.558 22.545 22.522 22.483 h 
30.836 
24.96 24.939 24.882 24.783 24.699 24.668 24.638 24.61 h 24.018 23.995 23.972 23.952 23.923 23.903 23.872 23.828 h 23.756 23.462 23.381 23.329 23.282 23.269 23.244 23.198 h 22.599 22.51 22.405 22.304 22.278 22.255 22.222 22.182 h 
28.92 28.635 27.843 26.384 25.26 25.189 25.07 24.933 h 24.325 24.349 24.302 24.288 24.26 24.212 24.144 24.1 h 23.677 23.664 23.64 23.614 23.606 23.594 23.573 23.546 h 22.955 22.975 22.872 22.841 22.788 22.709 22.594 22.478 h 
