25.584 
25.56 
25.495 
25.368 
25.206 
25.085 
24.845 
24.41 
h 
23.599 
23.193 
27.578 
22.966 
22.92 
22.861 
22.766 
22.592 
22.327 
22.108 
22.056 
h 
20.87 
20.796 
20.772 
20.719 
20.615 
20.435 
20.134 
19.782 
h 
18.53 
18.716 
18.465 
18.421 
18.331 
18.162 
17.868 
17.385 
16.849 
17.129 
h 
16.925 
16.495 
16.447 
16.372 
16.299 
16.257 
16.271 
16.267 
h 
16.124 
16.101 
16.069 
16.043 
16.055 
15.943 
15.871 
15.754 
h 
14.949 
14.81 
14.648 
14.768 
14.471 
14.32 
14.061 
13.718 
h 
13.429 
13.25 
13.155 
13.103 
13.094 
13.058 
13.025 
12.963 
h 
12.792 
12.686 
12.657 
12.539 
12.458 
12.347 
12.16 
11.923 
h 
11.118 
11.108 
11.09 
11.073 
11.05 
11.02 
10.964 
10.875 
h 
