25.298 
25.27 
25.194 
25.064 
24.954 
24.941 
24.92 
24.88 
h 
23.914 
23.782 
23.759 
23.715 
23.63 
23.473 
23.223 
22.983 
h 
22.065 
21.976 
21.951 
21.911 
21.828 
21.666 
21.378 
20.958 
h 
20.131 
20.087 
19.978 
19.912 
19.776 
19.523 
19.122 
18.68 
h 
18.219 
18.219 
18.096 
18.043 
17.98 
17.867 
17.701 
17.538 
h 
16.965 
16.906 
16.864 
16.855 
16.838 
16.802 
16.734 
16.613 
h 
16.093 
15.813 
15.786 
15.775 
15.746 
15.711 
15.666 
15.649 
h 
15.457 
15.324 
15.23 
15.216 
15.199 
15.186 
15.169 
15.139 
h 
14.419 
14.465 
14.384 
14.373 
14.354 
14.329 
14.285 
14.21 
h 
13.691 
13.626 
13.559 
13.539 
13.511 
13.473 
13.414 
13.314 
h 
