25.944 
25.917 
25.844 
25.712 
25.582 
25.561 
25.531 
25.47 
h 
25.021 
24.886 
24.732 
24.614 
24.379 
23.942 
23.254 
22.617 
h 
22.314 
21.721 
21.691 
21.634 
21.535 
21.484 
21.383 
21.221 
h 
21.074 
20.9 
20.94 
20.753 
20.58 
20.311 
19.902 
19.583 
h 
19.147 
19.065 
19.003 
18.927 
18.888 
18.881 
18.87 
18.848 
h 
18.746 
18.464 
18.246 
18.086 
18.06 
18.035 
18.016 
17.987 
h 
17.512 
17.535 
17.46 
17.429 
17.397 
17.342 
17.255 
17.152 
h 
16.742 
16.646 
16.631 
16.6 
16.536 
16.421 
16.24 
15.999 
h 
15.854 
15.495 
15.45 
15.375 
15.277 
15.209 
15.158 
15.09 
h 
14.197 
14.023 
13.86 
13.892 
13.86 
13.807 
13.774 
13.721 
h 
