24.075 
24.066 
24.043 
24.003 
23.978 
23.977 
23.976 
23.975 
h 
22.731 
22.696 
22.633 
22.53 
22.408 
22.296 
22.079 
21.689 
h 
19.287 
19.904 
19.135 
19.074 
18.97 
18.813 
18.599 
18.46 
18.436 
18.443 
h 
18.163 
18.148 
18.138 
18.129 
18.109 
18.07 
17.999 
17.896 
h 
17.323 
17.219 
17.174 
17.159 
17.13 
17.085 
17.039 
16.969 
h 
16.035 
15.991 
15.925 
15.844 
15.794 
15.729 
15.613 
15.419 
h 
14.597 
14.369 
14.26 
14.207 
14.145 
14.047 
13.969 
13.933 
h 
13.235 
13.006 
12.938 
12.918 
12.881 
12.81 
12.698 
12.519 
h 
11.758 
12.039 
11.683 
11.67 
11.646 
11.605 
11.534 
11.429 
11.339 
11.31 
h 
11.23 
11.216 
11.207 
11.194 
11.17 
11.127 
11.06 
11.062 
h 
