24.607 
24.607 
24.606 
24.603 
24.6 
24.595 
24.592 
24.589 
h 
23.809 
23.777 
23.71 
23.626 
23.58 
23.499 
23.358 
23.112 
h 
21.968 
21.707 
21.805 
21.685 
21.659 
21.612 
21.541 
21.496 
h 
21.379 
21.374 
21.364 
21.344 
21.31 
21.249 
21.145 
20.999 
h 
20.232 
20.206 
20.169 
20.134 
20.065 
19.946 
19.777 
19.592 
h 
19.18 
19.162 
19.149 
19.137 
19.117 
19.078 
19.001 
18.869 
h 
18.218 
18.471 
18.744 
18.164 
18.146 
18.126 
18.107 
18.077 
18.038 
18.023 
18.014 
h 
17.708 
17.68 
17.657 
17.629 
17.583 
17.485 
17.311 
17.059 
h 
15.515 
15.447 
15.371 
15.311 
15.252 
15.15 
14.979 
14.767 
h 
14.504 
14.437 
14.354 
14.274 
14.159 
13.977 
13.739 
13.397 
h 
