25.074 
25.064 
25.037 
24.987 
24.934 
24.883 
24.853 
24.814 
h 
24.005 
23.948 
23.932 
23.903 
23.844 
23.732 
23.54 
23.277 
h 
21.91 
21.782 
21.775 
21.694 
21.666 
21.613 
21.532 
21.448 
h 
21.406 
21.195 
20.984 
20.913 
20.902 
20.895 
20.884 
20.872 
h 
20.45 
20.386 
20.33 
20.295 
20.265 
20.227 
20.17 
20.081 
h 
19.735 
19.492 
19.282 
19.271 
19.265 
19.26 
19.25 
19.229 
h 
18.892 
18.766 
18.581 
18.38 
18.341 
18.314 
18.287 
18.25 
h 
17.667 
17.548 
17.39 
17.278 
17.212 
17.144 
17.045 
16.928 
h 
16.521 
16.419 
16.375 
16.438 
16.195 
16.103 
15.974 
15.796 
h 
15.413 
15.365 
15.283 
15.234 
15.182 
15.099 
14.969 
14.817 
h 
