25.282 
25.265 
25.214 
25.112 
24.944 
24.715 
24.585 
24.49 
h 
22.68 
22.545 
22.504 
22.422 
22.268 
21.998 
21.628 
21.435 
h 
20.574 
20.543 
20.489 
20.387 
20.183 
19.89 
19.58 
19.085 
h 
17.529 
17.452 
17.324 
17.262 
17.142 
16.938 
16.71 
16.781 
h 
16.504 
16.359 
16.301 
16.296 
16.292 
16.284 
16.269 
16.243 
h 
15.882 
15.878 
15.854 
15.835 
15.817 
15.792 
15.761 
15.713 
h 
14.86 
14.853 
14.768 
14.734 
14.692 
14.631 
14.527 
14.347 
h 
13.919 
13.858 
13.818 
13.77 
13.703 
13.618 
13.529 
13.458 
h 
13.247 
13.205 
13.168 
13.14 
13.128 
13.109 
13.088 
13.044 
h 
12.057 
12.017 
11.995 
11.962 
11.906 
11.81 
11.644 
11.414 
h 
