26.581 
26.438 
26.051 
25.383 
24.984 
24.974 
24.967 
24.962 
h 
24.09 
24.017 
23.951 
23.889 
23.768 
23.566 
23.263 
22.911 
h 
22.359 
22.212 
22.03 
21.782 
21.456 
20.884 
20.266 
19.952 
h 
19.821 
19.799 
19.784 
19.759 
19.707 
19.625 
19.494 
19.334 
h 
18.955 
18.979 
18.772 
18.758 
18.745 
18.723 
18.684 
18.617 
h 
18.117 
18.125 
18.067 
18.028 
17.955 
17.833 
17.615 
17.284 
h 
15.979 
16.174 
15.8 
15.718 
15.607 
15.429 
15.137 
14.79 
14.705 
14.649 
h 
13.453 
13.409 
13.345 
13.252 
13.16 
13.171 
12.99 
12.91 
h 
12.61 
12.482 
12.438 
12.425 
12.404 
12.372 
12.316 
12.219 
h 
11.26 
11.17 
11.298 
11.059 
11.014 
10.935 
10.796 
10.588 
h 
10.269 
10.277 
10.24 
10.235 
10.226 
10.209 
10.175 
10.114 
h 
9.222 
9.139 
9.077 
9.014 
8.923 
8.843 
8.766 
8.585 
h 
8.081 
8.048 
7.991 
7.923 
7.948 
7.727 
7.546 
7.335 
h 
6.873 
6.782 
6.626 
6.563 
6.44 
6.353 
6.237 
6.032 
h 
5.49 
5.323 
5.214 
5.153 
5.134 
5.097 
5.047 
4.97 
h 
4.667 
4.628 
4.597 
4.553 
4.536 
4.503 
4.469 
4.416 
h 
4.242 
4.156 
4.101 
4.075 
4.037 
3.987 
3.909 
3.76 
h 
3.225 
2.987 
2.763 
2.655 
2.567 
2.51 
2.609 
2.537 
h 
2.434 
2.431 
2.414 
2.387 
2.37 
2.357 
2.334 
2.301 
h 
2.143 
2.129 
2.136 
2.101 
2.1 
2.089 
2.092 
2.082 
h 
1.867 
1.854 
1.85 
1.846 
1.839 
1.827 
1.805 
1.767 
h 
2.054 
1.509 
1.498 
1.491 
1.477 
1.451 
1.404 
1.321 
h 
1.126 
1.057 
1.023 
1.009 
0.999 
0.984 
0.959 
0.916 
h 
0.829 
0.813 
0.869 
0.763 
0.752 
0.739 
0.729 
0.712 
0.683 
0.636 
0.571 
h 
0.353 
0.341 
0.319 
0.3 
0.317 
0.276 
