29.684 
29.417 
28.636 
26.969 
24.702 
24.515 
24.495 
24.49 
h 
24.041 
23.921 
23.762 
23.735 
23.732 
23.726 
23.712 
23.687 
h 
23.252 
23.182 
23.122 
23.018 
22.841 
22.556 
22.176 
21.973 
h 
19.495 
19.483 
19.42 
19.343 
19.246 
19.085 
18.884 
18.81 
h 
18.346 
18.194 
18.0 
17.96 
17.958 
17.952 
17.943 
17.923 
h 
17.699 
17.577 
17.414 
17.354 
17.343 
17.33 
17.311 
17.283 
h 
16.902 
16.769 
16.577 
16.503 
16.491 
16.469 
16.431 
16.37 
h 
15.95 
15.687 
15.592 
15.589 
15.583 
15.571 
15.548 
15.507 
h 
15.0 
15.309 
14.979 
14.968 
14.95 
14.918 
14.864 
14.806 
14.786 
14.787 
h 
14.34 
14.302 
14.257 
14.206 
14.176 
14.14 
14.075 
13.961 
h 
