32.442 
32.023 
30.788 
28.157 
24.893 
24.73 
24.681 
24.593 
h 
23.989 
24.008 
23.884 
23.818 
23.691 
23.462 
23.108 
22.874 
h 
22.078 
21.958 
21.895 
21.888 
21.872 
21.84 
21.789 
21.737 
h 
21.246 
21.189 
21.155 
21.09 
20.965 
20.747 
20.487 
20.548 
h 
20.309 
20.293 
20.278 
20.268 
20.26 
20.242 
20.226 
20.202 
h 
19.973 
19.946 
19.932 
19.909 
19.869 
19.799 
19.68 
19.56 
h 
18.367 
18.292 
18.241 
18.214 
18.157 
18.05 
17.868 
17.638 
h 
17.088 
17.036 
17.014 
16.981 
16.943 
16.874 
16.744 
16.53 
h 
16.012 
15.713 
15.683 
15.628 
15.541 
15.49 
15.431 
15.376 
h 
13.597 
13.574 
13.555 
13.524 
13.477 
13.362 
13.179 
12.907 
h 
12.152 
12.089 
12.074 
12.07 
12.062 
12.055 
12.033 
12.013 
h 
11.67 
11.532 
11.425 
11.358 
11.294 
11.187 
11.013 
11.217 
h 
11.299 
10.763 
10.609 
10.456 
10.438 
10.431 
10.417 
10.397 
h 
9.505 
9.459 
9.403 
9.36 
9.288 
9.174 
9.069 
9.197 
h 
8.997 
8.924 
8.884 
8.845 
8.779 
8.697 
8.632 
8.562 
h 
8.328 
8.297 
8.266 
8.224 
8.18 
8.115 
8.025 
7.918 
h 
7.698 
7.569 
7.57 
7.527 
7.521 
7.516 
7.514 
7.5 
h 
7.403 
7.398 
7.376 
7.364 
7.348 
7.331 
7.311 
7.282 
h 
7.004 
6.986 
6.973 
6.96 
6.944 
6.918 
6.886 
6.842 
h 
