25.889 
25.851 
25.748 
25.563 
25.381 
25.237 
25.122 
25.001 
h 
24.201 
24.323 
24.161 
24.141 
24.101 
24.029 
23.93 
23.866 
h 
23.133 
22.902 
22.644 
22.608 
22.604 
22.574 
22.531 
22.451 
h 
21.656 
21.63 
21.624 
21.607 
21.577 
21.528 
21.455 
21.404 
h 
20.841 
20.798 
20.749 
20.724 
20.711 
20.688 
20.647 
20.588 
h 
20.2 
19.834 
19.703 
19.689 
19.67 
19.642 
19.618 
19.58 
h 
19.197 
18.983 
18.921 
18.894 
18.883 
18.876 
18.866 
18.85 
h 
18.463 
18.36 
18.17 
17.901 
17.798 
17.773 
17.759 
17.73 
h 
17.496 
17.389 
17.204 
16.948 
16.743 
17.031 
16.133 
15.88 
h 
15.29 
15.139 
15.033 
15.009 
14.983 
14.936 
14.896 
14.841 
h 
