25.887 
25.861 
25.79 
25.662 
25.525 
25.454 
25.403 
25.306 
h 
23.898 
23.777 
23.74 
23.717 
23.671 
23.59 
23.468 
23.375 
h 
22.489 
22.437 
22.355 
22.281 
22.199 
22.084 
21.867 
21.589 
h 
20.291 
20.165 
20.103 
19.994 
19.832 
19.607 
19.303 
19.126 
h 
18.95 
18.991 
18.929 
18.923 
18.912 
18.889 
18.846 
18.765 
h 
18.138 
18.317 
18.195 
18.052 
18.004 
17.94 
17.86 
17.783 
h 
17.23 
17.197 
17.164 
17.142 
17.105 
17.043 
16.941 
16.792 
h 
16.48 
16.176 
16.073 
16.055 
16.039 
16.022 
15.992 
15.939 
h 
15.284 
15.2 
15.132 
15.113 
15.064 
15.013 
14.935 
14.822 
h 
14.601 
14.524 
14.498 
14.469 
14.429 
14.362 
14.267 
14.151 
h 
