25.028 
24.944 
24.716 
24.316 
24.043 
24.04 
24.039 
24.038 
h 
24.005 
23.989 
23.952 
23.882 
23.757 
23.506 
23.174 
23.01 
h 
22.86 
22.744 
22.537 
22.188 
22.375 
21.637 
20.766 
20.226 
h 
19.771 
19.765 
19.762 
19.756 
19.745 
19.726 
19.696 
19.658 
h 
19.225 
19.2 
19.172 
19.148 
19.104 
19.029 
18.901 
18.752 
h 
18.224 
18.137 
18.094 
18.059 
18.001 
17.9 
17.743 
17.58 
h 
17.048 
16.801 
16.606 
16.591 
16.563 
16.517 
16.451 
16.366 
h 
15.985 
15.785 
15.597 
15.437 
15.189 
14.812 
14.628 
15.457 
h 
14.357 
14.344 
14.321 
14.283 
14.252 
14.208 
14.164 
14.098 
h 
13.824 
13.77 
13.716 
13.627 
13.479 
13.336 
13.13 
12.896 
h 
