25.688 
25.623 
25.448 
25.143 
24.913 
24.898 
24.866 
24.811 
h 
24.276 
23.738 
23.386 
23.367 
23.337 
23.301 
23.231 
23.115 
h 
22.801 
22.54 
22.509 
22.484 
22.452 
22.409 
22.335 
22.245 
h 
21.108 
20.895 
20.607 
20.317 
20.285 
21.09 
20.179 
20.134 
h 
19.351 
19.315 
19.271 
19.253 
19.211 
19.138 
19.016 
18.836 
h 
18.441 
18.747 
18.285 
18.264 
18.237 
18.184 
18.09 
17.961 
17.878 
17.838 
h 
17.691 
17.638 
17.616 
17.61 
17.599 
17.574 
17.526 
17.441 
h 
17.284 
17.164 
17.542 
17.068 
17.031 
16.964 
16.852 
16.685 
16.537 
16.483 
16.484 
h 
15.962 
15.836 
15.678 
15.622 
15.593 
15.56 
15.52 
15.446 
h 
15.059 
14.614 
14.392 
14.331 
14.28 
14.246 
14.214 
14.167 
h 
