27.637 
27.368 
26.629 
25.322 
24.509 
24.492 
24.489 
24.484 
h 
23.825 
23.797 
23.782 
23.757 
23.707 
23.605 
23.414 
23.088 
h 
21.538 
21.238 
21.509 
21.183 
21.138 
21.075 
20.972 
20.863 
h 
20.25 
20.187 
20.113 
20.045 
19.898 
19.678 
19.345 
19.051 
h 
18.413 
18.326 
18.163 
17.959 
17.854 
17.8 
17.729 
17.652 
h 
16.96 
16.867 
16.831 
16.809 
16.774 
16.736 
16.686 
16.614 
h 
16.333 
16.259 
16.227 
16.21 
16.18 
16.123 
16.034 
15.923 
h 
15.633 
15.51 
15.46 
15.418 
15.346 
15.242 
15.141 
15.005 
h 
14.028 
13.919 
13.912 
13.9 
13.883 
13.848 
13.785 
13.709 
h 
13.549 
13.455 
13.42 
13.353 
13.229 
13.063 
12.967 
13.036 
h 
