31.087 
30.773 
29.864 
27.994 
25.813 
25.606 
25.444 
25.153 
h 
24.155 
24.557 
24.079 
24.072 
24.061 
24.053 
24.052 
24.049 
24.046 
24.042 
h 
23.799 
23.778 
23.752 
23.7 
23.599 
23.414 
23.137 
22.926 
h 
20.252 
20.206 
20.136 
20.059 
19.964 
19.817 
19.595 
19.398 
h 
18.649 
18.689 
18.599 
18.576 
18.534 
18.458 
18.349 
18.284 
h 
17.568 
17.494 
17.415 
17.364 
17.319 
17.327 
17.191 
17.086 
h 
16.294 
15.9 
15.688 
15.658 
15.628 
15.589 
15.538 
15.464 
h 
15.165 
15.009 
14.902 
14.831 
14.612 
14.439 
14.197 
13.931 
h 
13.561 
13.539 
13.5 
13.448 
13.387 
13.349 
13.291 
13.226 
h 
13.069 
12.999 
12.97 
12.926 
12.855 
12.788 
12.667 
12.497 
h 
12.191 
11.93 
11.724 
11.68 
11.647 
11.589 
11.57 
11.534 
h 
10.724 
10.679 
10.646 
10.599 
10.557 
10.509 
10.47 
10.43 
h 
10.157 
10.131 
10.108 
10.089 
10.063 
10.021 
9.933 
9.783 
h 
