29.152 
28.869 
28.078 
26.593 
25.368 
25.327 
25.26 
25.189 
h 
24.639 
24.531 
24.482 
24.415 
24.275 
24.009 
23.594 
23.203 
h 
22.323 
21.777 
21.691 
21.601 
21.526 
21.644 
21.427 
21.343 
h 
21.1 
20.79 
20.593 
20.582 
20.575 
20.562 
20.538 
20.494 
h 
20.151 
20.115 
20.073 
20.064 
20.046 
20.014 
19.963 
19.878 
h 
19.112 
19.299 
19.019 
19.001 
18.966 
18.901 
18.777 
18.558 
h 
18.144 
17.685 
17.606 
17.592 
17.573 
17.549 
17.512 
17.449 
h 
17.094 
17.015 
16.93 
16.929 
16.926 
16.922 
16.913 
16.899 
h 
16.261 
16.151 
16.129 
16.098 
16.053 
16.005 
15.947 
15.822 
h 
15.278 
15.209 
15.189 
15.163 
15.121 
15.044 
14.927 
14.793 
h 
