32.53 
31.937 
30.246 
26.987 
24.326 
24.213 
24.017 
23.671 
h 
23.058 
23.521 
22.933 
22.867 
22.732 
22.484 
22.108 
21.637 
21.49 
21.379 
h 
20.542 
20.631 
20.479 
20.292 
20.223 
20.104 
19.91 
19.722 
h 
19.511 
19.486 
19.39 
19.328 
19.314 
19.31 
19.301 
19.285 
h 
18.948 
18.934 
18.913 
18.886 
18.852 
18.786 
18.668 
18.492 
h 
18.117 
17.835 
17.799 
17.734 
17.635 
17.478 
17.258 
17.026 
h 
16.601 
16.747 
16.464 
16.422 
16.349 
16.244 
16.057 
15.824 
h 
15.611 
15.455 
15.579 
15.296 
15.227 
15.129 
14.992 
14.788 
h 
13.623 
13.601 
13.549 
13.499 
13.453 
13.371 
13.248 
13.064 
h 
12.385 
12.326 
12.291 
12.245 
12.188 
12.076 
11.874 
11.554 
h 
