26.864 
26.732 
26.372 
25.74 
25.297 
25.253 
25.172 
25.04 
h 
24.377 
25.696 
24.262 
24.246 
24.226 
24.185 
24.115 
24.001 
23.877 
23.756 
h 
23.913 
23.135 
22.849 
22.747 
22.689 
22.616 
22.533 
22.533 
h 
22.487 
22.374 
22.261 
22.251 
22.243 
22.229 
22.206 
22.19 
h 
21.452 
21.295 
21.259 
21.232 
21.201 
21.161 
21.085 
20.972 
h 
19.645 
19.637 
19.627 
19.617 
19.601 
19.579 
19.529 
19.474 
h 
19.467 
19.273 
19.101 
18.973 
18.913 
18.897 
18.885 
18.867 
h 
18.286 
18.291 
18.342 
18.27 
18.262 
18.249 
18.227 
18.201 
h 
18.065 
18.051 
18.037 
18.013 
17.965 
17.874 
17.712 
17.489 
h 
17.243 
16.789 
16.756 
16.731 
16.686 
16.617 
16.497 
16.323 
h 
