25.776 
25.646 
25.298 
24.714 
24.361 
24.336 
24.287 
24.202 
h 
23.646 
23.62 
23.578 
23.569 
23.553 
23.526 
23.496 
23.467 
h 
23.366 
23.287 
23.158 
23.023 
22.828 
22.716 
22.71 
22.704 
h 
22.675 
22.639 
22.563 
22.451 
22.368 
22.333 
22.314 
22.304 
h 
21.357 
21.324 
21.304 
21.278 
21.231 
21.15 
21.029 
20.865 
h 
19.767 
19.498 
19.422 
19.339 
19.201 
18.968 
18.596 
18.167 
h 
16.958 
16.893 
16.863 
16.831 
16.821 
16.81 
16.785 
16.75 
h 
16.643 
16.656 
16.631 
16.535 
16.464 
16.325 
16.064 
15.644 
h 
14.444 
15.276 
14.4 
14.382 
14.345 
14.266 
14.134 
13.963 
13.883 
13.872 
h 
13.763 
13.739 
13.702 
13.651 
13.658 
13.575 
13.478 
13.35 
h 
