33.538 33.175 32.083 29.584 25.549 24.957 24.736 24.701 h 23.103 23.055 23.038 23.0 22.921 22.769 22.49 22.023 h 21.35 22.961 21.507 21.241 21.109 21.06 20.988 20.88 20.789 20.784 h 20.808 20.619 20.348 20.074 20.047 20.042 20.033 20.013 h 
27.463 27.391 27.194 26.826 26.38 25.946 25.752 25.509 h 22.929 22.98 22.702 22.671 22.612 22.521 22.436 22.421 h 22.313 22.304 22.291 22.273 22.247 22.226 22.244 22.215 h 22.093 22.081 22.069 22.041 21.986 21.886 21.722 21.704 h 
26.878 26.795 26.568 26.161 25.815 25.683 25.511 25.36 h 25.152 25.086 24.969 24.806 24.624 24.421 24.254 24.227 h 23.761 23.64 23.523 23.478 23.44 23.366 23.245 23.126 h 22.008 21.837 21.772 21.748 21.701 21.623 21.488 21.28 h 
25.892 25.803 25.559 25.112 24.758 24.741 24.716 24.677 h 24.395 24.163 24.149 24.146 24.139 24.127 24.108 24.075 h 23.643 23.602 23.594 23.575 23.54 23.481 23.385 23.289 h 23.592 23.089 22.975 22.885 22.824 22.734 22.723 22.79 h 
23.711 23.707 23.696 23.671 23.621 23.532 23.401 23.27 h 22.73 22.585 23.147 22.482 22.461 22.434 22.38 22.29 22.148 22.014 21.982 h 21.239 21.23 21.214 21.196 21.168 21.119 21.041 20.965 h 20.751 20.741 20.737 20.73 20.718 20.694 20.65 20.58 h 
24.854 24.825 24.745 24.602 24.441 24.327 24.251 24.141 h 23.705 23.746 23.577 23.515 23.396 23.192 22.901 22.867 h 22.3 22.251 22.223 22.209 22.18 22.126 22.041 21.947 h 21.514 21.503 21.482 21.462 21.443 21.454 21.435 21.43 h 
36.655 36.191 34.775 31.438 25.767 24.938 24.536 24.496 h 23.804 23.697 23.691 23.689 23.686 23.681 23.673 23.673 h 23.36 23.335 23.303 23.284 23.273 23.255 23.222 23.169 h 22.834 22.826 22.777 22.736 22.66 22.524 22.323 22.192 h 
25.668 25.602 25.423 25.113 24.901 24.89 24.871 24.845 h 24.518 24.463 24.457 24.444 24.421 24.375 24.289 24.14 h 23.796 24.335 23.743 23.69 23.585 23.403 23.148 23.01 22.999 22.996 h 21.756 21.521 21.448 21.363 21.237 21.109 20.914 20.62 h 
24.277 24.266 24.234 24.179 24.122 24.099 24.083 24.049 h 23.596 23.525 23.495 23.476 23.437 23.368 23.266 23.192 h 22.733 22.603 22.428 22.359 22.281 22.234 22.243 22.206 h 22.182 22.16 22.11 22.013 21.844 21.637 21.304 20.941 h 
25.912 25.884 25.806 25.667 25.542 25.53 25.507 25.458 h 25.034 24.998 24.9 24.836 24.726 24.544 24.353 24.332 h 24.164 24.149 24.135 24.13 24.12 24.106 24.089 24.066 h 23.826 23.638 23.554 23.467 23.405 23.37 23.357 23.323 h 
26.763 26.542 25.941 24.891 24.219 24.161 24.06 23.928 h 23.353 23.506 23.294 23.286 23.269 23.24 23.215 23.19 h 22.759 22.638 22.604 22.574 22.558 22.527 22.469 22.369 h 22.056 21.922 21.707 21.584 21.596 21.537 21.519 21.488 h 
27.272 26.975 26.153 24.649 23.571 23.511 23.449 23.359 h 22.425 22.242 22.224 22.216 22.2 22.166 22.104 21.987 h 21.546 23.309 21.487 21.478 21.461 21.425 21.364 21.282 21.232 21.191 h 20.976 20.928 20.851 20.775 20.751 20.717 20.673 20.658 h 
25.74 25.619 25.284 24.685 24.236 24.212 24.173 24.116 h 23.758 23.736 23.709 23.695 23.937 23.684 23.681 23.678 h 23.212 23.188 23.158 23.136 23.11 23.089 23.065 23.033 h 22.65 22.456 22.442 22.424 22.391 22.331 22.247 22.12 h 
25.992 25.943 25.812 25.584 25.399 25.379 25.346 25.284 h 24.71 24.6 24.748 24.527 24.517 24.497 24.467 24.459 h 24.255 23.978 23.757 23.728 23.67 23.565 23.414 23.4 h 23.712 22.127 21.804 21.764 21.712 21.673 21.608 21.508 h 
25.329 25.303 25.232 25.107 24.987 24.898 24.827 24.752 h 23.888 23.85 23.821 23.79 23.762 23.737 23.695 23.691 h 23.586 22.992 22.645 22.638 22.632 22.621 22.594 22.54 h 21.915 21.713 21.692 21.668 21.655 21.64 21.62 21.599 h 
25.188 25.109 24.901 24.555 24.366 24.361 24.353 24.338 h 24.152 24.121 24.107 24.1 24.087 24.06 24.009 23.926 h 23.961 23.858 23.713 23.642 23.549 23.433 23.381 23.374 h 23.393 23.192 22.846 22.616 22.608 22.595 22.577 22.56 h 
29.395 29.158 28.467 27.001 25.046 24.823 24.743 24.608 h 23.724 23.345 23.339 23.334 23.321 23.295 23.243 23.15 h 22.783 22.798 23.121 22.689 22.653 22.594 22.519 22.492 22.472 22.437 22.379 h 22.297 22.477 22.265 22.262 22.255 22.243 22.228 22.205 h 
37.951 37.585 36.45 33.653 27.916 27.643 25.139 25.121 h 24.73 24.668 24.662 24.653 24.634 24.6 24.554 24.516 h 23.74 23.727 23.703 23.692 23.673 23.638 23.578 23.508 h 22.537 22.482 22.399 22.287 22.222 22.162 22.1 22.012 h 
24.957 24.954 24.947 24.93 24.893 24.822 24.693 24.486 h 23.959 26.565 23.854 23.824 23.785 23.717 23.621 23.793 23.629 23.55 h 23.095 23.078 23.039 22.963 22.828 22.65 22.537 22.33 h 22.317 22.198 22.078 22.038 22.031 22.019 21.997 21.972 h 
34.11 33.687 32.417 29.553 25.207 24.685 24.577 24.521 h 23.923 23.897 23.89 23.876 23.849 23.806 23.763 23.755 h 23.566 23.546 23.498 23.414 23.318 23.271 23.263 23.253 h 22.633 22.62 22.609 22.595 22.567 22.516 22.443 22.388 h 
