25.544 
25.538 
25.519 
25.477 
25.398 
25.274 
25.071 
24.795 
h 
23.745 
23.742 
23.733 
23.731 
23.73 
23.727 
23.721 
23.713 
h 
23.025 
22.952 
22.86 
22.826 
22.8 
22.76 
22.698 
22.656 
h 
22.297 
22.239 
22.18 
22.102 
21.962 
21.71 
21.355 
21.02 
h 
20.798 
20.782 
20.769 
20.755 
20.738 
20.707 
20.652 
20.57 
h 
20.055 
19.98 
19.947 
19.911 
19.849 
19.738 
19.565 
19.35 
h 
18.474 
18.437 
18.319 
18.232 
18.087 
17.921 
17.705 
17.483 
h 
16.776 
16.449 
16.408 
16.386 
16.342 
16.26 
16.119 
15.888 
h 
15.478 
15.482 
15.362 
15.309 
15.258 
15.168 
15.013 
14.757 
h 
14.365 
14.381 
14.179 
14.159 
14.131 
14.082 
14.014 
14.027 
h 
