25.255 
25.192 
25.019 
24.699 
24.428 
24.394 
24.33 
24.229 
h 
23.755 
23.959 
23.436 
23.426 
23.408 
23.378 
23.339 
23.285 
h 
23.024 
22.597 
22.563 
22.501 
22.402 
22.316 
22.279 
22.255 
h 
22.028 
21.992 
21.976 
21.946 
21.904 
21.864 
21.815 
21.798 
h 
22.575 
21.902 
21.327 
21.283 
21.218 
21.237 
21.188 
21.182 
h 
20.945 
20.931 
20.91 
20.89 
20.859 
20.802 
20.707 
20.583 
h 
20.213 
20.104 
19.938 
19.875 
19.855 
19.84 
19.812 
19.756 
h 
18.281 
18.121 
17.944 
17.878 
17.784 
17.619 
17.432 
17.077 
h 
16.109 
16.273 
16.039 
16.011 
15.955 
15.851 
15.682 
15.49 
15.415 
15.341 
h 
15.094 
15.07 
15.04 
14.996 
14.912 
14.755 
14.569 
14.744 
h 
