25.936 
25.927 
25.899 
25.838 
25.714 
25.494 
25.165 
24.688 
h 
23.559 
24.019 
23.223 
23.121 
22.932 
22.599 
22.108 
21.736 
21.84 
21.649 
h 
21.218 
21.198 
21.161 
21.104 
21.03 
21.433 
20.907 
20.845 
20.791 
20.732 
20.678 
20.587 
20.446 
20.565 
h 
19.452 
19.334 
19.282 
19.266 
19.236 
19.182 
19.09 
18.965 
h 
18.677 
18.659 
18.599 
18.584 
18.568 
18.543 
18.507 
18.471 
h 
17.657 
17.603 
17.529 
17.503 
17.483 
17.452 
17.392 
17.293 
h 
16.744 
16.658 
16.597 
16.587 
16.578 
16.559 
16.52 
16.444 
h 
15.597 
15.544 
15.454 
15.429 
15.401 
15.346 
15.246 
15.1 
h 
14.934 
14.686 
14.547 
14.527 
14.494 
14.466 
14.447 
14.438 
h 
13.907 
13.839 
13.781 
13.744 
13.684 
13.583 
13.407 
13.169 
h 
