26.135 
26.087 
25.958 
25.73 
25.53 
25.409 
25.293 
25.179 
h 
24.263 
24.122 
24.1 
24.07 
24.01 
23.904 
23.756 
23.684 
h 
22.772 
22.741 
22.712 
22.652 
22.534 
22.327 
22.03 
21.661 
h 
21.14 
21.348 
21.022 
21.011 
20.992 
20.956 
20.893 
20.823 
h 
20.211 
20.109 
20.099 
20.092 
20.083 
20.065 
20.037 
19.999 
h 
19.707 
19.698 
19.657 
19.638 
19.6 
19.525 
19.384 
19.133 
h 
18.084 
18.264 
17.99 
17.919 
17.841 
17.697 
17.462 
17.17 
h 
16.905 
16.892 
16.87 
16.823 
16.729 
16.547 
16.211 
15.687 
h 
15.112 
14.542 
14.451 
14.442 
14.427 
14.411 
14.393 
14.373 
h 
14.217 
14.158 
14.118 
14.088 
14.077 
14.053 
14.012 
13.955 
h 
