25.787 
25.755 
25.671 
25.525 
25.403 
25.397 
25.388 
25.368 
h 
24.65 
24.38 
24.312 
24.31 
24.307 
24.301 
24.291 
24.274 
h 
25.146 
24.786 
24.246 
24.03 
24.004 
23.962 
23.929 
24.017 
h 
24.529 
24.165 
23.766 
23.747 
23.746 
23.743 
23.738 
23.729 
h 
23.835 
23.664 
23.575 
23.504 
23.423 
23.401 
23.396 
23.391 
h 
23.27 
23.162 
22.944 
22.732 
22.711 
22.7 
22.687 
22.664 
h 
22.473 
22.426 
22.414 
22.398 
22.365 
22.306 
22.213 
22.21 
h 
22.144 
21.902 
21.859 
21.85 
21.835 
21.805 
21.752 
21.671 
h 
20.542 
20.437 
20.856 
20.353 
20.311 
20.247 
20.137 
19.995 
19.944 
19.913 
19.96 
h 
19.713 
19.692 
19.679 
19.659 
19.621 
19.553 
19.449 
19.418 
h 
