25.145 
25.121 
25.054 
24.936 
24.82 
24.728 
24.664 
24.59 
h 
23.878 
23.674 
23.666 
23.658 
23.645 
23.625 
23.593 
23.547 
h 
22.826 
22.836 
22.744 
22.72 
22.676 
22.606 
22.556 
22.597 
h 
22.395 
22.383 
22.367 
22.337 
22.279 
22.182 
22.026 
21.848 
h 
21.28 
21.257 
21.137 
21.053 
20.894 
20.603 
20.157 
19.786 
h 
19.231 
19.143 
19.057 
18.937 
18.798 
18.908 
18.621 
18.575 
h 
17.994 
17.964 
17.944 
17.918 
17.877 
17.816 
17.717 
17.589 
h 
17.023 
16.868 
16.75 
16.72 
16.68 
16.63 
16.543 
16.401 
h 
15.905 
15.637 
15.426 
15.351 
15.259 
15.165 
15.237 
15.113 
h 
14.543 
14.483 
14.442 
14.43 
14.407 
14.366 
14.294 
14.172 
h 
