32.183 
31.777 
30.598 
28.158 
25.375 
25.182 
25.036 
24.923 
h 
23.813 
23.648 
23.568 
23.501 
23.384 
23.191 
22.944 
22.833 
h 
22.472 
22.296 
22.17 
22.156 
22.143 
22.138 
22.132 
22.123 
h 
22.054 
21.974 
21.91 
21.833 
21.776 
21.775 
21.772 
21.768 
h 
21.863 
21.796 
21.665 
21.501 
21.436 
21.418 
21.402 
21.375 
h 
20.347 
20.35 
20.311 
20.28 
20.245 
20.185 
20.095 
20.013 
h 
19.659 
19.459 
19.304 
19.273 
19.265 
19.252 
19.229 
19.188 
h 
18.768 
18.65 
18.568 
18.533 
18.475 
18.399 
18.296 
18.188 
h 
17.562 
17.52 
17.467 
17.427 
17.378 
17.312 
17.207 
17.081 
h 
16.113 
16.082 
16.054 
16.004 
15.913 
15.777 
15.567 
15.473 
h 
