26.047 
25.987 
25.826 
25.547 
25.337 
25.327 
25.308 
25.27 
h 
24.957 
24.87 
24.923 
24.786 
24.691 
24.524 
24.305 
24.222 
h 
23.491 
23.329 
23.094 
22.989 
22.951 
22.898 
22.856 
22.793 
h 
22.107 
22.05 
22.036 
22.031 
22.025 
22.02 
22.022 
22.012 
h 
21.749 
21.727 
21.69 
21.662 
21.608 
21.522 
21.381 
21.243 
h 
21.303 
21.21 
21.065 
20.932 
20.801 
20.644 
20.57 
20.645 
h 
20.353 
20.246 
20.184 
20.186 
20.15 
20.131 
20.102 
20.051 
h 
19.48 
19.437 
19.389 
19.351 
19.29 
19.187 
19.009 
18.761 
h 
17.872 
17.822 
17.746 
17.704 
17.644 
17.563 
17.462 
17.311 
h 
16.807 
16.878 
16.697 
16.681 
16.657 
16.629 
16.575 
16.503 
h 
