27.956 
27.706 
27.015 
25.758 
24.838 
24.76 
24.635 
24.435 
h 
24.094 
24.829 
24.071 
24.069 
24.064 
24.056 
24.045 
24.033 
24.03 
24.026 
h 
23.898 
23.883 
23.875 
23.859 
23.824 
23.76 
23.661 
23.61 
h 
23.573 
23.545 
23.523 
23.479 
23.4 
23.272 
23.096 
22.999 
h 
22.071 
22.053 
22.025 
21.998 
21.969 
21.934 
21.894 
21.828 
h 
21.498 
21.446 
21.396 
21.323 
21.199 
21.018 
20.736 
20.412 
h 
19.019 
18.89 
18.816 
18.762 
18.67 
18.539 
18.454 
18.289 
h 
17.82 
17.772 
17.703 
17.633 
17.618 
17.465 
17.316 
17.157 
h 
16.43 
16.339 
16.253 
16.214 
16.183 
16.126 
16.048 
15.923 
h 
15.104 
14.851 
14.796 
14.757 
14.74 
14.705 
14.636 
14.514 
h 
