25.666 
25.548 
25.228 
24.674 
24.283 
24.267 
24.233 
24.17 
h 
23.458 
23.449 
23.434 
23.416 
23.387 
23.369 
23.393 
23.333 
h 
23.3 
23.268 
23.233 
23.204 
23.2 
23.199 
23.198 
23.196 
h 
23.137 
23.13 
23.128 
23.125 
23.117 
23.104 
23.081 
23.057 
h 
22.92 
22.893 
22.866 
22.857 
22.839 
22.807 
22.757 
22.684 
h 
22.05 
21.9 
21.891 
21.884 
21.869 
21.841 
21.792 
21.717 
h 
21.251 
21.198 
21.163 
21.124 
21.1 
21.056 
20.973 
20.821 
h 
20.217 
20.371 
20.101 
20.064 
20.002 
19.93 
19.841 
19.725 
h 
18.401 
18.239 
18.127 
18.068 
17.977 
17.812 
17.562 
17.244 
h 
17.779 
16.626 
16.424 
16.352 
16.323 
16.292 
16.258 
16.214 
h 
