29.539 
29.206 
28.272 
26.514 
25.141 
25.079 
25.026 
24.955 
h 
24.457 
24.458 
24.421 
24.399 
24.368 
24.314 
24.24 
24.202 
h 
24.132 
24.015 
23.922 
23.913 
23.895 
23.865 
23.827 
23.803 
h 
23.245 
23.171 
23.061 
22.926 
22.733 
22.512 
22.303 
22.326 
h 
21.668 
21.586 
21.558 
21.509 
21.416 
21.275 
21.118 
20.968 
h 
20.687 
20.499 
20.446 
20.371 
20.309 
20.251 
20.219 
20.195 
h 
20.024 
20.014 
19.997 
19.962 
19.903 
19.813 
19.649 
19.439 
h 
18.674 
18.562 
18.507 
18.474 
18.427 
18.362 
18.279 
18.173 
h 
18.073 
18.033 
17.996 
17.949 
17.885 
17.765 
17.568 
17.277 
h 
15.936 
15.88 
15.838 
15.797 
15.724 
15.622 
15.458 
15.224 
h 
