33.053 
32.763 
31.889 
29.867 
26.309 
25.676 
25.053 
24.996 
h 
24.243 
24.202 
24.174 
24.158 
24.13 
24.094 
24.054 
24.042 
h 
24.005 
23.988 
23.958 
23.926 
24.095 
23.877 
23.84 
23.826 
h 
23.542 
23.477 
23.414 
23.389 
23.346 
23.273 
23.149 
22.955 
h 
22.651 
22.621 
22.506 
22.442 
22.373 
22.259 
22.075 
21.851 
h 
21.182 
21.313 
21.12 
21.095 
21.05 
20.969 
20.852 
20.746 
h 
20.385 
20.352 
20.308 
20.268 
20.196 
20.096 
20.017 
19.972 
h 
19.828 
19.801 
19.746 
19.71 
19.649 
19.551 
19.433 
19.366 
h 
18.397 
18.284 
18.214 
18.186 
18.151 
18.085 
18.0 
17.88 
h 
17.167 
17.044 
16.992 
16.958 
16.917 
16.855 
16.767 
16.652 
h 
