32.825 
32.362 
31.001 
28.128 
24.765 
24.672 
24.664 
24.646 
h 
23.938 
23.932 
23.921 
23.903 
23.885 
23.863 
23.834 
23.805 
h 
23.106 
22.981 
22.784 
22.669 
22.662 
22.655 
22.644 
22.624 
h 
22.29 
22.181 
22.1 
22.083 
22.05 
21.991 
21.89 
21.737 
h 
21.431 
21.31 
21.267 
21.198 
21.11 
21.03 
20.921 
20.881 
h 
20.934 
20.773 
20.633 
20.614 
20.596 
20.582 
20.569 
20.555 
h 
20.159 
20.143 
20.12 
20.074 
19.997 
19.925 
19.821 
19.768 
h 
19.691 
19.683 
19.671 
19.657 
19.634 
19.59 
19.514 
19.414 
h 
18.906 
18.875 
18.853 
18.838 
18.818 
18.786 
18.756 
18.75 
h 
18.572 
18.42 
18.382 
18.369 
18.345 
18.307 
18.24 
18.135 
h 
