26.905 
26.665 
26.019 
24.914 
24.127 
24.095 
24.042 
23.939 
h 
22.688 
22.336 
22.316 
22.303 
22.277 
22.227 
22.144 
22.049 
h 
21.413 
21.225 
21.11 
21.085 
21.06 
21.041 
21.019 
20.977 
h 
20.647 
20.282 
20.175 
20.174 
20.146 
20.133 
20.111 
20.071 
h 
19.337 
19.139 
19.122 
19.119 
19.116 
19.111 
19.1 
19.08 
h 
18.45 
18.383 
18.367 
18.346 
18.31 
18.237 
18.104 
17.873 
h 
16.553 
16.357 
16.316 
16.287 
16.235 
16.179 
16.098 
16.015 
h 
15.794 
15.697 
15.599 
15.554 
15.765 
15.476 
15.451 
15.406 
h 
14.645 
14.562 
14.525 
14.489 
14.472 
14.457 
14.428 
14.378 
h 
14.177 
14.135 
14.138 
14.073 
14.043 
13.992 
13.904 
13.774 
h 
