25.006 
24.97 
24.872 
24.705 
24.597 
24.59 
24.576 
24.553 
h 
24.363 
24.353 
24.331 
24.277 
24.169 
23.968 
23.638 
23.269 
h 
22.488 
22.341 
22.285 
22.202 
22.108 
22.056 
21.991 
21.925 
h 
21.599 
21.524 
21.495 
21.484 
21.472 
21.46 
21.457 
21.455 
h 
21.291 
21.286 
21.279 
21.265 
21.239 
21.191 
21.109 
21.013 
h 
20.262 
20.185 
20.126 
20.074 
20.013 
19.909 
19.745 
19.518 
h 
18.17 
18.115 
18.023 
18.004 
17.969 
17.907 
17.812 
17.703 
h 
16.943 
16.926 
16.883 
16.831 
16.736 
16.564 
16.278 
15.955 
h 
15.317 
15.084 
14.989 
14.905 
14.795 
14.702 
14.629 
14.508 
h 
13.334 
13.32 
13.222 
13.182 
13.111 
12.988 
12.807 
12.524 
h 
