24.964 
24.923 
24.815 
24.625 
24.447 
24.381 
24.321 
24.213 
h 
23.666 
23.884 
23.522 
23.441 
23.281 
23.006 
22.608 
22.682 
h 
22.196 
22.17 
22.13 
22.095 
22.11 
22.045 
22.021 
21.977 
h 
21.689 
21.621 
21.666 
21.571 
21.539 
21.484 
21.404 
21.353 
h 
20.825 
20.709 
20.697 
20.672 
20.621 
20.531 
20.38 
20.172 
h 
19.808 
19.793 
19.723 
19.677 
19.622 
19.532 
19.376 
19.163 
h 
18.789 
18.18 
18.006 
17.962 
17.945 
17.911 
17.849 
17.732 
h 
17.366 
17.311 
17.228 
17.141 
17.073 
16.999 
16.875 
16.685 
h 
17.098 
16.3 
16.11 
16.052 
16.041 
16.02 
15.982 
15.918 
h 
15.728 
15.811 
15.664 
15.65 
15.627 
15.592 
15.554 
15.521 
h 
