26.457 
26.305 
25.888 
25.144 
24.634 
24.603 
24.564 
24.506 
h 
24.314 
24.247 
24.186 
24.154 
24.101 
24.058 
24.049 
24.042 
h 
23.959 
23.954 
23.944 
23.919 
23.871 
23.786 
23.644 
23.441 
h 
23.146 
22.98 
22.97 
22.958 
22.937 
22.907 
22.87 
22.824 
h 
22.104 
21.89 
21.683 
21.654 
21.625 
21.571 
21.481 
21.37 
h 
20.754 
20.539 
20.272 
20.16 
20.003 
19.818 
19.805 
19.728 
h 
19.413 
19.347 
19.284 
19.245 
19.204 
19.146 
19.049 
18.974 
h 
18.884 
18.853 
18.809 
18.747 
18.664 
18.577 
18.461 
18.287 
h 
17.933 
18.203 
17.896 
17.871 
17.848 
17.803 
17.722 
17.594 
17.474 
17.414 
h 
17.324 
17.225 
17.2 
17.175 
17.132 
17.053 
16.94 
16.822 
h 
