25.273 
25.264 
25.24 
25.198 
25.159 
25.15 
25.137 
25.119 
h 
24.711 
24.694 
24.688 
24.681 
24.667 
24.642 
24.607 
24.586 
h 
24.035 
23.965 
23.94 
23.898 
23.854 
23.786 
23.674 
23.554 
h 
22.657 
22.548 
22.511 
22.482 
22.424 
22.315 
22.137 
21.947 
h 
21.389 
21.361 
21.343 
21.328 
21.303 
21.277 
21.245 
21.233 
h 
21.348 
21.307 
21.222 
21.079 
20.938 
20.904 
20.888 
20.87 
h 
20.676 
20.638 
20.593 
20.54 
20.455 
20.307 
20.075 
19.877 
h 
20.797 
19.584 
19.537 
19.495 
19.426 
19.315 
19.192 
19.205 
h 
19.025 
18.903 
18.856 
18.849 
18.833 
18.803 
18.752 
18.663 
h 
18.281 
18.276 
18.171 
18.144 
18.091 
17.991 
17.815 
17.561 
h 
