26.905 26.665 26.019 24.914 24.127 24.095 24.042 23.939 h 22.688 22.336 22.316 22.303 22.277 22.227 22.144 22.049 h 21.413 21.225 21.11 21.085 21.06 21.041 21.019 20.977 h 20.647 20.282 20.175 20.174 20.146 20.133 20.111 20.071 h 19.337 19.139 19.122 19.119 19.116 19.111 19.1 19.08 h 18.45 18.383 18.367 18.346 18.31 18.237 18.104 17.873 h 16.553 16.357 16.316 16.287 16.235 16.179 16.098 16.015 h 15.794 15.697 15.599 15.554 15.765 15.476 15.451 15.406 h 14.645 14.562 14.525 14.489 14.472 14.457 14.428 14.378 h 14.177 14.135 14.138 14.073 14.043 13.992 13.904 13.774 h 
25.666 25.548 25.228 24.674 24.283 24.267 24.233 24.17 h 23.458 23.449 23.434 23.416 23.387 23.369 23.393 23.333 h 23.3 23.268 23.233 23.204 23.2 23.199 23.198 23.196 h 23.137 23.13 23.128 23.125 23.117 23.104 23.081 23.057 h 22.92 22.893 22.866 22.857 22.839 22.807 22.757 22.684 h 22.05 21.9 21.891 21.884 21.869 21.841 21.792 21.717 h 21.251 21.198 21.163 21.124 21.1 21.056 20.973 20.821 h 20.217 20.371 20.101 20.064 20.002 19.93 19.841 19.725 h 18.401 18.239 18.127 18.068 17.977 17.812 17.562 17.244 h 17.779 16.626 16.424 16.352 16.323 16.292 16.258 16.214 h 
28.25 28.009 27.335 26.068 24.991 24.961 24.909 24.823 h 24.537 24.553 24.522 24.514 24.499 24.473 24.423 24.345 h 24.162 23.966 23.901 23.869 23.803 23.684 23.493 23.269 h 21.573 21.496 21.487 21.468 21.431 21.371 21.297 21.235 h 21.502 21.302 21.133 21.102 21.078 21.057 21.067 21.047 h 20.757 20.723 20.675 20.64 20.604 20.539 20.416 20.196 h 19.483 20.011 19.355 19.298 19.216 19.126 19.029 18.992 18.998 18.988 h 18.766 18.761 18.75 18.731 18.693 18.62 18.492 18.314 h 17.617 17.486 17.455 17.427 17.386 17.307 17.168 16.928 h 15.364 15.387 15.353 15.263 15.216 15.132 14.994 14.792 h 
32.183 31.777 30.598 28.158 25.375 25.182 25.036 24.923 h 23.813 23.648 23.568 23.501 23.384 23.191 22.944 22.833 h 22.472 22.296 22.17 22.156 22.143 22.138 22.132 22.123 h 22.054 21.974 21.91 21.833 21.776 21.775 21.772 21.768 h 21.863 21.796 21.665 21.501 21.436 21.418 21.402 21.375 h 20.347 20.35 20.311 20.28 20.245 20.185 20.095 20.013 h 19.659 19.459 19.304 19.273 19.265 19.252 19.229 19.188 h 18.768 18.65 18.568 18.533 18.475 18.399 18.296 18.188 h 17.562 17.52 17.467 17.427 17.378 17.312 17.207 17.081 h 16.113 16.082 16.054 16.004 15.913 15.777 15.567 15.473 h 
27.282 27.148 26.764 25.996 25.101 24.998 24.935 24.872 h 24.687 24.557 24.564 24.622 24.433 24.41 24.373 24.342 h 24.001 23.982 23.952 23.926 23.888 23.836 23.75 23.638 h 23.292 23.252 23.227 23.193 23.128 23.018 22.884 22.832 h 22.096 22.016 21.98 21.946 21.894 21.834 21.741 21.593 h 20.526 20.804 20.494 20.488 20.485 20.48 20.471 20.457 20.444 20.438 h 20.168 20.15 20.123 20.1 20.068 20.007 19.899 19.724 h 19.331 19.434 19.138 19.051 18.967 18.833 18.662 18.579 h 18.431 17.94 17.839 17.748 17.629 17.527 17.616 17.367 h 16.422 16.362 16.299 16.19 16.091 15.898 15.599 15.277 h 
33.053 32.763 31.889 29.867 26.309 25.676 25.053 24.996 h 24.243 24.202 24.174 24.158 24.13 24.094 24.054 24.042 h 24.005 23.988 23.958 23.926 24.095 23.877 23.84 23.826 h 23.542 23.477 23.414 23.389 23.346 23.273 23.149 22.955 h 22.651 22.621 22.506 22.442 22.373 22.259 22.075 21.851 h 21.182 21.313 21.12 21.095 21.05 20.969 20.852 20.746 h 20.385 20.352 20.308 20.268 20.196 20.096 20.017 19.972 h 19.828 19.801 19.746 19.71 19.649 19.551 19.433 19.366 h 18.397 18.284 18.214 18.186 18.151 18.085 18.0 17.88 h 17.167 17.044 16.992 16.958 16.917 16.855 16.767 16.652 h 
29.539 29.206 28.272 26.514 25.141 25.079 25.026 24.955 h 24.457 24.458 24.421 24.399 24.368 24.314 24.24 24.202 h 24.132 24.015 23.922 23.913 23.895 23.865 23.827 23.803 h 23.245 23.171 23.061 22.926 22.733 22.512 22.303 22.326 h 21.668 21.586 21.558 21.509 21.416 21.275 21.118 20.968 h 20.687 20.499 20.446 20.371 20.309 20.251 20.219 20.195 h 20.024 20.014 19.997 19.962 19.903 19.813 19.649 19.439 h 18.674 18.562 18.507 18.474 18.427 18.362 18.279 18.173 h 18.073 18.033 17.996 17.949 17.885 17.765 17.568 17.277 h 15.936 15.88 15.838 15.797 15.724 15.622 15.458 15.224 h 
24.964 24.923 24.815 24.625 24.447 24.381 24.321 24.213 h 23.666 23.884 23.522 23.441 23.281 23.006 22.608 22.682 h 22.196 22.17 22.13 22.095 22.11 22.045 22.021 21.977 h 21.689 21.621 21.666 21.571 21.539 21.484 21.404 21.353 h 20.825 20.709 20.697 20.672 20.621 20.531 20.38 20.172 h 19.808 19.793 19.723 19.677 19.622 19.532 19.376 19.163 h 18.789 18.18 18.006 17.962 17.945 17.911 17.849 17.732 h 17.366 17.311 17.228 17.141 17.073 16.999 16.875 16.685 h 17.098 16.3 16.11 16.052 16.041 16.02 15.982 15.918 h 15.728 15.811 15.664 15.65 15.627 15.592 15.554 15.521 h 
25.255 25.192 25.019 24.699 24.428 24.394 24.33 24.229 h 23.755 23.959 23.436 23.426 23.408 23.378 23.339 23.285 h 23.024 22.597 22.563 22.501 22.402 22.316 22.279 22.255 h 22.028 21.992 21.976 21.946 21.904 21.864 21.815 21.798 h 22.575 21.902 21.327 21.283 21.218 21.237 21.188 21.182 h 20.945 20.931 20.91 20.89 20.859 20.802 20.707 20.583 h 20.213 20.104 19.938 19.875 19.855 19.84 19.812 19.756 h 18.281 18.121 17.944 17.878 17.784 17.619 17.432 17.077 h 16.109 16.273 16.039 16.011 15.955 15.851 15.682 15.49 15.415 15.341 h 15.094 15.07 15.04 14.996 14.912 14.755 14.569 14.744 h 
26.457 26.305 25.888 25.144 24.634 24.603 24.564 24.506 h 24.314 24.247 24.186 24.154 24.101 24.058 24.049 24.042 h 23.959 23.954 23.944 23.919 23.871 23.786 23.644 23.441 h 23.146 22.98 22.97 22.958 22.937 22.907 22.87 22.824 h 22.104 21.89 21.683 21.654 21.625 21.571 21.481 21.37 h 20.754 20.539 20.272 20.16 20.003 19.818 19.805 19.728 h 19.413 19.347 19.284 19.245 19.204 19.146 19.049 18.974 h 18.884 18.853 18.809 18.747 18.664 18.577 18.461 18.287 h 17.933 18.203 17.896 17.871 17.848 17.803 17.722 17.594 17.474 17.414 h 17.324 17.225 17.2 17.175 17.132 17.053 16.94 16.822 h 
26.135 26.087 25.958 25.73 25.53 25.409 25.293 25.179 h 24.263 24.122 24.1 24.07 24.01 23.904 23.756 23.684 h 22.772 22.741 22.712 22.652 22.534 22.327 22.03 21.661 h 21.14 21.348 21.022 21.011 20.992 20.956 20.893 20.823 h 20.211 20.109 20.099 20.092 20.083 20.065 20.037 19.999 h 19.707 19.698 19.657 19.638 19.6 19.525 19.384 19.133 h 18.084 18.264 17.99 17.919 17.841 17.697 17.462 17.17 h 16.905 16.892 16.87 16.823 16.729 16.547 16.211 15.687 h 15.112 14.542 14.451 14.442 14.427 14.411 14.393 14.373 h 14.217 14.158 14.118 14.088 14.077 14.053 14.012 13.955 h 
32.825 32.362 31.001 28.128 24.765 24.672 24.664 24.646 h 23.938 23.932 23.921 23.903 23.885 23.863 23.834 23.805 h 23.106 22.981 22.784 22.669 22.662 22.655 22.644 22.624 h 22.29 22.181 22.1 22.083 22.05 21.991 21.89 21.737 h 21.431 21.31 21.267 21.198 21.11 21.03 20.921 20.881 h 20.934 20.773 20.633 20.614 20.596 20.582 20.569 20.555 h 20.159 20.143 20.12 20.074 19.997 19.925 19.821 19.768 h 19.691 19.683 19.671 19.657 19.634 19.59 19.514 19.414 h 18.906 18.875 18.853 18.838 18.818 18.786 18.756 18.75 h 18.572 18.42 18.382 18.369 18.345 18.307 18.24 18.135 h 
26.047 25.987 25.826 25.547 25.337 25.327 25.308 25.27 h 24.957 24.87 24.923 24.786 24.691 24.524 24.305 24.222 h 23.491 23.329 23.094 22.989 22.951 22.898 22.856 22.793 h 22.107 22.05 22.036 22.031 22.025 22.02 22.022 22.012 h 21.749 21.727 21.69 21.662 21.608 21.522 21.381 21.243 h 21.303 21.21 21.065 20.932 20.801 20.644 20.57 20.645 h 20.353 20.246 20.184 20.186 20.15 20.131 20.102 20.051 h 19.48 19.437 19.389 19.351 19.29 19.187 19.009 18.761 h 17.872 17.822 17.746 17.704 17.644 17.563 17.462 17.311 h 16.807 16.878 16.697 16.681 16.657 16.629 16.575 16.503 h 
25.544 25.538 25.519 25.477 25.398 25.274 25.071 24.795 h 23.745 23.742 23.733 23.731 23.73 23.727 23.721 23.713 h 23.025 22.952 22.86 22.826 22.8 22.76 22.698 22.656 h 22.297 22.239 22.18 22.102 21.962 21.71 21.355 21.02 h 20.798 20.782 20.769 20.755 20.738 20.707 20.652 20.57 h 20.055 19.98 19.947 19.911 19.849 19.738 19.565 19.35 h 18.474 18.437 18.319 18.232 18.087 17.921 17.705 17.483 h 16.776 16.449 16.408 16.386 16.342 16.26 16.119 15.888 h 15.478 15.482 15.362 15.309 15.258 15.168 15.013 14.757 h 14.365 14.381 14.179 14.159 14.131 14.082 14.014 14.027 h 
25.145 25.121 25.054 24.936 24.82 24.728 24.664 24.59 h 23.878 23.674 23.666 23.658 23.645 23.625 23.593 23.547 h 22.826 22.836 22.744 22.72 22.676 22.606 22.556 22.597 h 22.395 22.383 22.367 22.337 22.279 22.182 22.026 21.848 h 21.28 21.257 21.137 21.053 20.894 20.603 20.157 19.786 h 19.231 19.143 19.057 18.937 18.798 18.908 18.621 18.575 h 17.994 17.964 17.944 17.918 17.877 17.816 17.717 17.589 h 17.023 16.868 16.75 16.72 16.68 16.63 16.543 16.401 h 15.905 15.637 15.426 15.351 15.259 15.165 15.237 15.113 h 14.543 14.483 14.442 14.43 14.407 14.366 14.294 14.172 h 
25.006 24.97 24.872 24.705 24.597 24.59 24.576 24.553 h 24.363 24.353 24.331 24.277 24.169 23.968 23.638 23.269 h 22.488 22.341 22.285 22.202 22.108 22.056 21.991 21.925 h 21.599 21.524 21.495 21.484 21.472 21.46 21.457 21.455 h 21.291 21.286 21.279 21.265 21.239 21.191 21.109 21.013 h 20.262 20.185 20.126 20.074 20.013 19.909 19.745 19.518 h 18.17 18.115 18.023 18.004 17.969 17.907 17.812 17.703 h 16.943 16.926 16.883 16.831 16.736 16.564 16.278 15.955 h 15.317 15.084 14.989 14.905 14.795 14.702 14.629 14.508 h 13.334 13.32 13.222 13.182 13.111 12.988 12.807 12.524 h 
25.936 25.927 25.899 25.838 25.714 25.494 25.165 24.688 h 23.559 24.019 23.223 23.121 22.932 22.599 22.108 21.736 21.84 21.649 h 21.218 21.198 21.161 21.104 21.03 21.433 20.907 20.845 20.791 20.732 20.678 20.587 20.446 20.565 h 19.452 19.334 19.282 19.266 19.236 19.182 19.09 18.965 h 18.677 18.659 18.599 18.584 18.568 18.543 18.507 18.471 h 17.657 17.603 17.529 17.503 17.483 17.452 17.392 17.293 h 16.744 16.658 16.597 16.587 16.578 16.559 16.52 16.444 h 15.597 15.544 15.454 15.429 15.401 15.346 15.246 15.1 h 14.934 14.686 14.547 14.527 14.494 14.466 14.447 14.438 h 13.907 13.839 13.781 13.744 13.684 13.583 13.407 13.169 h 
25.787 25.755 25.671 25.525 25.403 25.397 25.388 25.368 h 24.65 24.38 24.312 24.31 24.307 24.301 24.291 24.274 h 25.146 24.786 24.246 24.03 24.004 23.962 23.929 24.017 h 24.529 24.165 23.766 23.747 23.746 23.743 23.738 23.729 h 23.835 23.664 23.575 23.504 23.423 23.401 23.396 23.391 h 23.27 23.162 22.944 22.732 22.711 22.7 22.687 22.664 h 22.473 22.426 22.414 22.398 22.365 22.306 22.213 22.21 h 22.144 21.902 21.859 21.85 21.835 21.805 21.752 21.671 h 20.542 20.437 20.856 20.353 20.311 20.247 20.137 19.995 19.944 19.913 19.96 h 19.713 19.692 19.679 19.659 19.621 19.553 19.449 19.418 h 
25.273 25.264 25.24 25.198 25.159 25.15 25.137 25.119 h 24.711 24.694 24.688 24.681 24.667 24.642 24.607 24.586 h 24.035 23.965 23.94 23.898 23.854 23.786 23.674 23.554 h 22.657 22.548 22.511 22.482 22.424 22.315 22.137 21.947 h 21.389 21.361 21.343 21.328 21.303 21.277 21.245 21.233 h 21.348 21.307 21.222 21.079 20.938 20.904 20.888 20.87 h 20.676 20.638 20.593 20.54 20.455 20.307 20.075 19.877 h 20.797 19.584 19.537 19.495 19.426 19.315 19.192 19.205 h 19.025 18.903 18.856 18.849 18.833 18.803 18.752 18.663 h 18.281 18.276 18.171 18.144 18.091 17.991 17.815 17.561 h 
27.956 27.706 27.015 25.758 24.838 24.76 24.635 24.435 h 24.094 24.829 24.071 24.069 24.064 24.056 24.045 24.033 24.03 24.026 h 23.898 23.883 23.875 23.859 23.824 23.76 23.661 23.61 h 23.573 23.545 23.523 23.479 23.4 23.272 23.096 22.999 h 22.071 22.053 22.025 21.998 21.969 21.934 21.894 21.828 h 21.498 21.446 21.396 21.323 21.199 21.018 20.736 20.412 h 19.019 18.89 18.816 18.762 18.67 18.539 18.454 18.289 h 17.82 17.772 17.703 17.633 17.618 17.465 17.316 17.157 h 16.43 16.339 16.253 16.214 16.183 16.126 16.048 15.923 h 15.104 14.851 14.796 14.757 14.74 14.705 14.636 14.514 h 
