28.25 
28.009 
27.335 
26.068 
24.991 
24.961 
24.909 
24.823 
h 
24.537 
24.553 
24.522 
24.514 
24.499 
24.473 
24.423 
24.345 
h 
24.162 
23.966 
23.901 
23.869 
23.803 
23.684 
23.493 
23.269 
h 
21.573 
21.496 
21.487 
21.468 
21.431 
21.371 
21.297 
21.235 
h 
21.502 
21.302 
21.133 
21.102 
21.078 
21.057 
21.067 
21.047 
h 
20.757 
20.723 
20.675 
20.64 
20.604 
20.539 
20.416 
20.196 
h 
19.483 
20.011 
19.355 
19.298 
19.216 
19.126 
19.029 
18.992 
18.998 
18.988 
h 
18.766 
18.761 
18.75 
18.731 
18.693 
18.62 
18.492 
18.314 
h 
17.617 
17.486 
17.455 
17.427 
17.386 
17.307 
17.168 
16.928 
h 
15.364 
15.387 
15.353 
15.263 
15.216 
15.132 
14.994 
14.792 
h 
