27.282 
27.148 
26.764 
25.996 
25.101 
24.998 
24.935 
24.872 
h 
24.687 
24.557 
24.564 
24.622 
24.433 
24.41 
24.373 
24.342 
h 
24.001 
23.982 
23.952 
23.926 
23.888 
23.836 
23.75 
23.638 
h 
23.292 
23.252 
23.227 
23.193 
23.128 
23.018 
22.884 
22.832 
h 
22.096 
22.016 
21.98 
21.946 
21.894 
21.834 
21.741 
21.593 
h 
20.526 
20.804 
20.494 
20.488 
20.485 
20.48 
20.471 
20.457 
20.444 
20.438 
h 
20.168 
20.15 
20.123 
20.1 
20.068 
20.007 
19.899 
19.724 
h 
19.331 
19.434 
19.138 
19.051 
18.967 
18.833 
18.662 
18.579 
h 
18.431 
17.94 
17.839 
17.748 
17.629 
17.527 
17.616 
17.367 
h 
16.422 
16.362 
16.299 
16.19 
16.091 
15.898 
15.599 
15.277 
h 
