26.444 
26.337 
26.048 
25.543 
25.214 
25.19 
25.148 
25.111 
25.099 
25.086 
25.084 
25.08 
25.072 
h 
24.223 
24.178 
24.085 
23.88 
23.472 
22.755 
21.799 
21.344 
21.021 
20.501 
19.726 
18.817 
21.502 
17.633 
16.726 
16.612 
16.396 
16.058 
15.662 
15.031 
14.163 
13.673 
27.365 
13.565 
13.588 
13.475 
13.463 
13.437 
13.384 
13.286 
13.132 
13.061 
12.999 
12.968 
12.918 
12.843 
12.721 
12.69 
12.695 
12.591 
12.58 
12.56 
12.532 
12.496 
12.465 
12.505 
12.446 
12.442 
12.434 
12.419 
12.396 
12.369 
12.356 
12.424 
12.339 
12.325 
12.324 
h 
11.522 
11.478 
11.415 
11.364 
11.294 
11.16 
10.931 
10.545 
10.006 
9.546 
8.955 
9.613 
8.796 
8.709 
8.705 
8.696 
8.677 
8.644 
8.596 
8.513 
8.427 
8.34 
8.174 
7.873 
7.717 
8.304 
7.446 
7.415 
7.355 
7.238 
7.021 
6.672 
8.406 
6.563 
6.533 
6.518 
6.488 
6.439 
6.364 
6.3 
6.28 
6.253 
6.235 
6.214 
6.191 
6.177 
6.166 
6.148 
6.132 
6.11 
6.082 
6.059 
6.049 
6.034 
6.01 
5.98 
5.926 
5.934 
5.883 
5.865 
5.862 
5.859 
5.853 
5.844 
5.826 
5.794 
5.743 
5.793 
5.712 
5.695 
5.692 
5.688 
5.679 
5.663 
5.638 
5.608 
5.627 
5.591 
5.586 
5.578 
5.563 
5.542 
5.504 
5.527 
5.491 
5.467 
5.465 
5.46 
5.451 
5.436 
5.421 
5.418 
5.411 
5.408 
5.402 
5.393 
5.384 
5.377 
5.371 
5.369 
h 
5.356 
5.35 
5.339 
5.323 
5.298 
5.261 
5.204 
5.107 
4.984 
4.925 
4.878 
4.832 
4.787 
4.749 
4.735 
4.721 
4.708 
4.691 
4.671 
4.659 
4.67 
4.729 
4.66 
4.66 
4.659 
4.657 
h 
4.515 
4.507 
4.493 
4.469 
4.44 
4.407 
4.301 
4.169 
3.989 
3.902 
3.837 
3.734 
3.633 
3.572 
3.647 
3.453 
3.413 
3.371 
3.311 
3.247 
3.245 
3.457 
3.136 
3.115 
3.087 
3.053 
3.032 
3.0 
2.967 
2.994 
2.951 
2.942 
2.925 
2.898 
2.865 
2.838 
2.808 
2.796 
2.781 
2.764 
2.747 
2.718 
2.693 
2.664 
2.644 
2.623 
2.607 
2.604 
2.585 
2.571 
2.549 
2.529 
2.517 
2.503 
2.488 
2.472 
2.45 
2.415 
2.382 
2.462 
2.37 
2.324 
2.319 
2.315 
2.312 
2.307 
2.3 
2.293 
2.301 
2.281 
2.276 
2.268 
2.252 
2.227 
2.216 
2.206 
2.198 
2.194 
2.188 
2.179 
2.165 
2.145 
2.137 
2.124 
2.118 
2.116 
2.112 
2.106 
2.096 
2.081 
2.068 
2.088 
2.055 
2.052 
2.047 
2.037 
2.022 
1.998 
1.988 
2.059 
h 
1.617 
1.6 
1.579 
1.567 
1.557 
1.545 
1.528 
1.489 
1.426 
1.322 
1.194 
1.132 
1.059 
1.023 
1.011 
0.998 
0.986 
0.969 
0.956 
0.948 
0.935 
0.917 
0.9 
0.898 
0.894 
0.889 
0.888 
0.887 
0.886 
0.886 
0.885 
0.884 
0.883 
0.88 
0.88 
0.877 
0.877 
0.876 
0.875 
0.873 
0.871 
0.868 
0.868 
0.868 
0.866 
0.866 
0.865 
0.864 
0.862 
0.86 
h 
0.8 
0.799 
0.798 
0.797 
0.796 
0.794 
0.789 
0.779 
0.762 
0.731 
0.687 
0.604 
0.493 
0.42 
0.388 
0.367 
0.378 
0.379 
0.344 
0.338 
0.33 
0.316 
