25.589 
25.563 
25.494 
25.375 
25.283 
25.26 
25.231 
25.199 
25.166 
25.149 
25.13 
25.097 
25.047 
h 
23.602 
23.539 
23.299 
23.132 
22.797 
22.162 
21.072 
19.63 
19.051 
19.085 
18.13 
17.918 
17.725 
17.397 
16.813 
15.939 
16.041 
19.342 
15.342 
15.269 
15.224 
15.141 
15.004 
14.857 
14.722 
14.623 
14.463 
14.188 
14.238 
13.999 
13.96 
13.912 
13.825 
13.671 
13.473 
13.945 
13.428 
13.419 
13.4 
13.368 
13.32 
13.32 
13.387 
13.24 
13.226 
13.203 
13.161 
13.091 
13.012 
13.373 
12.964 
12.949 
12.939 
12.92 
12.891 
12.874 
12.848 
12.808 
12.789 
12.933 
12.738 
12.708 
12.704 
12.698 
12.687 
12.672 
12.661 
12.651 
12.636 
12.624 
12.612 
12.589 
12.577 
12.579 
h 
11.742 
11.688 
11.631 
11.59 
11.519 
11.408 
11.202 
10.848 
10.295 
9.732 
9.676 
11.568 
9.432 
9.425 
9.409 
9.374 
9.304 
9.17 
8.932 
8.575 
8.577 
8.41 
8.234 
8.206 
8.164 
8.092 
7.978 
7.943 
7.875 
7.854 
7.813 
7.733 
7.622 
7.593 
7.511 
7.485 
7.436 
7.351 
7.276 
7.236 
7.219 
7.198 
7.183 
7.154 
7.101 
7.013 
6.949 
7.032 
6.86 
6.844 
6.815 
6.773 
6.705 
6.7 
6.656 
6.646 
6.629 
6.607 
6.598 
6.582 
6.554 
6.506 
6.516 
6.475 
6.469 
6.46 
6.443 
6.415 
6.378 
6.401 
6.35 
6.345 
6.334 
6.316 
6.285 
6.234 
6.305 
6.233 
6.188 
6.184 
6.177 
6.163 
6.138 
6.1 
6.212 
6.1 
6.054 
6.052 
6.048 
6.04 
6.033 
6.026 
6.025 
6.025 
6.018 
6.017 
6.015 
6.011 
6.004 
h 
5.635 
5.599 
5.595 
5.588 
5.574 
5.548 
5.504 
5.436 
5.337 
5.251 
5.262 
5.239 
5.201 
5.185 
5.157 
5.115 
5.073 
5.058 
5.046 
5.025 
5.003 
4.997 
4.987 
4.972 
4.956 
4.945 
4.93 
4.923 
4.913 
4.9 
4.875 
4.936 
4.868 
4.866 
4.863 
4.859 
4.852 
4.841 
4.83 
4.805 
4.797 
4.787 
4.781 
4.774 
4.767 
4.761 
4.753 
4.74 
4.726 
4.72 
4.709 
4.702 
4.7 
4.698 
4.695 
4.688 
4.679 
4.671 
4.684 
4.663 
h 
4.47 
4.465 
4.457 
4.444 
4.419 
4.37 
4.279 
4.121 
3.864 
3.614 
3.546 
3.444 
3.312 
3.138 
3.335 
3.093 
3.033 
3.005 
2.964 
2.949 
2.944 
2.932 
2.912 
2.883 
2.884 
2.867 
2.862 
2.86 
2.854 
2.841 
2.817 
2.778 
2.715 
2.817 
2.741 
2.676 
2.672 
2.67 
2.666 
2.658 
2.644 
2.63 
2.677 
2.626 
2.625 
2.624 
2.623 
2.622 
2.624 
2.617 
2.611 
2.602 
h 
2.296 
2.232 
2.23 
2.228 
2.223 
2.215 
2.197 
2.165 
2.114 
2.109 
2.013 
1.976 
1.915 
1.817 
1.708 
1.699 
2.455 
1.636 
1.628 
1.616 
1.595 
1.56 
1.516 
1.477 
1.442 
1.438 
1.366 
1.352 
1.327 
1.292 
1.265 
1.314 
1.24 
1.217 
1.212 
1.205 
1.194 
1.179 
1.181 
1.155 
1.148 
1.14 
1.129 
1.11 
1.081 
1.039 
0.996 
1.549 
1.413 
0.987 
0.982 
0.978 
0.972 
0.963 
0.953 
0.947 
0.939 
0.935 
0.928 
0.917 
0.901 
0.902 
0.89 
0.887 
0.883 
0.876 
0.864 
0.846 
0.851 
1.443 
0.841 
0.837 
0.831 
0.822 
0.814 
0.806 
0.83 
0.803 
0.802 
0.799 
0.795 
0.787 
0.791 
0.786 
0.78 
0.778 
0.775 
0.773 
0.769 
0.765 
0.763 
0.761 
0.757 
0.755 
0.751 
0.745 
0.736 
0.728 
0.749 
0.726 
h 
0.512 
0.509 
0.506 
0.505 
0.503 
0.499 
0.492 
0.478 
0.453 
0.415 
0.546 
0.28 
