26.101 
26.055 
25.929 
25.707 
25.513 
25.5 
25.482 
25.461 
25.426 
25.371 
25.308 
25.254 
25.207 
25.189 
25.16 
25.132 
25.111 
25.096 
25.092 
25.085 
25.075 
25.069 
25.061 
h 
22.777 
22.668 
22.522 
22.376 
22.105 
21.639 
20.817 
19.663 
18.792 
18.448 
18.272 
18.02 
17.581 
17.032 
16.469 
18.497 
16.118 
16.033 
15.912 
15.705 
15.524 
15.466 
15.371 
15.29 
15.208 
15.119 
15.032 
14.881 
14.698 
14.528 
15.647 
14.451 
14.423 
14.37 
14.279 
14.173 
14.111 
14.031 
14.008 
14.372 
13.943 
13.926 
13.896 
13.837 
13.729 
13.559 
13.427 
14.608 
13.371 
13.363 
13.346 
13.312 
13.25 
13.145 
13.007 
13.162 
13.848 
12.846 
12.834 
12.818 
12.79 
12.749 
12.737 
12.763 
12.699 
12.694 
12.682 
12.661 
12.625 
12.573 
12.556 
12.781 
12.499 
12.494 
12.488 
12.479 
12.474 
12.464 
12.449 
12.461 
12.446 
h 
12.115 
12.101 
12.079 
12.039 
11.958 
11.797 
11.494 
10.967 
10.189 
9.653 
11.614 
9.387 
9.342 
9.293 
9.207 
9.079 
8.976 
9.281 
8.85 
8.815 
8.753 
8.66 
8.518 
8.358 
8.075 
8.251 
7.954 
7.782 
7.759 
7.718 
7.638 
7.492 
7.256 
6.951 
10.16 
7.134 
6.603 
6.587 
6.555 
6.5 
6.414 
6.381 
6.485 
6.296 
6.285 
6.264 
6.227 
6.163 
6.128 
6.101 
6.087 
6.064 
6.045 
6.034 
6.013 
5.978 
5.952 
5.956 
5.922 
5.914 
5.897 
5.869 
5.815 
5.72 
5.574 
5.9 
11.441 
5.416 
5.387 
5.38 
5.37 
5.352 
5.332 
5.397 
5.33 
5.322 
5.321 
5.319 
5.314 
5.307 
h 
5.117 
5.03 
5.007 
5.003 
4.997 
4.995 
4.991 
4.983 
4.968 
4.94 
4.891 
4.822 
4.71 
4.603 
7.019 
4.563 
4.552 
4.551 
4.549 
4.547 
4.542 
4.535 
4.528 
4.513 
4.493 
4.475 
4.502 
4.463 
4.459 
4.452 
4.446 
4.437 
4.419 
4.39 
4.369 
4.563 
4.349 
4.346 
4.34 
4.332 
4.32 
4.31 
4.484 
4.307 
4.306 
4.304 
4.301 
4.295 
4.288 
4.282 
4.303 
4.279 
h 
3.859 
3.856 
3.85 
3.838 
3.818 
3.792 
3.743 
3.656 
3.509 
3.322 
3.219 
3.165 
3.106 
3.063 
3.008 
2.911 
2.768 
2.745 
2.731 
2.659 
2.652 
2.64 
2.626 
2.602 
2.582 
2.537 
2.522 
2.514 
2.511 
2.504 
2.494 
2.478 
2.481 
2.504 
2.473 
2.471 
2.468 
2.463 
2.457 
2.443 
2.449 
2.432 
2.429 
2.427 
2.423 
2.417 
2.407 
2.407 
2.399 
2.396 
2.395 
2.392 
2.388 
2.385 
2.382 
2.38 
2.377 
2.375 
2.38 
2.375 
h 
2.28 
2.283 
2.28 
2.274 
2.264 
2.246 
2.22 
2.171 
2.087 
1.956 
1.828 
1.71 
1.84 
1.674 
1.634 
1.63 
1.625 
1.614 
1.591 
1.55 
1.484 
1.408 
1.874 
1.378 
1.366 
1.347 
1.32 
1.275 
1.225 
1.212 
1.338 
1.169 
1.163 
1.159 
1.156 
1.149 
1.137 
1.118 
1.161 
1.116 
1.115 
1.114 
1.111 
1.109 
1.104 
1.1 
1.097 
1.09 
1.077 
1.089 
1.069 
1.067 
1.066 
1.063 
1.058 
1.049 
1.049 
1.045 
1.044 
1.042 
1.039 
1.037 
1.038 
1.036 
1.034 
1.032 
1.029 
1.024 
1.024 
1.023 
1.022 
1.02 
1.015 
1.008 
1.012 
1.029 
1.007 
1.005 
1.005 
1.005 
1.005 
1.004 
1.003 
1.0 
0.997 
h 
0.929 
0.92 
0.909 
0.902 
0.9 
0.898 
0.895 
0.889 
0.88 
0.865 
0.84 
0.812 
0.796 
0.787 
0.775 
0.764 
0.757 
0.741 
0.727 
0.7 
0.654 
0.596 
0.573 
0.562 
0.539 
0.528 
0.519 
0.51 
0.497 
0.48 
0.447 
0.389 
0.296 
