26.444,NA
26.337,NA
26.048,NA
25.543,NA
25.214,NA
25.19,NA
25.148,NA
25.111,NA
25.099,NA
25.086,NA
25.084,NA
25.08,NA
25.072,25.532
24.223,NA
24.178,NA
24.085,NA
23.88,NA
23.472,NA
22.755,NA
21.799,NA
21.344,NA
21.021,NA
20.501,NA
19.726,NA
18.817,NA
21.502,NA
17.633,NA
16.726,NA
16.612,NA
16.396,NA
16.058,NA
15.662,NA
15.031,NA
14.163,NA
13.673,NA
27.365,NA
13.565,NA
13.588,NA
13.475,NA
13.463,NA
13.437,NA
13.384,NA
13.286,NA
13.132,NA
13.061,NA
12.999,NA
12.968,NA
12.918,NA
12.843,NA
12.721,NA
12.69,NA
12.695,NA
12.591,NA
12.58,NA
12.56,NA
12.532,NA
12.496,NA
12.465,NA
12.505,NA
12.446,NA
12.442,NA
12.434,NA
12.419,NA
12.396,NA
12.369,NA
12.356,NA
12.424,NA
12.339,NA
12.325,NA
12.324,12.784
11.522,NA
11.478,NA
11.415,NA
11.364,NA
11.294,NA
11.16,NA
10.931,NA
10.545,NA
10.006,NA
9.546,NA
8.955,NA
9.613,NA
8.796,NA
8.709,NA
8.705,NA
8.696,NA
8.677,NA
8.644,NA
8.596,NA
8.513,NA
8.427,NA
8.34,NA
8.174,NA
7.873,NA
7.717,NA
8.304,NA
7.446,NA
7.415,NA
7.355,NA
7.238,NA
7.021,NA
6.672,NA
8.406,NA
6.563,NA
6.533,NA
6.518,NA
6.488,NA
6.439,NA
6.364,NA
6.3,NA
6.28,NA
6.253,NA
6.235,NA
6.214,NA
6.191,NA
6.177,NA
6.166,NA
6.148,NA
6.132,NA
6.11,NA
6.082,NA
6.059,NA
6.049,NA
6.034,NA
6.01,NA
5.98,NA
5.926,NA
5.934,NA
5.883,NA
5.865,NA
5.862,NA
5.859,NA
5.853,NA
5.844,NA
5.826,NA
5.794,NA
5.743,NA
5.793,NA
5.712,NA
5.695,NA
5.692,NA
5.688,NA
5.679,NA
5.663,NA
5.638,NA
5.608,NA
5.627,NA
5.591,NA
5.586,NA
5.578,NA
5.563,NA
5.542,NA
5.504,NA
5.527,NA
5.491,NA
5.467,NA
5.465,NA
5.46,NA
5.451,NA
5.436,NA
5.421,NA
5.418,NA
5.411,NA
5.408,NA
5.402,NA
5.393,NA
5.384,NA
5.377,NA
5.371,NA
5.369,5.829
5.356,NA
5.35,NA
5.339,NA
5.323,NA
5.298,NA
5.261,NA
5.204,NA
5.107,NA
4.984,NA
4.925,NA
4.878,NA
4.832,NA
4.787,NA
4.749,NA
4.735,NA
4.721,NA
4.708,NA
4.691,NA
4.671,NA
4.659,NA
4.67,NA
4.729,NA
4.66,NA
4.66,NA
4.659,NA
4.657,5.117
4.515,NA
4.507,NA
4.493,NA
4.469,NA
4.44,NA
4.407,NA
4.301,NA
4.169,NA
3.989,NA
3.902,NA
3.837,NA
3.734,NA
3.633,NA
3.572,NA
3.647,NA
3.453,NA
3.413,NA
3.371,NA
3.311,NA
3.247,NA
3.245,NA
3.457,NA
3.136,NA
3.115,NA
3.087,NA
3.053,NA
3.032,NA
3.0,NA
2.967,NA
2.994,NA
2.951,NA
2.942,NA
2.925,NA
2.898,NA
2.865,NA
2.838,NA
2.808,NA
2.796,NA
2.781,NA
2.764,NA
2.747,NA
2.718,NA
2.693,NA
2.664,NA
2.644,NA
2.623,NA
2.607,NA
2.604,NA
2.585,NA
2.571,NA
2.549,NA
2.529,NA
2.517,NA
2.503,NA
2.488,NA
2.472,NA
2.45,NA
2.415,NA
2.382,NA
2.462,NA
2.37,NA
2.324,NA
2.319,NA
2.315,NA
2.312,NA
2.307,NA
2.3,NA
2.293,NA
2.301,NA
2.281,NA
2.276,NA
2.268,NA
2.252,NA
2.227,NA
2.216,NA
2.206,NA
2.198,NA
2.194,NA
2.188,NA
2.179,NA
2.165,NA
2.145,NA
2.137,NA
2.124,NA
2.118,NA
2.116,NA
2.112,NA
2.106,NA
2.096,NA
2.081,NA
2.068,NA
2.088,NA
2.055,NA
2.052,NA
2.047,NA
2.037,NA
2.022,NA
1.998,NA
1.988,NA
2.059,2.519
1.617,NA
1.6,NA
1.579,NA
1.567,NA
1.557,NA
1.545,NA
1.528,NA
1.489,NA
1.426,NA
1.322,NA
1.194,NA
1.132,NA
1.059,NA
1.023,NA
1.011,NA
0.998,NA
0.986,NA
0.969,NA
0.956,NA
0.948,NA
0.935,NA
0.917,NA
0.9,NA
0.898,NA
0.894,NA
0.889,NA
0.888,NA
0.887,NA
0.886,NA
0.886,NA
0.885,NA
0.884,NA
0.883,NA
0.88,NA
0.88,NA
0.877,NA
0.877,NA
0.876,NA
0.875,NA
0.873,NA
0.871,NA
0.868,NA
0.868,NA
0.868,NA
0.866,NA
0.866,NA
0.865,NA
0.864,NA
0.862,NA
0.86,1.32
0.8,NA
0.799,NA
0.798,NA
0.797,NA
0.796,NA
0.794,NA
0.789,NA
0.779,NA
0.762,NA
0.731,NA
0.687,NA
0.604,NA
0.493,NA
0.42,NA
0.388,NA
0.367,NA
0.378,NA
0.379,NA
0.344,NA
0.338,NA
0.33,NA
0.316,NA
