34.065 
33.692 
32.568 
30.012 
25.881 
25.311 
25.094 
25.088 
25.075 
25.054 
25.025 
25.051 
25.067 
25.008 
25.008 
25.007 
25.007 
25.007 
h 
24.391 
24.358 
24.27 
24.073 
23.676 
22.952 
21.873 
21.063 
20.835 
20.644 
20.479 
20.306 
19.983 
19.455 
18.911 
18.571 
17.993 
17.314 
17.295 
17.045 
16.86 
16.77 
16.608 
16.329 
15.956 
15.697 
15.611 
15.484 
15.388 
15.279 
15.078 
14.813 
14.676 
14.598 
14.557 
14.512 
14.426 
14.266 
14.044 
13.669 
13.851 
15.926 
13.168 
13.146 
13.116 
13.079 
13.034 
12.991 
12.94 
12.857 
12.781 
13.253 
12.737 
12.732 
12.725 
12.716 
12.702 
12.69 
12.674 
12.666 
12.653 
h 
12.126 
12.07 
12.045 
11.994 
11.896 
11.706 
11.369 
10.886 
10.503 
10.073 
9.709 
9.195 
8.946 
12.148 
8.828 
8.805 
8.759 
8.68 
8.532 
8.273 
7.931 
7.61 
11.528 
7.506 
7.492 
7.48 
7.468 
7.444 
7.397 
7.314 
7.184 
7.013 
7.103 
6.969 
6.879 
6.862 
6.834 
6.796 
6.738 
6.685 
6.662 
6.648 
6.626 
6.602 
6.574 
6.546 
6.493 
6.471 
6.438 
6.421 
6.411 
6.402 
6.386 
6.358 
6.333 
6.323 
6.315 
6.306 
6.285 
6.245 
6.174 
6.047 
5.848 
6.629 
10.084 
5.613 
5.607 
5.598 
5.585 
5.567 
5.559 
5.574 
5.539 
5.536 
5.53 
5.519 
5.5 
5.487 
5.482 
5.478 
5.472 
5.462 
5.443 
5.437 
5.441 
5.414 
5.411 
5.405 
5.394 
5.376 
5.348 
5.358 
5.49 
5.318 
5.317 
5.314 
5.31 
5.302 
5.305 
5.296 
h 
5.212 
5.208 
5.201 
5.189 
5.171 
5.155 
5.11 
5.055 
5.011 
4.97 
4.922 
4.89 
4.87 
4.854 
4.825 
4.784 
4.78 
4.809 
4.737 
4.73 
4.715 
4.688 
4.64 
4.581 
4.554 
4.69 
4.511 
4.506 
4.497 
4.481 
4.463 
4.445 
4.436 
4.429 
4.419 
4.401 
4.37 
4.328 
4.638 
4.387 
4.252 
4.249 
4.244 
4.235 
4.223 
4.201 
4.214 
4.2 
4.181 
4.178 
4.172 
4.163 
4.144 
4.11 
4.049 
3.968 
4.92 
3.944 
3.941 
3.94 
3.937 
3.928 
3.922 
3.918 
3.911 
3.918 
h 
3.357 
3.346 
3.333 
3.318 
3.3 
3.272 
3.238 
3.174 
3.058 
2.866 
2.614 
2.5 
2.681 
2.346 
2.32 
2.28 
2.215 
2.184 
2.148 
2.15 
2.12 
2.115 
2.106 
2.093 
2.092 
2.086 
2.081 
2.08 
2.079 
2.078 
2.077 
2.075 
h 
1.978 
1.976 
1.97 
1.967 
1.962 
1.951 
1.93 
1.892 
1.826 
1.847 
1.741 
1.722 
1.696 
1.65 
1.595 
1.593 
1.582 
1.569 
1.546 
1.52 
1.48 
1.544 
1.473 
1.471 
1.469 
1.467 
1.463 
1.459 
1.443 
1.436 
1.442 
1.398 
1.382 
1.362 
1.331 
1.311 
1.411 
1.282 
1.278 
1.271 
1.261 
1.25 
1.257 
1.448 
1.241 
1.236 
1.231 
1.221 
1.203 
1.189 
1.181 
1.172 
1.173 
1.172 
1.17 
1.164 
1.16 
1.153 
1.138 
1.152 
1.177 
1.125 
1.126 
1.125 
1.122 
1.119 
1.122 
1.117 
1.115 
1.11 
1.105 
1.097 
1.083 
1.057 
1.112 
1.24 
1.034 
1.03 
1.028 
1.025 
1.019 
1.02 
1.009 
1.007 
1.007 
1.006 
1.004 
1.005 
1.005 
1.003 
1.0 
0.997 
0.994 
0.993 
