27.215 
27.09 
26.745 
26.117 
25.583 
25.553 
25.493 
25.383 
25.215 
25.33 
25.154 
25.099 
25.09 
25.077 
25.063 
25.053 
25.043 
h 
24.003 
23.963 
23.873 
23.697 
23.343 
22.707 
21.793 
21.168 
20.714 
20.363 
19.942 
19.513 
18.848 
18.629 
19.24 
17.147 
16.726 
16.368 
15.794 
15.24 
17.239 
15.125 
15.099 
15.05 
14.954 
14.782 
14.518 
14.345 
15.536 
14.093 
14.04 
13.971 
13.855 
13.66 
13.424 
13.316 
13.857 
13.234 
13.216 
13.191 
13.158 
13.138 
13.283 
13.105 
13.093 
13.083 
13.064 
13.03 
12.974 
12.964 
12.935 
12.92 
12.916 
12.91 
12.898 
12.875 
12.834 
12.766 
12.785 
13.178 
12.693 
12.69 
12.684 
12.672 
12.656 
12.678 
12.65 
12.65 
12.648 
h 
11.609 
11.565 
11.512 
11.483 
11.439 
11.352 
11.194 
10.952 
10.706 
10.57 
10.528 
10.478 
10.442 
10.385 
10.311 
10.175 
9.98 
9.732 
9.838 
9.609 
9.541 
9.521 
9.513 
9.503 
9.483 
9.446 
9.371 
9.226 
8.956 
8.489 
8.022 
17.002 
7.829 
7.811 
7.794 
7.761 
7.703 
7.615 
7.545 
7.534 
7.377 
7.346 
7.307 
7.245 
7.158 
7.122 
7.097 
7.072 
7.051 
7.025 
6.982 
6.963 
6.918 
6.9 
6.867 
6.819 
6.768 
6.672 
6.515 
7.335 
6.665 
6.406 
6.395 
6.381 
6.361 
6.325 
6.255 
6.135 
5.974 
7.192 
7.204 
5.883 
5.88 
5.874 
5.862 
5.84 
5.805 
5.768 
5.744 
5.721 
5.744 
5.724 
5.71 
5.704 
5.693 
5.676 
5.66 
5.644 
5.626 
5.608 
5.603 
5.591 
5.585 
5.578 
5.564 
5.545 
5.516 
5.5 
5.786 
5.474 
h 
5.22 
5.203 
5.175 
5.148 
5.125 
5.106 
5.071 
5.005 
4.888 
4.695 
4.49 
4.768 
4.567 
4.46 
4.449 
4.444 
4.44 
4.435 
4.427 
4.417 
4.401 
4.386 
4.376 
4.367 
4.352 
4.345 
4.342 
4.335 
4.329 
4.319 
4.301 
4.289 
4.291 
4.372 
4.283 
4.282 
4.282 
4.281 
4.28 
4.276 
4.27 
4.26 
4.241 
h 
3.944 
3.859 
3.853 
3.846 
3.833 
3.815 
3.79 
3.742 
3.656 
3.511 
3.334 
3.409 
3.509 
3.184 
3.141 
3.07 
2.976 
2.967 
2.912 
2.892 
2.865 
2.83 
2.79 
2.746 
2.705 
2.649 
2.635 
3.132 
2.542 
2.521 
2.486 
2.436 
2.419 
2.409 
2.387 
2.379 
2.365 
2.337 
2.287 
2.218 
2.377 
2.489 
2.212 
2.189 
2.164 
2.137 
2.12 
2.103 
2.083 
2.064 
2.052 
2.043 
2.032 
2.018 
2.008 
1.996 
1.977 
1.951 
1.939 
1.924 
1.918 
1.907 
1.892 
1.877 
1.852 
1.835 
1.929 
1.81 
1.806 
1.798 
1.783 
1.756 
1.735 
1.765 
1.702 
1.697 
1.688 
1.673 
1.646 
1.627 
1.685 
1.61 
1.608 
1.604 
1.595 
1.579 
1.553 
1.622 
1.534 
1.526 
1.523 
1.52 
1.515 
1.509 
1.503 
1.5 
1.492 
1.486 
1.478 
1.465 
h 
1.359 
1.347 
1.348 
1.336 
1.328 
1.313 
1.283 
1.229 
1.134 
0.995 
0.895 
