28.592 
28.322 
27.567 
26.15 
25.058 
25.036 
25.032 
25.025 
25.016 
25.004 
25.003 
25.078 
25.0 
h 
23.379 
23.361 
23.298 
23.153 
22.868 
22.349 
21.509 
20.43 
20.075 
20.231 
19.445 
19.292 
19.123 
18.88 
18.412 
17.602 
16.447 
19.72 
16.128 
16.049 
15.902 
15.689 
15.626 
15.505 
15.337 
15.242 
15.08 
14.894 
14.699 
14.536 
15.559 
14.478 
14.461 
14.424 
14.354 
14.23 
14.046 
13.893 
14.712 
13.857 
13.842 
13.815 
13.763 
13.683 
13.582 
13.512 
13.471 
13.463 
13.448 
13.417 
13.356 
13.246 
13.068 
12.946 
15.595 
12.797 
12.781 
12.775 
12.766 
12.749 
12.723 
12.769 
12.694 
12.663 
12.66 
12.654 
12.643 
12.624 
12.599 
12.695 
12.602 
12.565 
h 
11.69 
11.679 
11.655 
11.616 
11.551 
11.427 
11.202 
10.85 
10.503 
10.349 
10.247 
10.125 
10.072 
10.02 
9.926 
9.745 
9.411 
9.068 
10.509 
8.841 
8.803 
8.729 
8.587 
8.335 
8.401 
8.386 
8.032 
8.008 
7.964 
7.889 
7.782 
7.596 
7.264 
6.754 
14.943 
6.726 
6.716 
6.705 
6.686 
6.656 
6.639 
6.628 
6.62 
6.608 
6.594 
6.574 
6.56 
6.545 
6.527 
6.508 
6.493 
6.476 
6.456 
6.436 
6.425 
6.406 
6.378 
6.33 
6.285 
6.408 
6.257 
6.25 
6.238 
6.219 
6.206 
6.193 
6.189 
6.184 
6.179 
6.166 
6.142 
6.099 
6.088 
6.111 
6.043 
6.039 
6.031 
6.022 
6.011 
5.993 
5.97 
6.03 
5.951 
5.947 
5.94 
5.93 
5.918 
5.915 
5.908 
5.9 
5.891 
5.883 
5.873 
5.865 
5.875 
5.853 
5.849 
5.843 
5.833 
h 
5.391 
5.285 
5.274 
5.265 
5.248 
5.22 
5.182 
5.131 
5.056 
4.972 
4.937 
4.887 
4.824 
4.799 
4.782 
4.774 
4.758 
4.731 
4.693 
4.716 
4.65 
4.648 
4.639 
4.634 
4.626 
4.614 
4.597 
4.583 
4.58 
4.57 
4.565 
4.558 
4.545 
4.528 
4.545 
4.528 
4.509 
4.508 
4.507 
4.505 
4.5 
4.493 
h 
4.193 
4.151 
4.142 
4.132 
4.12 
4.093 
4.042 
3.951 
3.785 
3.584 
3.496 
3.368 
3.212 
3.322 
3.533 
2.993 
2.98 
2.961 
2.938 
2.897 
2.836 
2.786 
2.78 
2.735 
2.704 
2.661 
2.626 
2.597 
2.562 
2.526 
2.535 
2.479 
2.444 
2.44 
2.434 
2.424 
2.419 
2.418 
2.407 
2.398 
2.382 
2.356 
2.342 
2.322 
2.299 
2.263 
2.223 
2.251 
2.254 
2.195 
2.19 
2.183 
2.167 
2.14 
2.096 
2.05 
2.177 
2.031 
2.025 
2.014 
1.994 
1.961 
1.913 
1.898 
2.406 
1.849 
1.844 
1.837 
1.83 
1.817 
1.796 
1.764 
1.741 
1.785 
1.733 
1.731 
1.728 
1.723 
1.714 
1.703 
1.714 
1.711 
1.682 
1.681 
1.679 
1.675 
1.667 
1.655 
1.64 
1.615 
1.584 
1.696 
1.596 
1.549 
1.548 
1.545 
1.54 
1.534 
1.527 
1.522 
h 
1.386 
1.378 
1.373 
1.366 
1.358 
1.343 
1.321 
1.285 
1.251 
1.173 
1.101 
1.093 
1.087 
1.076 
1.06 
1.038 
1.002 
0.951 
0.917 
1.11 
0.979 
0.902 
0.895 
0.891 
0.886 
0.881 
0.875 
0.874 
0.872 
0.87 
0.866 
0.862 
0.859 
0.858 
0.85 
0.848 
0.844 
0.839 
0.833 
0.833 
0.848 
0.827 
0.827 
0.826 
0.825 
0.823 
0.821 
0.82 
0.827 
0.817 
0.816 
0.815 
0.814 
0.812 
0.809 
0.804 
0.8 
0.8 
0.799 
0.797 
0.795 
0.792 
0.788 
0.783 
0.775 
0.772 
0.893 
0.765 
0.764 
0.764 
0.763 
0.763 
0.762 
0.76 
0.757 
0.753 
0.749 
0.746 
0.745 
0.743 
0.74 
0.737 
0.735 
0.741 
0.733 
0.733 
0.733 
0.732 
0.732 
0.731 
h 
0.626 
0.618 
0.611 
