25.38 
25.378 
25.373 
25.361 
25.337 
25.291 
25.207 
25.09 
25.128 
25.099 
25.032 
25.031 
25.029 
25.025 
25.021 
25.015 
h 
24.091 
24.029 
23.944 
23.764 
23.403 
22.734 
21.694 
20.752 
20.094 
19.675 
19.252 
18.475 
17.393 
16.634 
18.964 
16.156 
16.006 
15.888 
15.667 
15.284 
15.235 
15.04 
14.794 
14.75 
14.679 
14.568 
14.43 
14.337 
14.252 
14.213 
14.179 
14.144 
14.095 
14.005 
13.876 
13.841 
14.934 
13.775 
13.767 
13.75 
13.716 
13.657 
13.566 
13.485 
13.657 
13.597 
13.45 
13.445 
13.437 
13.428 
13.411 
13.382 
13.339 
13.287 
13.24 
13.205 
13.192 
13.181 
13.165 
13.151 
13.137 
13.112 
13.085 
13.077 
13.393 
13.067 
13.065 
13.059 
13.048 
13.028 
12.991 
12.939 
13.0 
12.936 
12.919 
12.919 
12.918 
12.915 
12.91 
12.906 
12.894 
12.879 
h 
11.899 
11.741 
11.694 
11.635 
11.539 
11.426 
11.247 
10.947 
10.557 
10.207 
9.717 
9.671 
9.493 
9.364 
9.346 
9.319 
9.263 
9.167 
9.019 
8.827 
9.163 
8.709 
8.678 
8.622 
8.522 
8.352 
8.399 
8.216 
8.175 
8.105 
8.01 
7.874 
7.637 
7.245 
8.014 
10.919 
6.894 
6.873 
6.859 
6.83 
6.775 
6.677 
6.528 
6.433 
7.313 
6.371 
6.362 
6.347 
6.318 
6.268 
6.184 
6.082 
8.521 
6.065 
6.061 
6.06 
6.057 
6.052 
6.042 
6.024 
5.998 
5.963 
5.964 
6.04 
5.91 
5.906 
5.899 
5.888 
5.87 
5.856 
5.873 
5.848 
5.847 
5.846 
5.847 
5.844 
5.841 
5.835 
5.825 
5.813 
h 
5.667 
5.624 
5.622 
5.62 
5.615 
5.605 
5.588 
5.562 
5.519 
5.451 
5.387 
5.402 
5.35 
5.343 
5.332 
5.316 
5.295 
5.27 
5.265 
5.243 
5.235 
5.222 
5.206 
5.199 
5.192 
5.181 
5.16 
5.128 
5.123 
5.106 
5.092 
5.087 
5.078 
5.062 
5.031 
4.974 
4.92 
5.348 
4.879 
4.873 
4.865 
4.855 
4.841 
4.822 
4.811 
4.793 
4.787 
4.782 
4.775 
4.772 
4.769 
4.764 
4.757 
4.749 
4.744 
4.794 
4.739 
4.737 
h 
4.679 
4.674 
4.662 
4.64 
4.6 
4.633 
4.538 
4.475 
4.371 
4.241 
4.233 
4.265 
4.2 
4.194 
4.183 
4.164 
4.128 
4.078 
4.041 
3.992 
3.948 
4.052 
3.873 
3.853 
3.82 
3.776 
3.741 
3.693 
3.663 
3.649 
3.627 
3.6 
3.566 
3.527 
3.512 
3.463 
3.443 
3.431 
3.421 
3.405 
3.385 
3.357 
3.318 
3.322 
3.306 
3.28 
3.269 
3.247 
3.21 
3.158 
3.154 
3.28 
3.117 
3.116 
3.112 
3.107 
3.098 
3.08 
3.059 
3.044 
3.023 
2.996 
2.999 
2.963 
2.952 
2.936 
2.92 
2.913 
2.901 
2.884 
2.873 
2.869 
2.857 
2.853 
2.846 
2.834 
2.818 
2.808 
2.821 
2.79 
2.786 
2.777 
2.763 
2.747 
2.725 
2.696 
2.701 
2.701 
2.671 
2.669 
2.666 
2.659 
2.652 
2.646 
2.636 
2.619 
2.598 
2.591 
2.595 
2.574 
h 
2.552 
2.547 
2.537 
2.525 
2.512 
2.487 
2.439 
2.357 
2.236 
2.03 
1.852 
1.713 
1.623 
1.575 
1.526 
1.473 
1.441 
1.403 
1.37 
1.349 
1.328 
1.306 
1.287 
1.277 
1.266 
1.262 
1.259 
1.253 
1.244 
1.233 
1.228 
1.219 
1.203 
1.185 
1.33 
1.265 
1.189 
1.178 
1.172 
1.166 
1.162 
1.159 
1.156 
1.157 
1.156 
1.154 
1.153 
1.152 
1.15 
1.148 
1.142 
1.143 
1.135 
1.133 
1.129 
1.124 
1.122 
1.118 
1.114 
1.114 
1.113 
1.112 
1.111 
1.11 
1.108 
1.104 
1.1 
1.099 
1.094 
1.092 
1.089 
1.084 
1.083 
1.08 
1.08 
1.08 
1.08 
1.079 
1.078 
1.076 
1.073 
1.069 
1.066 
1.068 
1.062 
1.061 
1.06 
1.058 
1.054 
1.049 
1.048 
1.046 
1.045 
1.044 
1.043 
1.042 
1.04 
1.036 
1.029 
1.016 
h 
0.984 
0.974 
0.929 
0.926 
0.921 
0.912 
0.906 
0.903 
0.894 
0.886 
0.873 
0.857 
0.837 
0.809 
0.79 
0.765 
0.835 
0.747 
0.744 
0.741 
0.74 
0.739 
0.732 
0.731 
0.729 
0.724 
0.714 
0.701 
0.698 
0.692 
0.685 
0.683 
0.68 
0.675 
0.667 
0.659 
0.683 
0.655 
0.652 
0.649 
0.648 
0.646 
0.646 
0.646 
0.645 
0.644 
0.641 
0.638 
0.633 
0.63 
0.631 
0.626 
0.625 
0.623 
0.621 
0.62 
0.617 
0.612 
0.617 
0.615 
0.606 
0.605 
0.604 
0.602 
0.599 
0.596 
0.599 
0.593 
0.592 
0.59 
0.587 
0.583 
0.584 
0.578 
0.578 
0.578 
0.577 
0.577 
0.575 
0.573 
0.569 
0.566 
0.569 
0.564 
0.563 
0.562 
0.56 
0.557 
0.551 
0.541 
0.675 
0.555 
0.533 
0.531 
0.529 
0.528 
0.528 
0.527 
0.525 
0.526 
h 
0.435 
0.435 
0.435 
0.433 
0.43 
0.426 
0.419 
0.415 
0.407 
0.41 
0.362 
0.315 
