28.129 
26.049 26.009 25.899 25.701 25.507 25.491 25.464 25.421 h 22.129 21.776 21.633 21.512 21.257 20.763 19.865 18.457 h 16.552 16.471 16.203 15.629 15.356 14.887 14.262 13.789 h 13.663 13.557 13.532 13.505 13.455 13.367 13.208 12.974 h 12.423 12.482 12.39 12.362 12.302 12.179 11.94 11.503 h 8.775 8.227 8.589 8.172 7.545 7.301 6.894 6.32 h 5.617 5.593 5.57 5.556 5.525 5.479 5.412 5.296 h 4.662 4.577 4.544 4.52 4.488 4.428 4.322 4.186 h 4.062 3.946 3.858 3.844 3.819 3.77 3.683 3.546 h 3.647 3.24 3.119 3.045 2.999 3.067 2.997 2.991 h 2.611 2.553 2.475 2.457 2.454 2.443 2.419 2.379 h 2.174 2.069 1.923 1.828 1.774 1.752 
31.611 
25.82 25.784 25.684 25.51 25.36 25.355 25.344 25.322 h 22.747 22.617 22.458 22.345 22.135 21.772 21.166 20.451 h 19.298 19.137 18.921 18.598 18.046 17.334 16.307 15.373 h 13.565 15.425 13.086 12.757 12.627 12.474 12.217 11.848 11.557 11.297 h 10.701 10.453 10.578 10.27 9.969 9.635 9.011 7.987 h 6.705 6.456 6.339 6.28 6.237 6.195 6.171 6.084 h 5.536 5.522 5.498 5.483 5.46 5.424 5.36 5.232 h 4.898 4.794 4.706 4.675 4.649 4.624 4.609 4.515 h 3.868 3.833 3.807 3.777 3.726 3.646 3.59 3.467 h 2.954 2.641 2.279 2.26 2.165 
26.547 26.4 26.0 25.311 24.908 24.903 24.903 24.903 h 24.027 23.983 23.874 23.653 23.219 22.411 21.136 19.918 h 16.097 15.527 15.408 14.904 14.437 13.711 12.621 11.498 h 10.254 10.455 10.391 10.147 10.08 10.019 9.982 9.948 9.943 9.983 h 9.743 9.728 9.721 9.713 9.696 9.662 9.603 9.484 h 9.009 8.699 8.657 8.599 8.475 8.346 8.109 7.713 h 6.439 6.393 6.344 6.3 6.242 6.188 6.088 5.911 h 5.309 5.291 5.163 5.143 5.106 5.045 4.954 5.16 h 4.967 4.852 4.851 4.851 4.855 4.85 4.838 4.827 h 4.552 4.523 4.492 4.449 4.389 4.413 4.262 4.181 h 
25.682 25.659 25.599 25.491 25.391 25.383 25.365 25.332 h 22.636 22.265 22.126 22.017 21.784 21.319 20.439 18.944 h 16.002 23.143 15.762 15.634 15.461 15.206 14.783 14.257 14.025 13.912 h 13.106 13.086 13.064 13.046 13.01 12.939 12.825 12.639 h 11.686 11.604 11.505 11.424 11.327 11.136 10.774 10.141 h 9.391 9.785 8.608 8.53 8.409 8.304 8.198 8.055 7.907 7.771 h 6.665 6.582 6.479 6.358 6.326 6.295 6.162 6.056 h 5.699 5.551 5.547 5.535 5.519 5.501 5.475 5.43 h 4.711 4.597 4.626 4.535 4.51 4.471 4.407 4.283 h 3.9 3.724 3.878 3.658 3.651 3.642 3.63 3.612 h 3.046 3.032 3.012 2.991 2.955 2.899 2.815 2.677 h 2.17 2.33 2.128 2.11 2.082 2.064 2.051 2.024 2.002 1.981 h 1.891 1.901 1.892 1.875 1.835 1.763 1.854 1.661 h 1.489 1.379 1.253 1.208 1.128 1.017 1.009 1.146 h 0.902 0.853 0.795 0.777 0.749 0.716 0.687 0.649 h 0.487 0.417 0.348 
25.492 25.485 25.466 25.426 25.363 25.281 25.139 24.946 h 23.985 24.128 23.84 23.646 23.26 22.574 21.602 21.038 h 20.741 20.353 20.01 19.264 18.507 17.785 16.697 15.897 h 15.137 14.857 14.47 14.112 13.885 13.823 13.214 12.707 h 10.21 10.092 9.966 9.852 9.679 9.432 8.974 8.159 h 5.574 5.275 4.877 4.822 4.713 4.689 4.697 4.691 h 4.446 4.451 4.454 4.443 4.416 4.364 4.501 4.28 4.184 4.033 3.993 3.955 3.948 3.934 3.91 h 3.853 3.775 3.659 3.668 3.635 3.837 3.382 3.294 h 2.901 2.797 2.711 2.689 2.669 2.648 2.608 2.535 h 2.354 2.307 2.268 2.208 2.112 2.017 2.39 1.978 1.962 1.94 1.902 1.859 1.826 1.801 1.751 h 1.471 1.392 1.247 1.215 1.129 1.057 1.029 1.014 h 0.998 0.97 0.93 0.874 0.914 0.844 0.841 0.828 h 0.792 0.769 
25.294 25.279 25.239 25.172 25.118 25.092 25.064 25.038 h 23.139 23.039 22.939 22.782 22.457 21.836 20.791 19.483 h 17.991 17.655 17.403 16.948 16.309 15.38 14.217 13.655 h 12.792 14.157 13.289 12.559 12.338 12.044 11.587 10.954 10.532 10.527 h 9.456 9.389 9.349 9.297 9.187 8.968 8.552 7.867 h 7.202 6.929 6.628 6.477 6.208 5.802 5.45 5.706 h 5.344 5.22 5.203 5.189 5.164 5.129 5.08 5.027 h 4.813 4.626 4.613 4.587 4.539 4.481 4.378 4.213 h 3.481 3.382 3.338 3.296 3.237 3.157 3.106 3.016 h 2.701 2.642 2.563 2.62 2.55 2.496 2.475 2.445 h 2.061 2.038 2.024 2.024 1.996 1.944 1.869 1.841 h 1.63 1.566 1.483 
27.411 27.251 26.814 26.042 25.464 25.435 25.378 25.28 h 22.889 22.474 22.403 22.257 21.987 21.53 21.008 20.402 h 17.392 17.226 17.027 16.881 16.597 16.083 15.301 14.483 h 14.106 14.094 14.041 14.028 14.003 13.956 13.875 13.77 h 13.477 13.446 13.405 13.32 13.151 12.845 12.342 11.915 h 9.35 9.135 8.999 8.896 8.78 8.629 8.496 8.291 h 7.628 7.58 7.504 7.383 7.242 7.065 7.022 7.016 h 5.898 5.833 5.755 5.665 5.602 5.484 5.299 5.049 h 4.517 4.407 4.25 4.186 4.035 4.231 4.027 4.024 h 3.964 3.966 3.972 3.963 3.948 3.93 3.91 3.876 h 3.741 3.675 3.765 3.573 3.549 3.516 3.492 3.456 h 3.342 3.246 3.182 3.164 3.138 3.09 3.029 3.073 h 
26.68 26.534 26.133 25.421 24.966 24.955 24.954 24.954 h 22.808 22.718 22.538 22.3 22.15 21.948 21.554 20.852 h 17.461 18.018 18.03 16.716 16.529 16.194 15.688 15.279 15.091 14.817 h 14.548 14.763 14.422 14.309 14.131 13.835 13.312 12.562 12.126 12.022 h 11.11 11.007 10.881 10.798 10.685 10.496 10.141 9.53 h 7.644 7.475 7.317 7.126 6.832 6.39 6.033 5.877 h 4.676 4.629 4.585 4.525 4.501 4.481 4.447 4.383 h 3.985 3.898 3.771 3.684 3.682 3.637 3.625 3.609 h 3.452 3.387 3.235 3.403 3.337 3.343 3.276 3.26 h 3.213 3.22 3.184 3.131 3.104 3.071 3.03 2.997 h 2.919 2.907 2.901 2.885 2.867 2.844 2.837 2.811 h 
29.122 
25.9 25.808 25.56 25.141 24.91 24.907 24.907 24.906 h 23.661 23.625 23.542 23.389 23.081 22.491 21.473 20.056 h 19.033 20.158 18.314 17.942 17.423 16.7 15.913 15.58 15.207 14.662 h 12.941 12.849 13.041 12.765 12.66 12.529 12.314 12.034 h 10.645 10.428 10.255 10.164 9.999 9.732 9.228 8.352 h 5.403 5.789 5.899 4.994 4.927 4.812 4.624 4.378 4.176 4.138 4.115 h 3.904 3.861 3.831 3.805 3.758 3.681 3.578 3.431 h 3.098 2.874 2.844 2.798 2.707 2.618 2.504 2.511 h 2.151 2.069 2.109 2.074 2.048 2.038 2.037 2.04 h 1.838 1.843 1.848 1.847 1.842 1.826 1.794 1.809 h 1.527 1.437 1.315 1.27 1.261 1.247 1.234 1.22 h 1.138 1.104 1.058 1.03 0.997 0.974 0.942 0.883 h 0.697 0.572 
28.856 28.574 27.777 26.251 24.976 24.964 24.96 24.952 h 24.374 24.328 24.253 24.099 23.776 23.139 21.982 20.198 h 16.866 21.674 16.592 16.368 16.03 15.505 14.839 14.191 14.093 14.045 h 13.694 13.634 13.542 13.448 13.428 13.406 13.359 13.27 h 13.012 12.71 12.309 12.062 12.127 11.355 10.757 9.836 h 9.063 8.702 8.487 8.445 8.336 8.268 8.24 8.225 h 7.907 7.857 7.787 7.71 7.652 7.64 7.529 7.407 h 7.154 7.07 6.976 6.868 6.946 6.716 6.642 6.534 h 6.105 6.051 6.031 5.999 5.947 5.879 5.761 5.575 h 
30.698 30.36 29.384 27.41 25.335 25.291 25.254 25.23 h 23.35 23.062 22.906 22.764 22.473 21.922 21.012 19.975 h 18.394 18.189 18.003 17.734 17.251 16.479 15.555 19.965 14.864 14.673 14.554 14.381 14.131 14.009 13.713 13.549 h 11.524 11.538 11.308 11.164 10.876 10.357 9.531 8.473 h 7.508 7.303 6.948 6.865 6.745 6.685 6.549 6.361 h 6.033 5.754 5.733 5.646 5.629 5.611 5.58 5.533 h 5.317 5.288 5.283 5.27 5.247 5.209 5.154 5.132 h 4.918 4.729 4.715 4.7 4.677 4.68 4.67 4.656 h 
25.235 25.233 25.228 25.217 25.199 25.18 25.17 25.156 h 22.936 22.55 22.223 22.161 22.033 21.788 21.386 20.942 h 18.865 18.697 18.557 18.312 17.895 17.362 16.891 18.69 h 15.66 15.453 15.302 15.01 14.522 13.808 13.071 12.087 h 10.619 10.13 9.9 11.231 9.566 9.4 9.209 9.008 8.966 8.948 8.95 8.935 h 8.431 8.42 8.407 8.387 8.342 8.254 8.084 7.783 h 6.893 6.895 6.64 6.583 6.501 6.426 6.348 6.256 h 6.001 5.913 5.799 5.711 5.709 5.612 5.521 5.404 h 5.298 5.188 5.126 5.107 5.095 5.076 5.053 5.016 h 4.987 5.011 4.956 4.937 4.902 4.834 4.79 4.735 h 
31.602 31.16 29.886 27.343 24.952 24.945 24.931 24.907 h 22.957 22.578 22.538 22.456 22.283 21.941 21.314 20.313 h 17.908 18.202 18.462 16.797 16.383 15.677 14.697 13.909 13.771 13.752 13.749 h 12.735 12.633 12.57 12.552 12.516 12.439 12.286 12.016 h 9.586 9.561 9.361 9.259 9.061 8.717 8.26 7.597 h 6.895 6.818 6.784 6.769 6.762 6.749 6.727 6.689 h 6.436 6.35 6.343 6.355 6.337 6.324 6.293 6.24 h 5.924 5.938 5.893 5.852 5.831 5.791 5.689 5.51 h 
27.722 27.506 26.908 25.812 25.014 24.991 24.99 24.986 h 24.84 24.801 24.692 24.46 23.984 23.12 21.809 20.767 h 18.648 18.78 18.134 17.878 17.411 16.6 15.402 14.436 h 13.664 16.233 13.589 13.292 13.215 13.16 13.058 12.882 12.585 12.202 h 10.691 10.641 10.424 10.334 10.151 9.802 9.192 8.336 h 9.427 8.488 7.545 7.312 7.256 7.207 7.147 7.057 h 6.851 6.773 6.696 6.573 6.412 6.332 6.409 6.21 h 5.633 5.564 5.467 5.37 5.304 5.436 5.202 5.145 h 4.699 4.692 4.682 4.671 4.646 4.638 4.609 4.563 h 4.454 4.397 4.354 4.285 4.229 4.153 4.044 3.929 h 3.622 3.425 3.43 3.288 3.269 3.25 3.23 3.192 h 2.89 2.878 2.851 2.816 2.773 2.705 2.668 2.811 h 2.529 2.455 2.407 2.307 2.286 2.277 2.268 2.244 h 2.047 2.019 1.994 1.986 1.977 1.971 1.957 1.933 h 1.779 1.723 1.667 1.618 1.577 1.514 1.516 1.52 h 1.499 1.494 1.473 1.495 1.446 1.45 1.423 1.401 h 1.34 1.275 1.174 1.155 1.04 1.155 1.061 1.068 h 1.058 1.054 1.052 1.048 1.042 1.049 1.05 1.051 h 0.971 1.022 0.973 0.975 0.977 0.972 0.964 0.949 0.932 0.898 h 0.719 1.493 
27.79 27.561 26.928 25.774 24.971 24.946 24.943 24.94 h 24.721 24.681 24.591 24.389 23.987 23.28 22.318 21.923 h 21.676 21.319 20.95 20.426 19.422 17.894 15.935 14.569 h 13.085 13.251 12.955 12.885 12.763 12.592 12.436 12.368 12.303 12.262 h 11.947 11.935 11.92 11.889 11.825 11.728 11.545 11.252 h 9.249 9.23 9.186 9.09 8.887 8.563 8.079 7.397 h 6.005 5.951 5.922 5.92 5.902 5.864 5.807 5.716 h 5.194 5.218 5.264 4.959 4.94 4.903 4.835 4.721 4.586 4.538 4.502 h 3.965 3.975 3.961 3.957 3.948 3.93 3.905 3.865 h 3.757 3.734 3.639 3.634 3.622 3.615 3.587 3.565 h 3.48 3.648 3.464 3.443 3.404 3.34 3.107 3.396 
25.717 25.657 25.495 25.224 25.064 25.049 25.023 24.979 h 23.094 23.387 22.941 22.87 22.729 22.453 21.964 21.248 20.675 22.851 h 18.424 18.021 17.908 17.707 17.292 16.497 15.153 13.686 h 12.576 11.709 11.497 11.1 10.549 9.803 8.756 7.542 h 6.804 6.465 6.072 5.969 6.029 5.805 5.744 5.677 h 5.415 5.427 5.392 5.363 5.326 5.316 5.302 5.28 h 5.119 5.096 5.049 4.963 4.809 4.741 4.786 4.667 h 4.572 4.545 4.491 4.395 4.248 4.171 4.058 3.887 h 3.244 3.274 3.207 
26.267 26.165 25.886 25.395 25.067 25.051 25.029 24.998 h 22.569 22.382 22.247 21.996 21.63 21.528 20.758 20.091 h 16.911 16.644 16.44 16.202 15.795 15.098 14.198 13.793 h 13.309 13.221 13.189 13.172 13.139 13.088 12.994 12.817 h 12.053 11.702 11.405 11.615 11.149 10.914 10.5 9.889 h 8.444 8.347 8.164 7.884 7.646 7.515 7.124 6.816 h 6.191 6.125 6.077 6.022 5.979 5.913 5.827 5.705 h 5.419 5.372 5.302 5.225 5.185 5.368 5.132 5.108 h 4.708 4.672 4.654 4.625 4.6 4.554 4.476 4.356 h 3.974 3.953 3.881 3.841 3.78 3.694 3.592 3.628 h 3.333 3.205 3.172 3.153 3.119 3.056 2.961 2.859 h 2.037 1.985 1.908 1.797 1.662 1.828 1.59 1.514 h 1.415 1.39 1.38 1.363 1.335 1.294 1.25 1.187 h 1.075 0.974 0.942 0.915 0.882 0.865 0.844 0.817 h 0.861 0.726 0.686 0.685 0.674 0.66 0.635 0.595 h 0.271 
