25.294 
25.279 
25.239 
25.172 
25.118 
25.092 
25.064 
25.038 
h 
23.139 
23.039 
22.939 
22.782 
22.457 
21.836 
20.791 
19.483 
h 
17.991 
17.655 
17.403 
16.948 
16.309 
15.38 
14.217 
13.655 
h 
12.792 
14.157 
13.289 
12.559 
12.338 
12.044 
11.587 
10.954 
10.532 
10.527 
h 
9.456 
9.389 
9.349 
9.297 
9.187 
8.968 
8.552 
7.867 
h 
7.202 
6.929 
6.628 
6.477 
6.208 
5.802 
5.45 
5.706 
h 
5.344 
5.22 
5.203 
5.189 
5.164 
5.129 
5.08 
5.027 
h 
4.813 
4.626 
4.613 
4.587 
4.539 
4.481 
4.378 
4.213 
h 
3.481 
3.382 
3.338 
3.296 
3.237 
3.157 
3.106 
3.016 
h 
2.701 
2.642 
2.563 
2.62 
2.55 
2.496 
2.475 
2.445 
h 
2.061 
2.038 
2.024 
2.024 
1.996 
1.944 
1.869 
1.841 
h 
1.63 
1.566 
1.483 
