31.626 
31.265 
30.209 
27.978 
25.234 
25.125 
25.107 
25.086 
h 
22.642 
22.458 
22.342 
22.211 
21.996 
21.659 
21.162 
20.489 
h 
18.206 
17.895 
17.876 
17.467 
17.037 
16.29 
15.286 
14.602 
h 
13.958 
13.929 
13.916 
13.884 
13.82 
13.697 
13.468 
13.151 
h 
11.855 
11.694 
11.477 
11.288 
11.023 
10.97 
10.332 
9.648 
h 
8.315 
7.964 
7.675 
7.498 
7.279 
7.107 
6.824 
6.496 
h 
5.448 
5.272 
5.213 
5.177 
5.121 
5.052 
4.969 
4.94 
h 
4.318 
4.264 
4.189 
4.114 
4.069 
4.027 
3.977 
3.908 
h 
3.487 
3.414 
3.533 
3.349 
3.337 
3.315 
3.268 
3.186 
3.072 
3.174 
2.84 
h 
2.614 
2.596 
2.577 
2.556 
2.547 
2.536 
2.516 
2.489 
h 
2.398 
2.401 
2.35 
2.331 
2.325 
2.321 
2.313 
2.3 
h 
1.873 
1.862 
1.925 
1.806 
1.783 
1.758 
1.712 
1.628 
1.514 
1.302 
1.054 
h 
0.881 
0.87 
0.799 
0.792 
0.787 
0.773 
0.769 
0.769 
h 
0.604 
0.589 
0.578 
0.567 
0.551 
0.534 
0.513 
0.489 
h 
0.354 
