27.722 
27.506 
26.908 
25.812 
25.014 
24.991 
24.99 
24.986 
h 
24.84 
24.801 
24.692 
24.46 
23.984 
23.12 
21.809 
20.767 
h 
18.648 
18.78 
18.134 
17.878 
17.411 
16.6 
15.402 
14.436 
h 
13.664 
16.233 
13.589 
13.292 
13.215 
13.16 
13.058 
12.882 
12.585 
12.202 
h 
10.691 
10.641 
10.424 
10.334 
10.151 
9.802 
9.192 
8.336 
h 
9.427 
8.488 
7.545 
7.312 
7.256 
7.207 
7.147 
7.057 
h 
6.851 
6.773 
6.696 
6.573 
6.412 
6.332 
6.409 
6.21 
h 
5.633 
5.564 
5.467 
5.37 
5.304 
5.436 
5.202 
5.145 
h 
4.699 
4.692 
4.682 
4.671 
4.646 
4.638 
4.609 
4.563 
h 
4.454 
4.397 
4.354 
4.285 
4.229 
4.153 
4.044 
3.929 
h 
3.622 
3.425 
3.43 
3.288 
3.269 
3.25 
3.23 
3.192 
h 
2.89 
2.878 
2.851 
2.816 
2.773 
2.705 
2.668 
2.811 
h 
2.529 
2.455 
2.407 
2.307 
2.286 
2.277 
2.268 
2.244 
h 
2.047 
2.019 
1.994 
1.986 
1.977 
1.971 
1.957 
1.933 
h 
1.779 
1.723 
1.667 
1.618 
1.577 
1.514 
1.516 
1.52 
h 
1.499 
1.494 
1.473 
1.495 
1.446 
1.45 
1.423 
1.401 
h 
1.34 
1.275 
1.174 
1.155 
1.04 
1.155 
1.061 
1.068 
h 
1.058 
1.054 
1.052 
1.048 
1.042 
1.049 
1.05 
1.051 
h 
0.971 
1.022 
0.973 
0.975 
0.977 
0.972 
0.964 
0.949 
0.932 
0.898 
h 
0.719 
1.493 
