26.619 
26.504 
26.193 
25.646 
25.277 
25.246 
25.192 
25.136 
h 
22.711 
22.578 
22.405 
22.268 
21.993 
21.486 
20.567 
19.155 
h 
16.625 
18.973 
16.325 
16.062 
15.648 
14.91 
13.852 
12.823 
12.264 
12.842 
h 
13.093 
12.053 
11.937 
11.906 
11.906 
11.899 
11.891 
11.889 
h 
11.773 
11.755 
11.734 
11.69 
11.6 
11.443 
11.16 
10.711 
h 
9.745 
9.642 
9.528 
9.395 
9.205 
8.859 
8.208 
7.116 
h 
5.036 
5.628 
4.623 
4.493 
4.304 
4.072 
3.791 
3.72 
3.588 
3.508 
h 
3.275 
3.131 
3.122 
3.259 
2.857 
2.723 
2.475 
2.062 
h 
1.022 
0.898 
0.768 
0.694 
0.667 
0.646 
0.612 
0.581 
h 
0.312 
0.347 
0.267 
0.217 
