36.027 
35.653 
34.512 
31.79 
26.692 
26.336 
24.924 
24.923 
h 
24.461 
24.446 
24.402 
24.305 
24.109 
23.746 
23.174 
22.628 
h 
22.518 
22.285 
22.081 
21.732 
21.038 
19.815 
18.241 
18.359 
h 
16.83 
16.196 
16.07 
15.494 
15.214 
14.758 
14.177 
13.797 
h 
12.271 
11.842 
11.81 
11.762 
11.677 
11.512 
11.218 
10.765 
h 
10.207 
11.238 
10.13 
10.11 
10.072 
10.015 
9.904 
9.72 
9.638 
9.576 
h 
9.059 
9.005 
8.92 
8.787 
8.717 
8.503 
8.241 
7.809 
h 
6.988 
7.153 
6.931 
6.827 
6.767 
6.66 
6.496 
6.334 
6.258 
6.221 
h 
5.666 
5.674 
5.66 
5.644 
5.624 
5.614 
5.569 
5.496 
h 
5.043 
5.026 
4.993 
4.936 
4.843 
4.82 
4.726 
4.692 
h 
4.482 
4.382 
4.399 
4.403 
4.402 
4.385 
4.36 
4.351 
h 
