25.812 
25.733 
25.524 
25.168 
24.971 
24.969 
24.969 
24.968 
h 
22.586 
22.512 
22.333 
22.037 
21.786 
21.468 
20.888 
19.946 
h 
16.243 
17.201 
15.817 
15.608 
15.205 
14.527 
13.559 
12.673 
12.524 
12.455 
h 
12.128 
12.113 
12.096 
12.069 
12.012 
11.898 
11.681 
11.297 
h 
8.833 
8.388 
8.674 
8.176 
8.031 
7.751 
7.274 
6.563 
h 
5.274 
5.176 
5.162 
5.153 
5.133 
5.099 
5.06 
4.989 
h 
4.894 
4.808 
4.729 
4.779 
4.669 
4.624 
4.536 
4.368 
h 
3.126 
2.863 
2.476 
2.122 
1.996 
2.185 
1.873 
1.806 
h 
1.452 
1.406 
1.334 
1.231 
1.205 
1.165 
1.092 
1.194 
h 
1.055 
1.043 
1.022 
0.964 
0.92 
0.91 
0.903 
0.898 
h 
0.875 
0.874 
0.87 
0.863 
0.85 
0.825 
0.775 
0.926 
0.775 
0.748 
0.747 
0.732 
0.702 
0.643 
0.553 
0.426 
h 
0.233 
