27.411 
27.251 
26.814 
26.042 
25.464 
25.435 
25.378 
25.28 
h 
22.889 
22.474 
22.403 
22.257 
21.987 
21.53 
21.008 
20.402 
h 
17.392 
17.226 
17.027 
16.881 
16.597 
16.083 
15.301 
14.483 
h 
14.106 
14.094 
14.041 
14.028 
14.003 
13.956 
13.875 
13.77 
h 
13.477 
13.446 
13.405 
13.32 
13.151 
12.845 
12.342 
11.915 
h 
9.35 
9.135 
8.999 
8.896 
8.78 
8.629 
8.496 
8.291 
h 
7.628 
7.58 
7.504 
7.383 
7.242 
7.065 
7.022 
7.016 
h 
5.898 
5.833 
5.755 
5.665 
5.602 
5.484 
5.299 
5.049 
h 
4.517 
4.407 
4.25 
4.186 
4.035 
4.231 
4.027 
4.024 
h 
3.964 
3.966 
3.972 
3.963 
3.948 
3.93 
3.91 
3.876 
h 
3.741 
3.675 
3.765 
3.573 
3.549 
3.516 
3.492 
3.456 
h 
3.342 
3.246 
3.182 
3.164 
3.138 
3.09 
3.029 
3.073 
h 
