30.493 
30.17 
29.242 
27.39 
25.458 
25.401 
25.346 
25.246 
h 
24.076 
24.356 
23.891 
23.683 
23.271 
22.552 
21.626 
21.243 
20.913 
20.391 
h 
19.408 
19.344 
19.158 
17.981 
17.298 
16.2 
14.825 
14.443 
h 
13.924 
13.78 
13.615 
13.465 
13.311 
13.159 
13.038 
12.867 
h 
11.661 
11.624 
11.499 
11.502 
11.408 
11.279 
11.056 
10.684 
h 
8.872 
8.708 
8.48 
8.236 
8.067 
7.842 
7.565 
7.129 
h 
5.975 
5.955 
5.941 
5.936 
5.925 
5.9 
5.852 
5.814 
h 
5.474 
5.45 
5.376 
5.331 
5.249 
5.108 
4.944 
4.819 
h 
4.526 
4.439 
4.344 
4.206 
4.12 
4.131 
3.9 
3.737 
h 
3.376 
3.191 
3.149 
3.133 
3.108 
3.06 
2.976 
2.853 
h 
2.326 
2.24 
2.133 
2.084 
2.118 
2.015 
1.997 
1.964 
h 
1.787 
1.724 
1.685 
1.632 
1.639 
1.613 
1.534 
1.464 
h 
1.32 
1.214 
1.136 
1.089 
1.127 
1.039 
1.007 
0.957 
h 
0.889 
0.85 
0.841 
0.833 
0.818 
0.811 
0.8 
0.779 
h 
0.606 
0.621 
0.508 
0.45 
0.429 
0.409 
0.392 
0.34 
