25.132 
25.127 
25.114 
25.092 
25.072 
25.071 
25.068 
25.061 
h 
23.611 
23.561 
23.479 
23.313 
22.971 
22.326 
21.233 
19.834 
h 
17.229 
19.57 
16.502 
16.267 
16.031 
15.592 
14.836 
13.969 
13.447 
13.272 
h 
12.391 
12.283 
12.243 
12.221 
12.195 
12.161 
12.136 
12.089 
h 
11.497 
11.482 
11.469 
11.448 
11.404 
11.315 
11.137 
10.804 
h 
10.203 
9.646 
10.166 
9.576 
9.407 
9.249 
8.987 
8.599 
h 
8.017 
7.844 
7.558 
7.213 
7.41 
6.914 
6.717 
6.467 
h 
5.403 
5.351 
5.479 
5.246 
5.198 
5.111 
4.955 
4.7 
4.321 
3.935 
3.805 
h 
3.245 
3.211 
3.167 
3.157 
3.151 
3.144 
3.119 
3.113 
h 
3.058 
3.019 
2.992 
3.027 
3.096 
2.942 
2.902 
2.828 
2.696 
2.494 
2.294 
3.009 
2.206 
h 
1.887 
1.856 
1.826 
1.806 
1.779 
1.735 
1.67 
1.571 
h 
1.235 
1.145 
1.1 
1.084 
1.066 
1.043 
1.032 
1.012 
h 
0.733 
0.716 
0.705 
0.697 
0.691 
0.677 
0.658 
0.629 
h 
0.552 
