25.317 
25.299 
25.25 
25.166 
25.096 
25.065 
25.034 
25.002 
h 
23.393 
23.281 
23.19 
23.053 
22.775 
22.264 
21.485 
20.818 
h 
18.828 
18.61 
18.356 
18.331 
18.029 
17.42 
16.725 
16.254 
h 
15.525 
15.489 
15.466 
15.421 
15.343 
15.253 
15.122 
15.001 
h 
14.91 
14.892 
14.867 
14.819 
14.725 
14.544 
14.234 
13.808 
h 
12.215 
12.555 
11.989 
11.883 
11.67 
11.285 
10.612 
9.719 
9.373 
9.177 
h 
8.598 
8.484 
8.465 
8.444 
8.408 
8.343 
8.251 
8.15 
h 
7.914 
7.846 
7.799 
7.761 
7.696 
7.588 
7.45 
7.315 
h 
6.729 
6.706 
6.681 
6.669 
6.657 
6.635 
6.606 
6.551 
h 
