25.875 
25.825 
25.69 
25.458 
25.29 
25.275 
25.247 
25.204 
h 
22.573 
22.427 
22.357 
22.205 
21.904 
21.351 
20.549 
19.919 
h 
17.316 
17.036 
16.954 
16.803 
16.493 
15.921 
15.026 
14.044 
h 
13.581 
13.495 
13.397 
13.269 
13.071 
12.703 
12.066 
11.264 
h 
9.452 
9.169 
9.08 
9.015 
8.86 
8.604 
8.126 
7.322 
h 
5.906 
5.187 
5.382 
4.658 
4.519 
4.293 
3.956 
3.614 
h 
3.347 
3.261 
3.31 
3.172 
3.114 
3.062 
2.963 
2.791 
h 
2.154 
2.212 
2.028 
1.999 
1.966 
1.926 
1.906 
1.988 
1.859 
1.826 
h 
1.662 
1.66 
1.656 
1.651 
1.647 
1.632 
1.612 
1.568 
h 
1.374 
1.245 
1.081 
1.046 
1.045 
1.037 
1.027 
1.01 
h 
0.829 
0.796 
0.753 
0.696 
0.667 
0.637 
0.591 
0.527 
h 
0.409 
0.332 
