28.856 
28.574 
27.777 
26.251 
24.976 
24.964 
24.96 
24.952 
h 
24.374 
24.328 
24.253 
24.099 
23.776 
23.139 
21.982 
20.198 
h 
16.866 
21.674 
16.592 
16.368 
16.03 
15.505 
14.839 
14.191 
14.093 
14.045 
h 
13.694 
13.634 
13.542 
13.448 
13.428 
13.406 
13.359 
13.27 
h 
13.012 
12.71 
12.309 
12.062 
12.127 
11.355 
10.757 
9.836 
h 
9.063 
8.702 
8.487 
8.445 
8.336 
8.268 
8.24 
8.225 
h 
7.907 
7.857 
7.787 
7.71 
7.652 
7.64 
7.529 
7.407 
h 
7.154 
7.07 
6.976 
6.868 
6.946 
6.716 
6.642 
6.534 
h 
6.105 
6.051 
6.031 
5.999 
5.947 
5.879 
5.761 
5.575 
h 
