26.418 
26.292 
25.948 
25.345 
24.946 
24.928 
24.903 
24.868 
h 
24.797 
24.726 
24.612 
24.384 
23.918 
23.047 
21.634 
20.045 
h 
17.285 
17.592 
16.419 
16.213 
15.89 
15.294 
14.377 
13.445 
13.026 
13.117 
h 
11.751 
11.7 
11.667 
11.647 
11.607 
11.527 
11.381 
11.146 
h 
10.183 
10.07 
10.022 
9.948 
9.802 
9.531 
9.047 
8.184 
h 
5.795 
5.579 
7.821 
5.206 
5.16 
5.083 
4.947 
4.723 
4.421 
4.306 
4.43 
h 
4.135 
3.999 
3.955 
3.937 
3.919 
3.88 
3.83 
3.762 
h 
3.858 
3.634 
3.615 
3.57 
3.485 
3.323 
3.074 
2.706 
h 
1.97 
1.606 
1.349 
1.26 
1.222 
1.194 
1.179 
1.151 
h 
1.09 
1.08 
1.078 
1.043 
1.128 
1.063 
1.066 
1.075 
1.059 
1.037 
0.99 
0.997 
0.932 
h 
0.865 
0.865 
0.848 
0.829 
0.821 
0.807 
0.795 
0.77 
h 
0.631 
0.566 
0.408 
0.282 
0.233 
