25.82 
25.784 
25.684 
25.51 
25.36 
25.355 
25.344 
25.322 
h 
22.747 
22.617 
22.458 
22.345 
22.135 
21.772 
21.166 
20.451 
h 
19.298 
19.137 
18.921 
18.598 
18.046 
17.334 
16.307 
15.373 
h 
13.565 
15.425 
13.086 
12.757 
12.627 
12.474 
12.217 
11.848 
11.557 
11.297 
h 
10.701 
10.453 
10.578 
10.27 
9.969 
9.635 
9.011 
7.987 
h 
6.705 
6.456 
6.339 
6.28 
6.237 
6.195 
6.171 
6.084 
h 
5.536 
5.522 
5.498 
5.483 
5.46 
5.424 
5.36 
5.232 
h 
4.898 
4.794 
4.706 
4.675 
4.649 
4.624 
4.609 
4.515 
h 
3.868 
3.833 
3.807 
3.777 
3.726 
3.646 
3.59 
3.467 
h 
2.954 
2.641 
2.279 
2.26 
2.165 
