26.68 
26.534 
26.133 
25.421 
24.966 
24.955 
24.954 
24.954 
h 
22.808 
22.718 
22.538 
22.3 
22.15 
21.948 
21.554 
20.852 
h 
17.461 
18.018 
18.03 
16.716 
16.529 
16.194 
15.688 
15.279 
15.091 
14.817 
h 
14.548 
14.763 
14.422 
14.309 
14.131 
13.835 
13.312 
12.562 
12.126 
12.022 
h 
11.11 
11.007 
10.881 
10.798 
10.685 
10.496 
10.141 
9.53 
h 
7.644 
7.475 
7.317 
7.126 
6.832 
6.39 
6.033 
5.877 
h 
4.676 
4.629 
4.585 
4.525 
4.501 
4.481 
4.447 
4.383 
h 
3.985 
3.898 
3.771 
3.684 
3.682 
3.637 
3.625 
3.609 
h 
3.452 
3.387 
3.235 
3.403 
3.337 
3.343 
3.276 
3.26 
h 
3.213 
3.22 
3.184 
3.131 
3.104 
3.071 
3.03 
2.997 
h 
2.919 
2.907 
2.901 
2.885 
2.867 
2.844 
2.837 
2.811 
h 
