25.199 
25.187 
25.156 
25.103 
25.065 
25.053 
25.035 
25.019 
h 
23.329 
23.231 
23.124 
22.986 
22.706 
22.205 
21.494 
21.019 
h 
18.889 
18.099 
17.798 
17.45 
17.041 
16.366 
15.486 
14.714 
h 
13.904 
13.709 
13.489 
13.276 
13.009 
12.605 
12.035 
11.423 
h 
10.045 
9.979 
9.889 
9.797 
9.612 
9.278 
8.77 
7.832 
h 
6.907 
6.558 
6.305 
6.373 
6.121 
5.856 
5.62 
5.521 
h 
5.154 
4.948 
4.799 
4.639 
4.581 
4.386 
4.131 
3.728 
h 
2.982 
2.779 
2.576 
2.499 
2.548 
2.387 
2.315 
2.24 
h 
1.853 
1.707 
1.523 
1.372 
1.339 
1.284 
1.293 
1.253 
h 
1.125 
1.106 
1.09 
1.018 
1.022 
1.009 
0.994 
0.963 
h 
0.995 
0.837 
0.739 
0.598 
0.451 
0.311 
0.29 
0.257 
h 
0.143 
