28.287 
28.085 
27.514 
26.406 
25.313 
25.285 
25.261 
25.239 
h 
24.709 
24.656 
24.553 
24.32 
23.858 
23.046 
21.973 
21.547 
h 
19.939 
19.85 
19.672 
19.313 
18.622 
17.434 
17.36 
18.063 
h 
14.188 
13.915 
13.435 
12.737 
11.92 
11.414 
10.845 
9.695 
h 
9.119 
8.695 
8.304 
8.447 
8.127 
8.068 
8.018 
7.931 
h 
7.347 
7.292 
7.257 
7.242 
7.21 
7.149 
7.094 
7.025 
h 
6.389 
6.211 
5.914 
5.853 
5.808 
5.751 
5.64 
5.435 
h 
4.472 
4.419 
4.384 
4.362 
4.387 
4.349 
4.328 
4.302 
h 
4.075 
4.07 
4.066 
4.053 
4.035 
4.001 
3.934 
3.814 
h 
3.228 
3.034 
2.919 
2.768 
2.713 
2.681 
2.647 
2.602 
h 
2.048 
1.944 
1.878 
1.782 
1.702 
1.623 
1.573 
1.483 
h 
1.111 
0.907 
0.67 
