25.492 
25.485 
25.466 
25.426 
25.363 
25.281 
25.139 
24.946 
h 
23.985 
24.128 
23.84 
23.646 
23.26 
22.574 
21.602 
21.038 
h 
20.741 
20.353 
20.01 
19.264 
18.507 
17.785 
16.697 
15.897 
h 
15.137 
14.857 
14.47 
14.112 
13.885 
13.823 
13.214 
12.707 
h 
10.21 
10.092 
9.966 
9.852 
9.679 
9.432 
8.974 
8.159 
h 
5.574 
5.275 
4.877 
4.822 
4.713 
4.689 
4.697 
4.691 
h 
4.446 
4.451 
4.454 
4.443 
4.416 
4.364 
4.501 
4.28 
4.184 
4.033 
3.993 
3.955 
3.948 
3.934 
3.91 
h 
3.853 
3.775 
3.659 
3.668 
3.635 
3.837 
3.382 
3.294 
h 
2.901 
2.797 
2.711 
2.689 
2.669 
2.648 
2.608 
2.535 
h 
2.354 
2.307 
2.268 
2.208 
2.112 
2.017 
2.39 
1.978 
1.962 
1.94 
1.902 
1.859 
1.826 
1.801 
1.751 
h 
1.471 
1.392 
1.247 
1.215 
1.129 
1.057 
1.029 
1.014 
h 
0.998 
0.97 
0.93 
0.874 
0.914 
0.844 
0.841 
0.828 
h 
0.792 
0.769 
