32.863 
32.482 
31.355 
28.902 
25.529 
25.242 
25.215 
25.187 
h 
24.015 
23.982 
23.879 
23.696 
23.334 
22.707 
21.91 
21.652 
h 
19.79 
19.408 
18.954 
18.53 
17.858 
16.763 
15.787 
14.703 
h 
14.398 
14.123 
13.962 
13.897 
13.862 
13.828 
13.781 
13.765 
h 
12.555 
12.384 
12.304 
12.278 
12.228 
12.13 
11.959 
11.656 
h 
9.834 
9.561 
9.394 
9.287 
9.132 
8.912 
8.538 
7.931 
h 
6.807 
6.731 
6.714 
6.71 
6.703 
6.686 
6.655 
6.602 
h 
5.79 
5.701 
5.626 
5.573 
5.499 
5.377 
5.261 
5.104 
h 
4.448 
4.352 
4.237 
4.198 
4.133 
4.015 
3.846 
3.745 
h 
3.451 
3.324 
3.253 
3.178 
3.065 
2.947 
2.931 
2.826 
h 
2.699 
2.647 
2.623 
2.601 
2.572 
2.54 
2.512 
2.449 
h 
2.229 
2.172 
2.207 
2.175 
2.164 
2.155 
2.144 
2.119 
h 
2.012 
1.927 
1.903 
1.866 
1.821 
1.833 
1.793 
1.76 
h 
1.536 
1.502 
1.468 
1.425 
1.373 
1.327 
1.256 
1.255 
h 
1.148 
1.139 
1.113 
1.063 
0.989 
1.068 
0.966 
0.962 
h 
0.878 
0.873 
0.864 
0.857 
0.844 
0.821 
0.781 
0.72 
h 
0.523 
0.421 
0.298 
