25.011 
25.006 
24.992 
24.967 
24.945 
24.944 
24.941 
24.935 
h 
23.964 
23.922 
23.842 
23.677 
23.344 
22.743 
21.869 
21.285 
h 
19.799 
19.761 
19.376 
19.006 
18.29 
17.004 
15.147 
13.803 
h 
13.15 
14.285 
13.012 
12.837 
12.744 
12.587 
12.307 
11.89 
11.529 
11.276 
h 
10.066 
10.057 
9.923 
9.66 
9.471 
9.132 
8.516 
7.619 
h 
6.331 
6.254 
6.225 
6.178 
6.086 
5.937 
5.864 
5.709 
h 
5.494 
5.308 
5.1 
4.91 
4.608 
4.297 
5.305 
4.043 
h 
3.114 
2.937 
2.771 
2.65 
2.6 
2.564 
2.514 
2.454 
h 
2.255 
2.182 
2.1 
2.178 
2.002 
2.019 
2.13 
2.038 
h 
2.032 
2.031 
2.018 
1.995 
1.968 
1.979 
1.961 
1.944 
h 
1.849 
1.815 
1.77 
1.734 
1.733 
1.729 
1.721 
1.702 
h 
1.517 
1.396 
1.401 
1.357 
1.303 
1.293 
1.268 
1.225 
h 
1.018 
0.966 
0.858 
0.817 
0.805 
0.787 
0.76 
0.723 
h 
0.489 
0.409 
0.333 
