25.527 
25.515 
25.481 
25.418 
25.347 
25.304 
25.262 
25.211 
25.149 
25.069 
24.953 
24.898 
24.876 
24.86 
24.835 
24.804 
24.792 
24.79 
24.779 
h 
24.441 
24.429 
24.408 
24.384 
24.349 
24.282 
24.162 
23.982 
23.835 
23.848 
23.756 
23.712 
23.7 
23.684 
23.658 
23.617 
23.579 
23.617 
23.541 
23.525 
23.494 
23.442 
23.4 
23.381 
23.37 
h 
22.932 
22.857 
22.801 
22.71 
22.581 
22.466 
22.43 
22.399 
22.39 
22.375 
22.353 
22.338 
22.329 
22.313 
22.285 
22.253 
22.292 
22.236 
22.231 
h 
21.976 
21.956 
21.939 
21.918 
21.885 
21.82 
21.705 
21.536 
21.421 
21.415 
21.287 
21.315 
21.237 
21.223 
21.201 
21.16 
21.094 
21.044 
21.026 
20.973 
20.954 
20.934 
20.924 
20.914 
20.904 
20.886 
20.863 
20.841 
h 
