26.942 
26.784 
26.336 
25.473 
24.646 
24.644 
24.643 
24.642 
24.641 
24.638 
24.636 
24.636 
24.636 
h 
23.985 
23.975 
23.947 
23.899 
23.86 
23.813 
23.724 
23.563 
23.321 
23.198 
23.841 
23.016 
22.996 
22.957 
22.887 
22.858 
22.821 
22.79 
22.776 
22.762 
22.734 
22.683 
22.615 
22.653 
22.574 
22.563 
22.542 
22.509 
22.474 
22.456 
22.447 
22.435 
22.43 
22.424 
22.412 
h 
21.959 
21.812 
21.675 
21.626 
21.561 
21.47 
21.348 
21.267 
21.355 
21.171 
21.086 
21.038 
21.007 
20.968 
20.926 
20.908 
20.887 
20.864 
20.844 
20.809 
20.764 
20.727 
20.698 
20.647 
20.559 
20.498 
20.636 
20.44 
20.433 
20.42 
20.399 
20.392 
20.377 
20.361 
20.343 
20.335 
h 
19.925 
19.847 
19.745 
19.626 
19.598 
19.548 
19.532 
19.517 
19.491 
19.457 
19.418 
19.391 
19.361 
19.362 
19.333 
19.33 
19.324 
19.316 
19.3 
h 
