30.139 
29.801 
28.831 
26.881 
24.896 
24.881 
24.874 
24.867 
24.854 
24.84 
24.834 
24.827 
24.822 
h 
24.163 
24.135 
24.098 
24.076 
24.035 
23.959 
23.833 
23.694 
23.686 
23.669 
23.61 
23.599 
23.579 
23.54 
23.481 
23.433 
23.349 
23.283 
23.321 
23.197 
23.179 
23.16 
23.14 
23.113 
23.088 
23.065 
h 
23.003 
22.954 
22.884 
22.895 
22.765 
22.641 
22.442 
22.259 
22.205 
22.138 
22.111 
22.093 
22.088 
22.082 
22.072 
22.06 
22.044 
h 
21.89 
21.864 
21.861 
21.857 
21.854 
21.852 
21.844 
21.834 
h 
