34.889 
34.545 
33.496 
31.015 
26.498 
25.967 
25.048 
25.032 
25.007 
24.981 
24.947 
24.92 
24.905 
24.899 
24.891 
h 
24.716 
24.71 
24.702 
24.686 
24.654 
24.597 
24.515 
24.47 
h 
24.336 
24.317 
24.285 
24.237 
24.154 
24.012 
23.8 
23.622 
23.499 
23.351 
23.281 
23.18 
23.122 
23.094 
23.068 
23.039 
23.021 
23.012 
23.001 
22.992 
22.984 
22.98 
h 
22.794 
22.733 
22.649 
22.619 
22.613 
22.603 
22.585 
22.557 
22.556 
22.513 
22.458 
22.444 
22.426 
22.393 
22.338 
22.274 
22.214 
22.526 
22.192 
22.188 
22.18 
22.17 
22.158 
22.143 
22.128 
22.121 
22.114 
h 
