26.59 
26.452 
26.073 
25.394 
24.932 
24.92 
24.918 
24.917 
24.914 
24.908 
24.901 
24.913 
24.909 
h 
24.459 
24.364 
24.196 
24.06 
24.04 
24.008 
23.963 
23.91 
23.81 
23.657 
23.607 
23.525 
23.477 
23.434 
23.391 
23.356 
23.309 
23.277 
23.269 
23.216 
23.201 
23.182 
23.161 
h 
22.814 
22.762 
22.735 
22.715 
22.681 
22.621 
22.519 
22.419 
22.391 
22.383 
22.364 
22.356 
22.348 
22.344 
22.339 
h 
22.075 
22.059 
22.04 
22.016 
21.974 
21.903 
21.792 
21.686 
21.66 
21.617 
21.579 
21.553 
21.517 
21.495 
21.483 
21.468 
21.45 
21.435 
21.412 
21.388 
h 
