33.77 
33.419 
32.362 
29.928 
25.87 
25.306 
25.008 
25.002 
24.992 
24.981 
24.971 
24.966 
24.96 
24.955 
24.98 
h 
24.8 
24.653 
24.499 
24.492 
24.488 
24.478 
24.462 
24.431 
24.374 
24.286 
24.289 
h 
24.323 
24.194 
24.036 
23.976 
23.953 
23.907 
23.839 
23.778 
23.723 
23.754 
23.778 
23.69 
23.689 
23.687 
23.683 
23.675 
h 
23.17 
23.042 
22.981 
22.97 
22.948 
22.908 
22.843 
22.984 
22.769 
22.747 
22.714 
22.658 
22.591 
22.576 
22.545 
22.533 
22.511 
22.468 
22.394 
22.305 
23.513 
22.28 
22.277 
22.272 
22.264 
22.251 
22.228 
22.211 
22.216 
22.198 
h 
