26.729 
26.606 
26.272 
25.686 
25.222 
25.123 
24.975 
24.823 
24.631 
24.444 
24.373 
24.321 
24.303 
24.283 
24.268 
24.262 
24.255 
24.253 
h 
24.245 
24.24 
24.224 
24.189 
24.119 
23.983 
23.746 
23.428 
23.294 
23.289 
23.154 
23.129 
23.09 
23.044 
23.029 
23.012 
22.983 
22.956 
22.958 
h 
22.729 
22.697 
22.672 
22.649 
22.605 
22.525 
22.415 
22.317 
22.207 
22.16 
22.137 
22.046 
22.021 
22.005 
21.989 
21.966 
21.959 
22.007 
h 
21.86 
21.785 
21.743 
21.742 
21.739 
21.734 
21.723 
21.701 
h 
