35.889 
35.378 
33.84 
30.377 
25.397 
24.938 
24.851 
24.806 
24.747 
24.646 
24.509 
24.602 
24.479 
24.448 
24.446 
24.442 
24.435 
24.423 
h 
24.177 
24.197 
24.151 
24.12 
24.067 
23.97 
23.812 
23.642 
23.693 
23.576 
23.539 
23.505 
23.441 
23.332 
23.242 
23.195 
23.161 
23.121 
23.097 
23.066 
23.017 
22.965 
22.962 
23.028 
22.916 
22.89 
22.843 
22.771 
22.706 
22.683 
22.851 
22.656 
22.652 
22.646 
22.633 
22.612 
22.589 
h 
22.128 
22.085 
22.034 
21.951 
21.857 
21.806 
21.765 
21.739 
21.712 
21.671 
21.627 
21.609 
21.591 
21.564 
21.519 
21.465 
21.454 
21.469 
21.42 
h 
20.908 
20.837 
20.743 
20.692 
20.666 
20.635 
20.603 
20.593 
20.571 
20.556 
20.531 
20.499 
h 
