25.396 
25.383 
25.346 
25.279 
25.214 
25.196 
25.169 
25.135 
25.084 
25.004 
24.909 
24.851 
24.848 
24.815 
24.808 
24.8 
24.791 
24.785 
24.78 
24.775 
h 
24.845 
24.732 
24.65 
24.637 
24.616 
24.595 
24.581 
24.578 
24.574 
24.572 
24.569 
24.567 
24.562 
24.555 
h 
24.111 
23.894 
23.828 
23.808 
23.768 
23.701 
23.669 
23.555 
23.424 
23.276 
23.207 
23.137 
23.122 
23.094 
23.045 
22.978 
22.892 
22.913 
22.854 
22.826 
22.817 
22.804 
22.791 
22.775 
h 
22.477 
22.347 
22.328 
22.319 
22.301 
22.269 
22.23 
22.18 
22.103 
22.029 
21.918 
21.785 
21.791 
22.2 
21.728 
21.724 
21.716 
21.699 
21.668 
21.617 
21.581 
21.606 
21.554 
h 
