29.094 
28.857 
28.201 
27.002 
25.98 
25.931 
25.833 
25.637 
25.274 
24.697 
24.193 
29.076 
24.192 
24.192 
24.192 
24.191 
24.191 
24.189 
24.187 
24.185 
24.19 
h 
23.447 
23.392 
23.312 
23.212 
23.087 
22.99 
22.878 
22.75 
22.654 
22.59 
22.51 
22.485 
22.455 
22.399 
22.303 
22.178 
22.047 
21.963 
21.963 
21.893 
21.851 
21.798 
21.724 
21.768 
21.798 
21.642 
21.602 
21.544 
21.501 
21.44 
21.368 
21.335 
21.33 
21.325 
21.315 
21.299 
21.279 
21.268 
21.249 
h 
20.979 
20.573 
20.323 
20.289 
20.24 
20.203 
20.174 
20.135 
20.063 
19.941 
19.768 
19.802 
19.698 
19.642 
19.633 
19.618 
19.592 
19.559 
19.547 
19.536 
19.531 
19.527 
19.524 
19.519 
19.51 
19.497 
h 
19.138 
19.163 
19.114 
19.103 
19.082 
19.041 
18.969 
18.854 
18.732 
18.745 
19.016 
18.618 
18.613 
18.607 
18.598 
18.591 
18.58 
18.561 
18.532 
18.563 
h 
