26.744 
26.717 
26.64 
26.495 
26.323 
26.239 
26.111 
25.928 
25.668 
25.507 
25.351 
25.173 
25.062 
24.991 
24.925 
24.87 
24.822 
24.812 
24.801 
24.795 
24.787 
24.774 
24.761 
24.752 
24.738 
24.73 
h 
24.757 
24.693 
24.602 
24.577 
24.575 
24.57 
24.561 
24.549 
h 
24.235 
24.163 
24.131 
24.124 
24.111 
24.085 
24.04 
23.97 
23.903 
23.922 
23.879 
23.873 
23.869 
23.861 
23.847 
23.845 
h 
23.055 
22.924 
22.793 
22.78 
22.764 
22.717 
22.641 
22.514 
22.352 
22.217 
22.169 
22.114 
22.021 
21.918 
21.814 
21.831 
21.75 
21.71 
21.698 
21.681 
21.653 
21.616 
21.635 
21.657 
21.577 
21.56 
21.532 
h 
