26.744 26.717 26.64 26.495 26.323 26.239 26.111 25.928 25.668 25.507 25.351 25.173 25.062 24.991 24.925 24.87 24.822 24.812 24.801 24.795 24.787 24.774 24.761 24.752 24.738 24.73 h 24.757 24.693 24.602 24.577 24.575 24.57 24.561 24.549 h 24.235 24.163 24.131 24.124 24.111 24.085 24.04 23.97 23.903 23.922 23.879 23.873 23.869 23.861 23.847 23.845 h 23.055 22.924 22.793 22.78 22.764 22.717 22.641 22.514 22.352 22.217 22.169 22.114 22.021 21.918 21.814 21.831 21.75 21.71 21.698 21.681 21.653 21.616 21.635 21.657 21.577 21.56 21.532 h 
25.68 25.601 25.386 24.997 24.687 24.674 24.65 24.617 24.591 24.556 24.519 24.488 24.559 h 24.263 24.163 24.108 24.106 24.105 24.101 24.092 24.077 h 24.084 23.758 23.389 23.347 23.337 23.318 23.285 23.234 23.153 23.061 23.056 23.022 23.017 23.013 23.008 23.0 22.986 h 22.745 22.723 22.72 22.714 22.705 22.69 22.668 22.652 h 
35.889 35.378 33.84 30.377 25.397 24.938 24.851 24.806 24.747 24.646 24.509 24.602 24.479 24.448 24.446 24.442 24.435 24.423 h 24.177 24.197 24.151 24.12 24.067 23.97 23.812 23.642 23.693 23.576 23.539 23.505 23.441 23.332 23.242 23.195 23.161 23.121 23.097 23.066 23.017 22.965 22.962 23.028 22.916 22.89 22.843 22.771 22.706 22.683 22.851 22.656 22.652 22.646 22.633 22.612 22.589 h 22.128 22.085 22.034 21.951 21.857 21.806 21.765 21.739 21.712 21.671 21.627 21.609 21.591 21.564 21.519 21.465 21.454 21.469 21.42 h 20.908 20.837 20.743 20.692 20.666 20.635 20.603 20.593 20.571 20.556 20.531 20.499 h 
33.77 33.419 32.362 29.928 25.87 25.306 25.008 25.002 24.992 24.981 24.971 24.966 24.96 24.955 24.98 h 24.8 24.653 24.499 24.492 24.488 24.478 24.462 24.431 24.374 24.286 24.289 h 24.323 24.194 24.036 23.976 23.953 23.907 23.839 23.778 23.723 23.754 23.778 23.69 23.689 23.687 23.683 23.675 h 23.17 23.042 22.981 22.97 22.948 22.908 22.843 22.984 22.769 22.747 22.714 22.658 22.591 22.576 22.545 22.533 22.511 22.468 22.394 22.305 23.513 22.28 22.277 22.272 22.264 22.251 22.228 22.211 22.216 22.198 h 
29.094 28.857 28.201 27.002 25.98 25.931 25.833 25.637 25.274 24.697 24.193 29.076 24.192 24.192 24.192 24.191 24.191 24.189 24.187 24.185 24.19 h 23.447 23.392 23.312 23.212 23.087 22.99 22.878 22.75 22.654 22.59 22.51 22.485 22.455 22.399 22.303 22.178 22.047 21.963 21.963 21.893 21.851 21.798 21.724 21.768 21.798 21.642 21.602 21.544 21.501 21.44 21.368 21.335 21.33 21.325 21.315 21.299 21.279 21.268 21.249 h 20.979 20.573 20.323 20.289 20.24 20.203 20.174 20.135 20.063 19.941 19.768 19.802 19.698 19.642 19.633 19.618 19.592 19.559 19.547 19.536 19.531 19.527 19.524 19.519 19.51 19.497 h 19.138 19.163 19.114 19.103 19.082 19.041 18.969 18.854 18.732 18.745 19.016 18.618 18.613 18.607 18.598 18.591 18.58 18.561 18.532 18.563 h 
26.729 26.606 26.272 25.686 25.222 25.123 24.975 24.823 24.631 24.444 24.373 24.321 24.303 24.283 24.268 24.262 24.255 24.253 h 24.245 24.24 24.224 24.189 24.119 23.983 23.746 23.428 23.294 23.289 23.154 23.129 23.09 23.044 23.029 23.012 22.983 22.956 22.958 h 22.729 22.697 22.672 22.649 22.605 22.525 22.415 22.317 22.207 22.16 22.137 22.046 22.021 22.005 21.989 21.966 21.959 22.007 h 21.86 21.785 21.743 21.742 21.739 21.734 21.723 21.701 h 
34.889 34.545 33.496 31.015 26.498 25.967 25.048 25.032 25.007 24.981 24.947 24.92 24.905 24.899 24.891 h 24.716 24.71 24.702 24.686 24.654 24.597 24.515 24.47 h 24.336 24.317 24.285 24.237 24.154 24.012 23.8 23.622 23.499 23.351 23.281 23.18 23.122 23.094 23.068 23.039 23.021 23.012 23.001 22.992 22.984 22.98 h 22.794 22.733 22.649 22.619 22.613 22.603 22.585 22.557 22.556 22.513 22.458 22.444 22.426 22.393 22.338 22.274 22.214 22.526 22.192 22.188 22.18 22.17 22.158 22.143 22.128 22.121 22.114 h 
26.081 25.977 25.696 25.199 24.864 24.846 24.822 24.786 24.745 24.772 24.759 24.727 24.727 h 24.735 24.678 24.499 24.159 23.847 23.831 23.805 23.761 23.681 23.549 23.379 23.398 23.982 23.319 23.318 23.317 23.314 23.309 23.305 23.3 23.296 23.289 h 23.233 23.212 23.192 23.154 23.079 22.946 22.763 22.68 22.666 22.643 22.615 22.565 22.49 22.423 22.406 22.379 22.353 22.33 22.312 22.282 22.247 22.192 22.164 22.277 22.096 22.084 22.075 22.063 22.049 22.029 h 21.982 21.971 21.958 21.932 21.884 21.804 21.703 21.651 21.59 21.505 21.403 21.325 21.279 21.275 21.251 21.243 21.228 21.199 21.188 21.16 21.15 21.176 21.127 21.11 21.078 21.028 21.015 h 
33.168 32.765 31.568 28.934 25.29 25.041 25.01 25.006 25.0 24.994 24.993 24.991 24.987 24.98 24.971 h 24.517 24.603 24.512 24.509 24.502 24.489 24.465 24.425 h 23.651 23.372 23.314 23.244 23.215 23.194 23.121 23.02 22.901 22.874 22.831 22.802 22.787 22.779 22.771 22.769 22.767 22.765 h 22.795 22.714 22.574 22.417 22.375 22.327 22.304 22.287 22.274 22.26 22.24 22.215 h 
24.405 24.389 24.344 24.263 24.189 24.18 24.165 24.132 24.071 23.971 23.913 23.879 23.849 23.824 23.779 23.722 23.669 23.589 23.616 23.807 23.529 23.528 23.526 23.522 23.522 23.516 h 23.473 23.459 23.434 23.39 23.325 23.289 23.275 23.269 h 23.314 23.168 22.94 22.822 22.774 22.752 22.75 22.745 22.737 22.726 22.717 h 22.867 22.447 22.092 22.08 22.061 22.046 22.027 21.999 21.963 21.921 21.877 h 
33.75 33.32 32.044 29.261 25.506 25.247 25.21 25.195 25.186 25.169 25.135 25.08 25.039 25.042 h 24.673 24.557 24.426 24.39 24.362 24.319 24.253 24.21 24.192 24.167 24.149 24.122 24.096 24.068 24.108 24.056 24.046 24.034 h 23.691 23.638 23.594 23.574 23.543 23.509 23.49 23.46 h 23.221 23.174 23.131 23.104 23.076 23.053 23.019 22.968 22.908 22.878 22.834 22.802 22.788 22.764 22.723 22.652 22.621 22.593 22.563 22.552 22.54 22.521 22.484 22.42 22.33 22.846 22.647 22.279 22.279 22.278 22.276 22.275 22.273 22.27 22.265 22.278 h 
26.942 26.784 26.336 25.473 24.646 24.644 24.643 24.642 24.641 24.638 24.636 24.636 24.636 h 23.985 23.975 23.947 23.899 23.86 23.813 23.724 23.563 23.321 23.198 23.841 23.016 22.996 22.957 22.887 22.858 22.821 22.79 22.776 22.762 22.734 22.683 22.615 22.653 22.574 22.563 22.542 22.509 22.474 22.456 22.447 22.435 22.43 22.424 22.412 h 21.959 21.812 21.675 21.626 21.561 21.47 21.348 21.267 21.355 21.171 21.086 21.038 21.007 20.968 20.926 20.908 20.887 20.864 20.844 20.809 20.764 20.727 20.698 20.647 20.559 20.498 20.636 20.44 20.433 20.42 20.399 20.392 20.377 20.361 20.343 20.335 h 19.925 19.847 19.745 19.626 19.598 19.548 19.532 19.517 19.491 19.457 19.418 19.391 19.361 19.362 19.333 19.33 19.324 19.316 19.3 h 
26.338 26.255 26.03 25.636 25.346 25.301 25.217 25.082 25.045 24.997 24.946 24.936 24.923 24.9 24.865 24.881 h 25.384 24.7 24.188 24.164 24.134 24.119 24.09 24.055 24.04 24.022 24.004 h 23.894 23.865 23.845 23.824 23.783 23.717 23.632 23.544 23.522 23.475 23.439 23.394 23.358 23.321 23.282 23.224 23.18 23.197 23.151 23.143 23.13 23.11 23.072 23.007 23.021 23.312 22.928 h 22.68 22.646 22.594 22.557 22.542 22.525 22.497 22.457 h 
24.299 24.285 24.25 24.188 24.119 24.109 24.099 24.078 h 23.568 23.524 23.48 23.405 23.292 23.12 22.887 22.771 22.765 22.762 22.756 22.746 22.732 22.722 22.71 h 22.425 22.316 22.273 22.209 22.108 21.987 21.893 21.872 21.841 21.783 21.7 21.609 21.557 21.531 21.536 21.51 21.505 21.502 21.5 21.503 h 21.108 21.091 21.07 21.056 21.051 21.04 21.018 20.975 h 
26.59 26.452 26.073 25.394 24.932 24.92 24.918 24.917 24.914 24.908 24.901 24.913 24.909 h 24.459 24.364 24.196 24.06 24.04 24.008 23.963 23.91 23.81 23.657 23.607 23.525 23.477 23.434 23.391 23.356 23.309 23.277 23.269 23.216 23.201 23.182 23.161 h 22.814 22.762 22.735 22.715 22.681 22.621 22.519 22.419 22.391 22.383 22.364 22.356 22.348 22.344 22.339 h 22.075 22.059 22.04 22.016 21.974 21.903 21.792 21.686 21.66 21.617 21.579 21.553 21.517 21.495 21.483 21.468 21.45 21.435 21.412 21.388 h 
29.097 28.799 27.955 26.319 24.856 24.85 24.844 24.841 24.837 24.83 24.822 24.816 24.813 h 24.769 24.764 24.754 24.731 24.687 24.608 24.494 24.408 24.305 24.221 24.138 24.512 24.122 24.116 24.102 24.077 24.044 24.036 24.027 24.024 24.018 h 23.639 23.599 23.576 23.552 23.503 23.412 23.271 23.146 23.098 23.071 23.036 22.992 22.932 22.988 22.907 22.892 22.887 22.876 22.86 h 22.461 22.452 22.435 22.406 22.388 22.531 22.302 22.266 h 
25.719 25.64 25.423 25.044 24.788 24.777 24.763 24.752 24.741 24.719 24.684 24.641 24.975 h 24.308 24.242 24.215 24.2 24.186 24.16 24.141 24.126 h 23.689 23.678 23.664 23.647 23.624 23.586 23.522 23.442 23.431 23.43 23.413 23.41 23.405 23.397 23.392 23.393 h 22.955 22.908 22.841 22.773 22.661 22.541 22.574 22.507 22.492 22.464 22.424 22.36 22.266 22.164 22.141 22.104 22.062 22.042 22.026 22.013 22.0 21.985 h 
25.396 25.383 25.346 25.279 25.214 25.196 25.169 25.135 25.084 25.004 24.909 24.851 24.848 24.815 24.808 24.8 24.791 24.785 24.78 24.775 h 24.845 24.732 24.65 24.637 24.616 24.595 24.581 24.578 24.574 24.572 24.569 24.567 24.562 24.555 h 24.111 23.894 23.828 23.808 23.768 23.701 23.669 23.555 23.424 23.276 23.207 23.137 23.122 23.094 23.045 22.978 22.892 22.913 22.854 22.826 22.817 22.804 22.791 22.775 h 22.477 22.347 22.328 22.319 22.301 22.269 22.23 22.18 22.103 22.029 21.918 21.785 21.791 22.2 21.728 21.724 21.716 21.699 21.668 21.617 21.581 21.606 21.554 h 
25.527 25.515 25.481 25.418 25.347 25.304 25.262 25.211 25.149 25.069 24.953 24.898 24.876 24.86 24.835 24.804 24.792 24.79 24.779 h 24.441 24.429 24.408 24.384 24.349 24.282 24.162 23.982 23.835 23.848 23.756 23.712 23.7 23.684 23.658 23.617 23.579 23.617 23.541 23.525 23.494 23.442 23.4 23.381 23.37 h 22.932 22.857 22.801 22.71 22.581 22.466 22.43 22.399 22.39 22.375 22.353 22.338 22.329 22.313 22.285 22.253 22.292 22.236 22.231 h 21.976 21.956 21.939 21.918 21.885 21.82 21.705 21.536 21.421 21.415 21.287 21.315 21.237 21.223 21.201 21.16 21.094 21.044 21.026 20.973 20.954 20.934 20.924 20.914 20.904 20.886 20.863 20.841 h 
30.139 29.801 28.831 26.881 24.896 24.881 24.874 24.867 24.854 24.84 24.834 24.827 24.822 h 24.163 24.135 24.098 24.076 24.035 23.959 23.833 23.694 23.686 23.669 23.61 23.599 23.579 23.54 23.481 23.433 23.349 23.283 23.321 23.197 23.179 23.16 23.14 23.113 23.088 23.065 h 23.003 22.954 22.884 22.895 22.765 22.641 22.442 22.259 22.205 22.138 22.111 22.093 22.088 22.082 22.072 22.06 22.044 h 21.89 21.864 21.861 21.857 21.854 21.852 21.844 21.834 h 
