33.75 
33.32 
32.044 
29.261 
25.506 
25.247 
25.21 
25.195 
25.186 
25.169 
25.135 
25.08 
25.039 
25.042 
h 
24.673 
24.557 
24.426 
24.39 
24.362 
24.319 
24.253 
24.21 
24.192 
24.167 
24.149 
24.122 
24.096 
24.068 
24.108 
24.056 
24.046 
24.034 
h 
23.691 
23.638 
23.594 
23.574 
23.543 
23.509 
23.49 
23.46 
h 
23.221 
23.174 
23.131 
23.104 
23.076 
23.053 
23.019 
22.968 
22.908 
22.878 
22.834 
22.802 
22.788 
22.764 
22.723 
22.652 
22.621 
22.593 
22.563 
22.552 
22.54 
22.521 
22.484 
22.42 
22.33 
22.846 
22.647 
22.279 
22.279 
22.278 
22.276 
22.275 
22.273 
22.27 
22.265 
22.278 
h 
