26.081 
25.977 
25.696 
25.199 
24.864 
24.846 
24.822 
24.786 
24.745 
24.772 
24.759 
24.727 
24.727 
h 
24.735 
24.678 
24.499 
24.159 
23.847 
23.831 
23.805 
23.761 
23.681 
23.549 
23.379 
23.398 
23.982 
23.319 
23.318 
23.317 
23.314 
23.309 
23.305 
23.3 
23.296 
23.289 
h 
23.233 
23.212 
23.192 
23.154 
23.079 
22.946 
22.763 
22.68 
22.666 
22.643 
22.615 
22.565 
22.49 
22.423 
22.406 
22.379 
22.353 
22.33 
22.312 
22.282 
22.247 
22.192 
22.164 
22.277 
22.096 
22.084 
22.075 
22.063 
22.049 
22.029 
h 
21.982 
21.971 
21.958 
21.932 
21.884 
21.804 
21.703 
21.651 
21.59 
21.505 
21.403 
21.325 
21.279 
21.275 
21.251 
21.243 
21.228 
21.199 
21.188 
21.16 
21.15 
21.176 
21.127 
21.11 
21.078 
21.028 
21.015 
h 
