26.402 
26.332 
26.141 
25.805 
25.504 
25.47 
25.421 
25.353 
h 
25.023 
24.863 
24.734 
24.486 
24.047 
23.444 
22.751 
22.515 
h 
22.023 
22.021 
21.795 
21.632 
21.308 
20.723 
19.891 
19.697 
h 
19.292 
19.146 
19.064 
19.02 
18.963 
18.884 
18.797 
18.725 
h 
18.001 
17.977 
17.964 
17.949 
17.918 
17.858 
17.749 
17.584 
h 
17.186 
16.933 
16.815 
16.789 
16.776 
16.754 
16.715 
16.653 
h 
16.168 
16.046 
16.002 
15.926 
15.811 
15.622 
15.348 
14.992 
h 
14.751 
14.681 
14.576 
14.58 
14.48 
14.403 
14.275 
14.1 
h 
13.402 
13.347 
13.268 
13.246 
13.206 
13.138 
13.05 
12.97 
h 
12.166 
12.146 
12.059 
11.998 
11.941 
11.863 
11.717 
11.501 
h 
