40.505 
40.079 
38.751 
35.418 
28.391 
27.606 
24.831 
24.747 
h 
22.89 
22.643 
22.585 
22.558 
22.5 
22.384 
22.166 
21.789 
h 
20.705 
22.976 
20.414 
20.351 
20.301 
20.234 
20.191 
20.128 
20.043 
19.913 
h 
19.231 
19.255 
19.207 
19.174 
19.108 
18.988 
18.789 
18.541 
h 
18.188 
18.194 
18.144 
18.13 
18.108 
18.064 
17.987 
17.875 
h 
17.395 
17.286 
17.232 
17.196 
17.148 
17.075 
16.952 
16.744 
h 
16.35 
16.327 
16.188 
16.138 
16.076 
15.999 
15.881 
15.855 
h 
15.743 
15.72 
15.689 
15.656 
15.6 
15.509 
15.389 
15.301 
h 
14.029 
14.01 
13.998 
13.984 
13.958 
13.912 
13.833 
13.731 
h 
13.294 
13.043 
12.998 
12.962 
12.942 
12.933 
12.915 
12.882 
h 
