28.738 
28.35 
27.292 
25.453 
24.297 
24.268 
24.218 
24.162 
h 
23.376 
23.278 
23.194 
23.13 
23.001 
22.766 
22.432 
22.146 
h 
21.627 
21.988 
21.473 
21.352 
21.106 
20.658 
19.992 
19.534 
19.516 
19.518 
h 
19.36 
19.329 
19.304 
19.295 
19.288 
19.276 
19.262 
19.233 
h 
18.869 
18.8 
18.758 
18.675 
18.533 
18.376 
18.168 
17.929 
h 
15.641 
15.608 
15.545 
15.447 
15.324 
15.127 
14.808 
14.435 
h 
13.56 
13.444 
13.417 
13.39 
13.361 
13.319 
13.263 
13.167 
h 
12.634 
12.63 
12.625 
12.612 
12.583 
12.524 
12.413 
12.229 
h 
11.732 
11.692 
11.656 
11.644 
11.62 
11.569 
11.48 
11.358 
h 
11.126 
11.057 
11.015 
10.965 
10.9 
10.79 
10.622 
10.403 
h 
9.558 
9.498 
9.419 
9.327 
9.226 
9.121 
8.843 
8.582 
h 
8.024 
8.022 
7.995 
7.97 
7.942 
7.92 
7.887 
7.841 
h 
7.562 
7.549 
7.499 
7.469 
7.412 
7.352 
7.216 
7.158 
h 
6.997 
6.695 
6.673 
6.658 
6.637 
6.622 
6.606 
6.591 
h 
6.392 
6.259 
6.15 
6.132 
6.118 
6.087 
6.048 
5.984 
h 
5.759 
5.565 
5.422 
5.397 
5.27 
5.184 
5.088 
4.924 
h 
4.309 
4.243 
4.221 
4.189 
4.156 
4.125 
4.11 
4.059 
h 
3.798 
3.756 
3.69 
3.617 
3.613 
3.712 
3.521 
3.507 
h 
3.101 
3.1 
3.09 
3.074 
3.048 
3.033 
3.003 
2.942 
h 
2.211 
2.089 
1.949 
1.749 
1.72 
1.617 
1.544 
1.438 
h 
1.297 
1.137 
1.062 
1.212 
0.991 
0.956 
0.924 
0.867 
h 
0.656 
0.604 
0.538 
0.516 
0.514 
0.532 
0.508 
0.507 
h 
0.348 
0.347 
0.346 
0.344 
0.34 
0.332 
0.328 
0.31 
h 
0.284 
