27.276 
27.14 
26.766 
26.086 
25.521 
25.493 
25.437 
25.333 
h 
24.169 
24.099 
23.954 
23.93 
23.882 
23.785 
23.601 
23.294 
h 
22.845 
23.122 
22.659 
22.59 
22.459 
22.241 
21.924 
21.806 
21.637 
21.566 
h 
20.652 
20.544 
20.52 
20.507 
20.488 
20.458 
20.423 
20.39 
h 
20.143 
20.102 
20.074 
20.063 
19.956 
19.814 
19.577 
19.286 
h 
18.869 
18.688 
18.612 
18.612 
18.351 
18.174 
17.971 
17.841 
h 
17.663 
17.659 
17.652 
17.637 
17.613 
17.572 
17.511 
17.467 
h 
17.025 
16.973 
16.941 
16.902 
16.839 
16.726 
16.559 
16.422 
h 
16.603 
15.584 
15.546 
15.507 
15.48 
15.461 
15.424 
15.361 
h 
14.724 
14.691 
14.647 
14.61 
14.572 
14.525 
14.468 
14.379 
h 
