41.996 
41.486 
39.891 
35.89 
27.77 
26.834 
24.443 
24.277 
h 
23.372 
23.241 
23.21 
23.155 
23.05 
22.901 
22.746 
22.739 
h 
22.593 
22.559 
22.524 
22.453 
22.313 
22.08 
21.848 
21.653 
h 
21.27 
21.359 
21.26 
21.208 
21.183 
21.145 
21.094 
21.064 
h 
19.733 
19.7 
19.705 
19.658 
19.62 
19.547 
19.427 
19.263 
h 
18.84 
18.748 
18.714 
18.696 
18.674 
18.634 
18.563 
18.437 
h 
18.059 
17.772 
17.665 
17.633 
17.587 
17.515 
17.41 
17.433 
h 
17.85 
17.407 
17.065 
17.052 
17.039 
17.021 
16.995 
16.974 
h 
16.604 
16.508 
16.435 
16.393 
16.387 
16.332 
16.296 
16.242 
h 
15.323 
15.288 
15.259 
15.221 
15.175 
15.088 
14.939 
14.748 
h 
