30.408 
30.036 
28.978 
26.916 
25.081 
25.066 
25.042 
25.009 
h 
23.386 
23.285 
23.244 
23.177 
23.037 
22.759 
22.243 
22.033 
h 
21.286 
20.939 
20.824 
20.727 
20.591 
20.391 
20.283 
20.366 
h 
19.086 
19.037 
18.928 
18.703 
18.311 
17.739 
16.99 
17.021 
h 
16.619 
16.104 
15.965 
15.932 
15.87 
15.765 
15.688 
15.748 
h 
15.541 
15.527 
15.497 
15.439 
15.358 
15.243 
15.073 
14.851 
h 
13.722 
13.626 
13.592 
13.556 
13.503 
13.412 
13.294 
13.362 
h 
12.962 
12.926 
12.884 
12.817 
12.743 
12.663 
12.551 
12.362 
h 
11.231 
11.106 
11.059 
11.026 
10.973 
10.893 
10.826 
10.735 
h 
10.595 
10.551 
10.509 
10.483 
10.465 
10.445 
10.411 
10.364 
h 
9.945 
9.853 
9.815 
9.754 
9.683 
9.593 
9.521 
9.544 
h 
9.323 
9.214 
9.052 
8.919 
8.721 
8.45 
8.588 
8.135 
h 
7.639 
7.519 
7.455 
7.412 
7.367 
7.258 
7.15 
6.986 
h 
