32.535 
32.174 
31.105 
28.764 
25.493 
25.181 
25.116 
25.071 
h 
24.516 
24.48 
24.417 
24.328 
24.19 
23.985 
23.735 
23.555 
h 
22.6 
22.564 
22.302 
22.24 
22.123 
21.927 
21.618 
21.271 
h 
20.505 
20.355 
20.206 
20.125 
20.054 
19.969 
19.852 
19.729 
h 
19.284 
19.221 
19.166 
19.11 
19.004 
18.819 
18.536 
18.293 
h 
18.193 
17.859 
17.802 
17.778 
17.753 
17.719 
17.681 
17.637 
h 
17.051 
16.986 
16.904 
16.847 
16.801 
16.712 
16.555 
16.325 
h 
16.153 
15.866 
15.831 
15.816 
15.79 
15.745 
15.676 
15.72 
h 
14.801 
14.614 
14.526 
14.483 
14.465 
14.407 
14.349 
14.261 
h 
14.076 
13.998 
13.945 
13.919 
13.886 
13.829 
13.753 
13.669 
h 
