25.261 
25.256 
25.24 
25.208 
25.158 
25.082 
24.985 
24.869 
h 
24.277 
24.327 
24.253 
24.231 
24.189 
24.117 
24.03 
24.008 
h 
23.635 
23.599 
23.534 
23.474 
23.454 
23.421 
23.379 
23.342 
h 
22.771 
22.756 
22.732 
22.694 
22.624 
22.505 
22.335 
22.231 
h 
22.059 
22.041 
21.952 
21.911 
21.852 
21.801 
21.791 
21.785 
h 
21.43 
21.376 
21.264 
21.102 
21.007 
20.952 
20.981 
20.886 
h 
19.757 
19.714 
19.68 
19.644 
19.603 
19.555 
19.472 
19.355 
h 
18.627 
18.72 
18.47 
18.453 
18.422 
18.371 
18.294 
18.18 
h 
18.068 
17.903 
17.852 
17.835 
17.802 
17.749 
17.694 
17.629 
h 
16.986 
16.792 
16.756 
16.71 
16.65 
16.539 
16.356 
16.057 
h 
