26.772 
26.587 
26.073 
25.115 
24.348 
24.333 
24.327 
24.317 
h 
23.558 
23.509 
23.481 
23.417 
23.287 
23.049 
22.685 
22.385 
h 
21.753 
21.642 
21.458 
21.227 
20.953 
21.052 
20.618 
20.445 
h 
20.174 
20.023 
19.818 
19.789 
19.791 
19.606 
19.531 
19.386 
h 
17.574 
17.539 
17.394 
17.323 
17.203 
17.024 
16.76 
16.555 
h 
16.315 
16.277 
16.248 
16.23 
16.21 
16.172 
16.108 
16.016 
h 
15.656 
15.604 
15.533 
15.639 
15.243 
14.987 
14.624 
14.181 
h 
13.274 
13.275 
13.189 
13.178 
13.159 
13.121 
13.053 
12.948 
h 
12.979 
12.684 
12.541 
12.528 
12.511 
12.48 
12.432 
12.408 
h 
12.398 
12.249 
12.225 
12.218 
12.203 
12.176 
12.126 
12.036 
h 
