26.152 
26.026 
25.668 
24.961 
24.186 
24.172 
24.171 
24.17 
h 
23.441 
23.4 
23.336 
23.284 
23.213 
23.074 
22.831 
22.49 
h 
21.502 
21.309 
21.132 
20.924 
20.736 
20.439 
20.066 
19.857 
h 
19.604 
19.56 
19.489 
19.374 
19.273 
19.27 
19.266 
19.255 
h 
18.549 
18.508 
18.42 
18.275 
18.127 
18.105 
18.075 
18.02 
h 
17.767 
17.733 
17.677 
17.629 
17.579 
17.519 
17.458 
17.361 
h 
17.119 
17.154 
17.044 
17.004 
16.949 
16.851 
16.718 
16.666 
h 
16.466 
16.374 
16.274 
16.215 
16.21 
16.205 
16.196 
16.187 
h 
15.654 
15.67 
15.591 
15.543 
15.454 
15.283 
15.005 
14.628 
h 
14.087 
13.963 
13.897 
13.769 
13.537 
13.192 
12.742 
12.587 
h 
