25.076 
24.992 
24.771 
24.405 
24.177 
24.158 
24.123 
24.079 
h 
23.163 
23.079 
23.0 
22.927 
22.78 
22.505 
22.064 
21.592 
h 
21.353 
21.224 
21.116 
21.014 
20.806 
20.424 
19.827 
19.191 
h 
16.685 
17.082 
16.508 
16.42 
16.27 
15.999 
15.563 
15.097 
14.97 
14.927 
h 
14.62 
14.567 
14.495 
14.466 
14.45 
14.418 
14.359 
14.255 
h 
13.75 
13.717 
13.668 
13.652 
13.623 
13.579 
13.502 
13.404 
h 
12.834 
12.795 
12.768 
12.722 
12.66 
12.545 
12.439 
12.337 
h 
12.17 
12.082 
11.963 
11.896 
11.882 
11.87 
11.884 
11.865 
h 
11.499 
11.427 
11.315 
11.209 
11.169 
11.158 
11.122 
11.081 
h 
10.964 
10.928 
10.832 
10.734 
10.661 
10.57 
10.592 
10.531 
h 
10.216 
10.167 
10.155 
10.109 
10.038 
9.925 
9.801 
9.602 
h 
8.895 
8.773 
8.751 
8.705 
8.67 
8.623 
8.618 
8.516 
h 
8.004 
7.957 
7.926 
7.888 
7.856 
7.822 
7.758 
7.651 
h 
