33.974 
33.409 
31.756 
28.334 
24.792 
24.711 
24.613 
24.442 
h 
23.872 
23.874 
23.819 
23.769 
23.673 
23.514 
23.318 
23.259 
h 
23.058 
23.013 
22.946 
22.846 
22.686 
22.446 
22.137 
21.996 
h 
21.507 
21.334 
21.195 
21.1 
20.99 
20.923 
20.828 
20.743 
h 
20.46 
20.362 
20.235 
20.115 
20.056 
19.897 
19.645 
19.416 
h 
18.789 
18.737 
18.692 
18.672 
18.628 
18.548 
18.404 
18.183 
h 
17.282 
17.209 
17.138 
17.053 
16.895 
16.649 
16.245 
15.692 
h 
15.377 
15.355 
15.332 
15.316 
15.295 
15.272 
15.221 
15.152 
h 
14.518 
14.462 
14.404 
14.32 
14.199 
14.065 
13.836 
13.516 
h 
11.913 
11.82 
11.734 
12.149 
11.598 
11.485 
11.364 
11.173 
10.984 
10.876 
10.824 
10.751 
h 
10.064 
10.016 
10.015 
9.935 
9.9 
9.839 
9.744 
9.611 
h 
9.502 
9.45 
9.393 
9.345 
9.292 
9.218 
9.11 
8.968 
h 
8.494 
8.477 
8.465 
8.408 
8.351 
8.283 
8.175 
8.023 
h 
7.494 
7.347 
7.328 
7.292 
7.25 
7.178 
7.243 
7.083 
h 
6.76 
6.604 
6.464 
6.828 
6.347 
6.288 
6.195 
6.043 
5.869 
5.805 
5.778 
5.687 
h 
5.537 
5.496 
5.459 
5.45 
5.431 
5.404 
5.377 
5.344 
h 
4.856 
4.783 
4.723 
4.704 
4.683 
4.656 
4.623 
4.584 
h 
4.384 
4.139 
4.082 
4.064 
4.04 
3.995 
3.953 
3.922 
h 
3.837 
3.787 
3.683 
3.592 
3.555 
3.489 
3.435 
3.398 
h 
3.001 
2.941 
2.882 
2.839 
2.808 
2.77 
2.715 
2.658 
h 
2.551 
2.485 
2.463 
2.451 
2.437 
2.423 
2.401 
2.374 
h 
2.196 
2.177 
2.17 
2.163 
2.152 
2.133 
2.111 
2.185 
h 
1.964 
1.921 
1.868 
1.84 
1.823 
1.798 
1.771 
1.743 
h 
1.657 
1.631 
1.607 
1.584 
1.589 
1.581 
1.58 
1.58 
h 
1.328 
1.322 
1.316 
1.312 
1.306 
1.293 
1.269 
1.223 
h 
