28.552 
28.265 
27.476 
26.07 
25.071 
24.998 
24.864 
24.663 
h 
24.268 
24.315 
24.111 
23.944 
23.618 
23.052 
22.332 
22.099 
h 
18.987 
18.561 
18.399 
18.259 
17.996 
17.566 
16.977 
16.466 
h 
16.3 
16.219 
16.162 
16.157 
16.149 
16.14 
16.113 
16.068 
h 
15.346 
15.131 
15.103 
15.094 
15.074 
15.033 
14.957 
14.826 
h 
14.403 
14.368 
14.748 
14.31 
14.3 
14.28 
14.24 
14.166 
14.041 
13.891 
13.848 
h 
12.953 
12.927 
12.872 
12.804 
12.746 
12.696 
12.565 
12.415 
h 
11.716 
11.653 
11.604 
11.577 
11.544 
11.485 
11.404 
11.324 
h 
11.342 
11.206 
11.099 
11.058 
11.049 
11.043 
11.038 
11.028 
h 
10.59 
10.514 
10.475 
10.463 
10.443 
10.413 
10.376 
10.316 
h 
10.027 
9.921 
9.886 
9.881 
9.877 
9.868 
9.849 
9.826 
h 
9.698 
9.628 
9.59 
9.537 
9.5 
9.66 
9.385 
9.295 
h 
