25.433 
25.388 
25.268 
25.065 
24.949 
24.947 
24.944 
24.942 
h 
24.353 
24.231 
24.066 
24.026 
24.002 
23.953 
23.859 
23.699 
h 
22.858 
22.754 
22.714 
22.663 
22.617 
22.535 
22.417 
22.359 
h 
22.084 
22.075 
22.06 
22.045 
22.023 
21.98 
21.915 
21.853 
h 
21.784 
21.728 
21.637 
21.558 
21.405 
21.243 
21.014 
20.82 
h 
20.578 
20.565 
20.549 
20.54 
20.526 
20.499 
20.453 
20.401 
h 
19.742 
19.6 
19.512 
19.488 
19.466 
19.447 
19.421 
19.378 
h 
19.046 
18.982 
18.937 
18.921 
18.899 
18.858 
18.784 
18.667 
h 
18.264 
18.357 
18.25 
18.117 
17.996 
17.764 
17.37 
16.929 
h 
15.346 
15.275 
15.224 
15.15 
15.021 
14.807 
14.519 
14.257 
h 
13.631 
13.508 
13.491 
13.478 
13.423 
13.361 
13.256 
13.109 
h 
11.858 
12.377 
11.785 
11.765 
11.726 
11.654 
11.543 
11.375 
11.238 
11.204 
h 
10.433 
10.337 
10.253 
10.195 
10.138 
10.056 
9.945 
9.758 
h 
8.775 
8.852 
8.662 
8.447 
8.384 
8.297 
8.182 
8.1 
h 
7.601 
7.483 
7.471 
7.455 
7.437 
7.408 
7.373 
7.304 
h 
6.713 
6.648 
6.605 
6.568 
6.538 
6.482 
6.402 
6.313 
h 
5.813 
5.735 
5.61 
5.459 
5.429 
5.256 
5.101 
4.919 
h 
4.525 
4.454 
4.395 
4.371 
4.345 
4.315 
4.281 
4.254 
h 
3.643 
3.607 
3.531 
3.465 
3.376 
3.323 
3.252 
3.069 
h 
2.326 
2.148 
1.987 
1.947 
1.875 
1.779 
1.718 
1.634 
h 
1.693 
1.465 
1.452 
1.433 
1.409 
1.384 
1.358 
1.34 
h 
1.037 
0.999 
0.975 
0.972 
0.967 
0.96 
0.947 
0.923 
h 
0.773 
0.735 
0.687 
0.631 
0.663 
0.633 
0.61 
0.608 
h 
0.564 
0.558 
0.546 
0.526 
0.517 
0.499 
0.467 
0.42 
h 
0.244 
