30.408,NA
30.036,NA
28.978,NA
26.916,NA
25.081,NA
25.066,NA
25.042,NA
25.009,25.469
23.386,NA
23.285,NA
23.244,NA
23.177,NA
23.037,NA
22.759,NA
22.243,NA
22.033,22.493000000000002
21.286,NA
20.939,NA
20.824,NA
20.727,NA
20.591,NA
20.391,NA
20.283,NA
20.366,20.826
19.086,NA
19.037,NA
18.928,NA
18.703,NA
18.311,NA
17.739,NA
16.99,NA
17.021,17.481
16.619,NA
16.104,NA
15.965,NA
15.932,NA
15.87,NA
15.765,NA
15.688,NA
15.748,16.208
15.541,NA
15.527,NA
15.497,NA
15.439,NA
15.358,NA
15.243,NA
15.073,NA
14.851,15.311000000000002
13.722,NA
13.626,NA
13.592,NA
13.556,NA
13.503,NA
13.412,NA
13.294,NA
13.362,13.822000000000001
12.962,NA
12.926,NA
12.884,NA
12.817,NA
12.743,NA
12.663,NA
12.551,NA
12.362,12.822000000000001
11.231,NA
11.106,NA
11.059,NA
11.026,NA
10.973,NA
10.893,NA
10.826,NA
10.735,11.195
10.595,NA
10.551,NA
10.509,NA
10.483,NA
10.465,NA
10.445,NA
10.411,NA
10.364,10.824000000000002
9.945,NA
9.853,NA
9.815,NA
9.754,NA
9.683,NA
9.593,NA
9.521,NA
9.544,10.004000000000001
9.323,NA
9.214,NA
9.052,NA
8.919,NA
8.721,NA
8.45,NA
8.588,NA
8.135,8.595
7.639,NA
7.519,NA
7.455,NA
7.412,NA
7.367,NA
7.258,NA
7.15,NA
6.986,7.446
