27.103 
26.929 
26.44 
25.516 
24.713 
24.702 
24.685 
24.66 
h 
23.411 
23.132 
22.895 
22.862 
22.79 
22.646 
22.381 
21.941 
h 
19.939 
20.435 
19.787 
19.665 
19.417 
18.972 
18.284 
17.581 
17.46 
17.436 
h 
17.156 
17.124 
17.112 
17.097 
17.074 
17.028 
16.94 
16.773 
h 
16.274 
16.361 
18.005 
16.113 
16.041 
15.952 
15.91 
15.884 
15.853 
15.806 
15.755 
h 
15.029 
14.773 
14.702 
14.702 
14.675 
14.643 
14.582 
14.472 
h 
14.182 
14.018 
13.996 
13.965 
13.918 
13.902 
13.884 
13.866 
h 
13.657 
13.635 
13.614 
13.585 
13.544 
13.516 
13.479 
13.412 
h 
13.213 
13.155 
13.098 
13.07 
13.026 
12.977 
12.959 
12.893 
h 
12.602 
12.506 
12.428 
12.396 
12.355 
12.283 
12.164 
12.001 
h 
11.792 
11.77 
11.689 
11.659 
11.601 
11.499 
11.358 
11.12 
h 
10.588 
10.421 
10.387 
10.387 
10.382 
10.371 
10.35 
10.315 
h 
