25.757 
25.658 
25.392 
24.941 
24.641 
24.605 
24.544 
24.461 
h 
23.517 
23.224 
23.131 
23.096 
23.029 
22.904 
22.673 
22.303 
h 
21.288 
22.252 
21.438 
21.11 
20.941 
20.644 
20.194 
19.855 
19.85 
19.847 
h 
19.753 
19.749 
19.735 
19.718 
19.687 
19.63 
19.539 
19.437 
h 
18.674 
18.593 
18.514 
18.463 
18.372 
18.234 
18.011 
17.615 
h 
16.533 
16.305 
16.05 
15.76 
15.509 
15.153 
14.647 
14.188 
h 
13.843 
13.611 
13.593 
13.582 
13.56 
13.516 
13.433 
13.298 
h 
13.045 
13.117 
13.021 
13.008 
13.0 
12.983 
12.949 
12.887 
h 
12.143 
12.091 
12.079 
12.043 
11.999 
11.935 
11.837 
11.678 
h 
11.387 
11.163 
11.199 
11.126 
11.118 
11.111 
11.101 
11.08 
h 
10.654 
10.588 
10.555 
10.528 
10.481 
10.399 
10.263 
10.047 
h 
9.34 
9.201 
9.107 
9.01 
8.968 
8.862 
8.856 
8.715 
h 
8.615 
8.523 
8.37 
8.157 
7.963 
8.144 
7.623 
7.343 
h 
6.849 
6.803 
6.729 
6.634 
6.511 
6.332 
6.065 
5.678 
h 
5.065 
4.894 
4.73 
4.675 
4.58 
4.532 
4.484 
4.438 
h 
4.119 
4.089 
4.072 
4.075 
4.063 
4.041 
4.015 
3.992 
h 
3.71 
3.64 
3.609 
3.569 
3.554 
3.53 
3.487 
3.431 
h 
3.149 
3.071 
2.938 
2.727 
2.7 
2.593 
2.541 
2.524 
h 
2.39 
2.388 
2.385 
2.377 
2.364 
2.34 
2.296 
2.237 
h 
1.936 
1.907 
1.813 
1.774 
1.75 
1.73 
1.703 
1.667 
h 
1.236 
1.212 
1.189 
1.164 
1.141 
1.123 
1.105 
1.092 
h 
0.99 
0.947 
0.893 
0.858 
0.828 
0.802 
0.774 
0.742 
h 
0.662 
0.619 
0.569 
0.529 
0.49 
0.531 
0.526 
0.458 
h 
0.301 
