24.174 
24.152 
24.092 
23.987 
23.89 
23.859 
23.825 
23.765 
h 
22.953 
22.401 
22.338 
22.235 
22.129 
21.994 
21.864 
21.76 
h 
21.385 
21.318 
21.198 
21.025 
20.798 
20.668 
20.321 
20.183 
h 
19.481 
19.48 
19.474 
19.463 
19.441 
19.4 
19.333 
19.268 
h 
18.873 
18.848 
18.835 
18.816 
18.782 
18.722 
18.632 
18.542 
h 
18.116 
18.066 
18.057 
18.053 
18.046 
18.033 
18.011 
17.996 
h 
17.949 
17.78 
17.581 
17.504 
17.498 
17.494 
17.488 
17.476 
h 
17.309 
17.248 
17.211 
17.146 
17.042 
16.92 
16.985 
17.264 
h 
16.616 
16.52 
16.506 
16.497 
16.483 
16.456 
16.412 
16.356 
h 
15.566 
15.591 
15.518 
15.493 
15.449 
15.383 
15.282 
15.168 
h 
