27.326 
27.185 
26.792 
26.057 
25.42 
25.333 
25.17 
24.906 
h 
23.998 
27.294 
23.94 
23.893 
23.797 
23.614 
23.301 
22.902 
22.658 
22.477 
h 
21.137 
21.061 
20.97 
20.883 
20.737 
20.528 
20.316 
20.255 
h 
19.945 
19.897 
19.823 
19.759 
19.665 
19.506 
19.308 
19.166 
h 
18.802 
18.775 
18.733 
18.694 
18.671 
18.629 
18.546 
18.42 
h 
18.162 
18.088 
18.04 
17.998 
17.931 
17.85 
17.848 
17.739 
h 
17.144 
17.103 
17.084 
17.055 
16.999 
16.896 
16.748 
16.495 
h 
14.754 
14.801 
14.642 
14.608 
14.551 
14.444 
14.272 
14.063 
h 
13.691 
13.491 
13.428 
13.422 
13.408 
13.392 
13.353 
13.284 
h 
12.351 
12.151 
12.095 
12.009 
11.868 
11.805 
11.516 
11.173 
h 
10.481 
10.425 
10.385 
10.349 
10.301 
10.261 
10.283 
10.234 
h 
9.729 
9.707 
9.685 
9.646 
9.599 
9.55 
9.471 
9.4 
h 
9.197 
9.144 
9.093 
9.057 
9.003 
8.942 
8.85 
8.768 
h 
8.088 
8.026 
7.988 
7.949 
7.901 
7.82 
7.733 
7.644 
h 
6.987 
6.896 
6.883 
6.868 
6.854 
6.843 
6.839 
6.8 
h 
6.557 
6.534 
6.53 
6.531 
6.527 
6.516 
6.497 
6.478 
h 
6.197 
6.151 
6.315 
6.851 
6.147 
6.121 
6.074 
6.002 
5.885 
5.736 
5.603 
5.432 
h 
5.238 
5.346 
5.104 
5.096 
5.083 
5.066 
5.046 
5.015 
5.03 
4.984 
h 
4.6 
4.574 
4.568 
4.556 
4.535 
4.513 
4.48 
4.417 
h 
4.174 
4.085 
4.069 
4.052 
4.045 
4.036 
4.016 
3.979 
h 
3.605 
3.517 
3.468 
3.448 
3.426 
3.381 
3.308 
3.205 
h 
2.416 
2.358 
2.302 
2.223 
2.185 
2.149 
2.097 
2.015 
h 
1.587 
1.462 
1.465 
1.4 
1.359 
1.285 
1.191 
1.061 
h 
0.712 
0.834 
0.608 
0.569 
0.515 
0.441 
0.388 
0.408 
0.396 
