24.699 
24.697 
24.694 
24.686 
24.67 
24.64 
24.588 
24.527 
h 
23.473 
23.235 
23.157 
23.112 
23.042 
22.905 
22.642 
22.168 
h 
20.509 
22.174 
20.316 
20.18 
19.912 
19.454 
18.855 
18.583 
18.548 
18.541 
h 
18.442 
18.435 
18.425 
18.408 
18.381 
18.33 
18.253 
18.179 
h 
17.389 
17.169 
17.045 
16.89 
16.772 
16.589 
16.429 
16.097 
h 
14.478 
14.399 
14.286 
14.168 
14.018 
13.842 
13.803 
13.43 
h 
12.607 
12.542 
12.494 
12.466 
12.419 
12.346 
12.21 
11.991 
h 
10.79 
10.744 
10.681 
10.663 
10.638 
10.598 
10.532 
10.439 
h 
10.178 
9.987 
9.833 
9.821 
9.814 
9.801 
9.78 
9.746 
h 
9.264 
9.2 
9.145 
9.097 
9.021 
8.894 
8.71 
8.432 
h 
6.976 
6.973 
6.946 
6.92 
6.879 
6.791 
6.643 
6.399 
h 
5.647 
5.59 
5.557 
5.536 
5.511 
5.455 
5.368 
5.22 
h 
4.481 
4.784 
4.593 
4.362 
4.328 
4.273 
4.193 
4.078 
3.945 
3.777 
h 
3.161 
3.189 
3.1 
3.043 
2.99 
2.934 
2.865 
2.769 
h 
2.442 
2.248 
2.104 
2.049 
2.417 
1.985 
1.973 
1.951 
h 
1.742 
1.669 
1.62 
1.61 
1.598 
1.595 
1.577 
1.567 
h 
1.534 
1.491 
1.417 
1.319 
1.265 
1.196 
1.169 
1.116 
h 
1.02 
1.019 
0.992 
0.975 
0.97 
0.964 
0.955 
0.939 
h 
0.852 
0.819 
0.947 
0.791 
0.775 
0.757 
0.73 
0.696 
0.651 
0.584 
0.494 
h 
0.414 
0.468 
0.41 
0.409 
0.408 
0.407 
0.406 
0.404 
0.403 
0.408 
h 
0.339 
0.335 
0.329 
