24.811 
24.775 
24.679 
24.513 
24.381 
24.351 
24.312 
24.273 
h 
23.868 
23.831 
23.791 
23.749 
23.669 
23.542 
23.351 
23.195 
h 
22.892 
22.835 
22.733 
22.552 
22.489 
22.818 
22.09 
22.032 
h 
21.336 
21.303 
21.288 
21.263 
21.215 
21.13 
20.996 
20.847 
h 
19.97 
19.735 
19.581 
19.484 
19.393 
19.337 
19.269 
19.121 
h 
18.703 
18.658 
18.595 
18.529 
18.449 
18.398 
18.305 
18.193 
h 
17.723 
17.652 
17.596 
17.527 
17.409 
17.25 
17.015 
16.796 
h 
16.392 
16.341 
16.32 
16.291 
16.238 
16.132 
15.973 
15.761 
h 
15.587 
15.515 
15.364 
15.159 
14.885 
14.597 
14.345 
14.139 
h 
13.038 
13.006 
12.987 
12.99 
12.95 
12.924 
12.876 
12.8 
h 
