35.627 
35.214 
33.962 
31.041 
26.068 
25.39 
24.99 
24.988 
24.983 
24.976 
24.972 
24.97 
24.969 
24.967 
24.966 
h 
23.155 
23.104 
22.988 
22.789 
22.542 
22.176 
21.527 
20.594 
19.795 
19.048 
18.634 
18.588 
17.745 
17.647 
17.504 
17.355 
17.25 
17.137 
16.975 
16.852 
16.79 
16.73 
16.697 
16.632 
16.521 
16.389 
16.297 
16.142 
15.948 
16.257 
15.862 
15.793 
15.748 
15.7 
15.671 
15.62 
15.541 
15.472 
15.409 
15.697 
15.354 
15.345 
15.333 
15.309 
15.262 
15.185 
15.096 
15.018 
14.971 
14.95 
14.92 
14.889 
14.862 
14.826 
14.777 
14.807 
14.745 
14.741 
14.733 
14.716 
14.682 
14.648 
14.629 
14.598 
14.559 
14.544 
14.638 
14.523 
14.515 
14.501 
14.478 
14.454 
14.442 
14.441 
14.438 
14.434 
h 
13.814 
13.775 
13.721 
13.661 
13.563 
13.398 
13.09 
12.563 
11.832 
11.261 
11.01 
10.861 
10.69 
10.495 
10.22 
10.279 
10.084 
9.989 
9.969 
9.931 
9.865 
9.746 
9.562 
9.599 
10.949 
9.263 
9.233 
9.173 
9.058 
8.846 
8.508 
8.8 
8.712 
8.255 
8.239 
8.206 
8.143 
8.03 
8.034 
7.974 
7.957 
7.927 
7.881 
7.796 
7.657 
7.754 
7.734 
7.526 
7.518 
7.504 
7.489 
7.474 
7.446 
7.395 
7.311 
7.397 
8.267 
7.241 
7.237 
7.235 
7.231 
7.225 
7.213 
7.188 
7.145 
7.079 
7.075 
7.073 
7.02 
7.016 
7.009 
6.995 
6.974 
6.997 
6.963 
6.951 
6.95 
6.948 
6.94 
6.936 
h 
6.688 
6.593 
6.528 
6.516 
6.503 
6.486 
6.462 
6.496 
6.451 
6.439 
6.422 
6.405 
6.377 
6.328 
6.284 
6.267 
6.339 
6.233 
6.226 
6.214 
6.196 
6.167 
6.136 
6.108 
6.27 
6.061 
6.057 
6.056 
6.054 
6.051 
6.048 
6.043 
6.008 
6.0 
5.998 
5.994 
5.984 
5.965 
5.931 
5.901 
6.004 
5.87 
5.863 
5.856 
5.847 
5.829 
5.798 
5.759 
6.141 
5.751 
5.751 
5.75 
5.74 
5.732 
5.726 
5.722 
5.714 
5.711 
h 
5.704 
5.609 
5.546 
5.544 
5.54 
5.531 
5.514 
5.489 
5.474 
5.459 
5.455 
5.441 
5.428 
5.404 
5.403 
5.396 
5.386 
5.372 
5.352 
5.338 
5.31 
5.335 
5.311 
5.311 
5.31 
5.309 
5.307 
5.307 
5.304 
h 
5.097 
5.089 
5.083 
5.08 
5.071 
5.056 
5.026 
4.978 
4.903 
4.844 
4.803 
4.773 
4.76 
4.742 
4.714 
4.666 
4.612 
4.899 
4.614 
4.562 
4.55 
4.541 
4.53 
4.509 
4.475 
4.433 
4.491 
4.451 
4.375 
4.371 
4.364 
4.35 
4.335 
4.314 
4.326 
4.288 
4.263 
4.236 
4.228 
4.224 
4.22 
4.211 
4.19 
4.175 
4.157 
4.125 
4.121 
4.165 
4.063 
4.058 
4.05 
4.034 
4.003 
3.967 
4.11 
3.961 
3.957 
3.95 
3.948 
3.939 
3.926 
3.914 
3.891 
3.915 
3.878 
3.873 
3.864 
3.849 
3.828 
3.792 
3.815 
3.793 
3.756 
3.754 
3.75 
3.743 
3.727 
3.732 
3.706 
3.701 
3.701 
3.701 
3.694 
3.688 
3.683 
3.672 
3.659 
3.658 
3.642 
3.652 
3.641 
3.637 
3.635 
3.631 
3.624 
h 
3.284 
3.274 
3.252 
3.24 
3.232 
3.218 
3.188 
3.131 
3.062 
2.947 
2.893 
2.881 
2.858 
2.813 
2.774 
2.697 
2.697 
2.64 
2.612 
2.589 
2.537 
2.494 
2.485 
2.475 
2.455 
2.439 
2.416 
2.429 
2.398 
2.392 
2.382 
2.377 
2.373 
2.376 
2.387 
2.372 
2.36 
2.359 
2.358 
2.358 
2.356 
2.354 
2.349 
2.344 
2.336 
h 
2.111 
2.102 
2.105 
2.109 
2.112 
2.118 
2.118 
2.107 
h 
1.741 
1.737 
1.699 
1.655 
1.655 
1.655 
1.665 
1.632 
1.578 
1.516 
1.442 
1.41 
1.362 
1.659 
1.305 
1.324 
1.336 
1.337 
1.331 
1.322 
1.349 
1.334 
1.329 
1.328 
1.322 
1.321 
1.294 
1.308 
1.269 
1.274 
1.269 
1.278 
1.239 
1.352 
1.24 
1.247 
1.249 
1.246 
1.244 
1.246 
1.231 
1.349 
1.243 
1.247 
1.246 
1.248 
1.248 
1.248 
1.269 
1.257 
1.252 
1.265 
1.261 
1.261 
1.259 
1.264 
1.253 
1.272 
1.271 
1.268 
h 
1.266 
1.272 
1.274 
1.277 
1.264 
1.336 
1.275 
1.272 
1.265 
1.255 
1.242 
1.227 
1.226 
1.219 
1.209 
1.198 
1.708 
1.204 
1.171 
1.166 
1.162 
1.155 
1.144 
1.122 
1.11 
1.136 
1.092 
1.089 
1.087 
1.084 
1.078 
1.067 
1.057 
1.051 
1.048 
1.045 
1.04 
1.041 
1.039 
1.037 
1.035 
1.033 
1.029 
1.028 
1.03 
1.026 
1.025 
1.024 
1.023 
1.022 
1.02 
1.019 
1.017 
1.016 
1.014 
1.011 
1.007 
1.006 
1.001 
1.0 
0.999 
0.997 
0.996 
0.992 
0.987 
0.985 
0.999 
0.977 
0.977 
0.977 
0.976 
0.975 
0.974 
0.972 
0.971 
0.97 
h 
0.944 
0.942 
0.94 
0.94 
0.939 
0.938 
0.937 
0.932 
0.926 
0.915 
0.896 
0.872 
0.856 
0.846 
0.834 
0.811 
0.769 
0.721 
0.717 
0.701 
0.671 
0.614 
0.561 
0.657 
0.529 
0.521 
0.513 
0.508 
0.498 
0.485 
0.473 
0.497 
0.468 
0.464 
0.459 
0.454 
0.443 
0.422 
0.383 
0.347 
1.819 
0.329 
0.323 
0.318 
0.313 
0.31 
0.309 
0.309 
0.304 
0.295 
