33.989 
33.538 
32.193 
29.238 
25.222 
24.947 
24.913 
24.904 
24.894 
24.874 
24.838 
24.783 
24.77 
24.813 
h 
23.469 
23.337 
23.217 
23.143 
22.989 
22.685 
22.121 
21.207 
20.664 
27.42 
20.252 
20.184 
20.079 
20.027 
19.918 
19.707 
19.329 
18.768 
19.241 
18.536 
18.391 
18.347 
18.285 
18.215 
18.179 
18.151 
18.097 
17.994 
17.817 
17.604 
19.025 
17.478 
17.412 
17.398 
17.37 
17.316 
17.241 
17.179 
17.086 
17.006 
17.053 
16.958 
16.947 
16.929 
16.902 
16.854 
16.838 
16.831 
16.76 
16.748 
16.735 
16.71 
16.666 
16.59 
16.522 
16.771 
16.484 
16.477 
16.463 
16.442 
16.407 
16.361 
16.495 
16.34 
16.332 
h 
15.806 
15.763 
15.754 
15.737 
15.702 
15.633 
15.512 
15.346 
15.235 
15.199 
15.098 
15.026 
14.908 
14.752 
14.574 
14.305 
13.984 
14.833 
13.858 
13.831 
13.787 
13.73 
13.666 
13.663 
13.581 
13.554 
13.511 
13.467 
13.495 
13.383 
13.359 
13.348 
13.336 
13.312 
13.269 
13.213 
13.126 
13.076 
13.117 
13.013 
13.003 
12.986 
12.96 
12.92 
12.884 
12.888 
12.857 
12.852 
12.844 
12.832 
12.812 
12.807 
h 
12.288 
12.205 
12.143 
12.083 
12.033 
12.02 
11.973 
11.901 
11.792 
11.705 
11.638 
11.576 
11.518 
11.474 
11.445 
11.438 
11.432 
11.422 
11.403 
11.373 
11.348 
11.372 
11.336 
11.332 
11.325 
11.316 
11.309 
11.297 
h 
10.931 
10.926 
10.903 
10.901 
10.897 
10.889 
10.873 
10.841 
h 
10.501 
10.474 
10.462 
10.453 
10.416 
10.364 
10.277 
10.138 
9.99 
9.959 
9.931 
9.925 
9.913 
9.909 
9.91 
9.903 
9.889 
9.867 
9.827 
9.772 
9.861 
9.755 
9.744 
9.738 
9.726 
9.713 
9.699 
9.679 
h 
