29.11 
28.808 
27.953 
26.317 
24.954 
24.94 
24.939 
24.936 
24.931 
24.922 
24.907 
24.899 
25.024 
h 
24.296 
24.248 
24.192 
24.076 
23.833 
23.36 
22.514 
21.284 
20.598 
23.988 
20.323 
20.25 
20.183 
20.049 
19.796 
19.356 
18.768 
18.461 
19.056 
18.573 
18.289 
18.276 
18.249 
18.192 
18.089 
17.892 
17.817 
17.694 
17.661 
17.611 
17.543 
17.431 
17.385 
17.346 
17.325 
17.319 
17.311 
17.293 
17.271 
17.23 
17.156 
17.051 
17.147 
17.666 
16.962 
16.962 
16.959 
16.954 
16.946 
16.964 
16.938 
16.939 
16.938 
h 
16.914 
16.903 
16.869 
16.796 
16.667 
16.401 
16.048 
15.596 
15.247 
14.728 
14.151 
13.929 
14.32 
13.563 
13.531 
13.478 
13.38 
13.226 
13.167 
13.238 
13.026 
13.012 
12.985 
12.932 
12.833 
12.726 
13.169 
12.603 
12.574 
12.523 
12.451 
12.341 
12.236 
12.296 
12.165 
12.147 
12.113 
12.057 
11.952 
11.774 
12.26 
11.877 
11.604 
11.596 
11.582 
11.557 
11.528 
11.557 
11.52 
11.516 
11.51 
h 
10.975 
10.965 
10.948 
10.927 
10.901 
10.946 
10.821 
10.738 
10.608 
10.507 
10.445 
10.534 
10.403 
10.392 
10.373 
10.37 
10.353 
10.325 
10.3 
10.26 
10.255 
10.258 
10.259 
10.257 
10.266 
10.278 
h 
9.866 
9.837 
9.826 
9.815 
9.804 
9.788 
9.816 
9.828 
h 
9.517 
9.51 
9.496 
9.473 
9.43 
9.328 
9.234 
9.12 
8.968 
8.97 
8.967 
8.968 
8.97 
8.98 
8.978 
8.985 
8.982 
h 
