30.925 
30.631 
29.77 
27.923 
25.404 
25.163 
25.139 
25.109 
25.066 
25.033 
24.984 
24.921 
24.933 
24.899 
24.896 
h 
23.084 
23.039 
22.985 
22.902 
22.742 
22.427 
21.825 
20.765 
19.201 
19.482 
26.84 
17.815 
17.687 
17.581 
17.47 
17.415 
17.334 
17.226 
17.21 
17.163 
17.105 
17.057 
17.002 
16.948 
16.907 
16.884 
16.847 
16.812 
16.763 
16.69 
16.644 
16.632 
16.618 
16.599 
16.593 
16.586 
16.573 
16.548 
h 
16.171 
16.09 
16.049 
15.981 
15.901 
15.959 
15.72 
15.579 
15.515 
15.471 
15.427 
15.393 
15.348 
15.327 
15.253 
15.21 
15.211 
15.206 
15.198 
15.189 
15.196 
15.175 
15.164 
15.164 
15.164 
15.164 
15.164 
15.163 
h 
14.63 
14.62 
14.606 
14.588 
14.574 
14.559 
14.531 
14.484 
h 
13.576 
13.415 
13.416 
13.329 
13.259 
13.119 
12.856 
12.406 
11.82 
12.04 
11.617 
11.523 
11.411 
11.366 
11.308 
11.298 
11.292 
11.281 
11.261 
11.227 
11.253 
11.217 
11.215 
11.212 
11.201 
h 
10.863 
10.837 
10.815 
10.797 
10.821 
10.757 
10.699 
10.598 
10.456 
10.365 
10.269 
10.144 
9.999 
9.99 
9.932 
9.902 
9.897 
9.858 
9.849 
9.832 
9.815 
9.778 
9.728 
9.685 
9.656 
9.676 
9.648 
9.642 
9.646 
9.637 
9.632 
9.629 
9.632 
h 
9.672 
9.584 
9.535 
9.52 
9.513 
9.507 
9.494 
9.485 
9.47 
9.442 
9.404 
9.359 
9.371 
9.28 
9.285 
9.266 
9.243 
9.203 
9.136 
9.217 
9.123 
9.085 
9.081 
9.073 
9.058 
9.032 
9.023 
9.337 
9.0 
8.999 
8.997 
8.998 
8.999 
8.993 
8.997 
8.992 
8.986 
h 
8.633 
8.549 
8.472 
8.428 
8.399 
8.383 
8.384 
8.371 
8.358 
8.319 
8.252 
8.138 
7.991 
7.952 
7.937 
7.922 
7.906 
7.876 
7.858 
7.829 
7.787 
7.732 
7.679 
7.721 
7.665 
7.651 
7.639 
7.619 
7.593 
7.584 
7.579 
7.571 
7.568 
7.564 
7.562 
7.565 
7.564 
h 
7.198 
7.192 
7.181 
7.161 
7.14 
7.108 
7.043 
6.913 
6.735 
6.484 
6.312 
6.213 
6.138 
6.036 
6.012 
5.993 
5.989 
5.982 
5.974 
5.98 
6.02 
5.977 
5.976 
5.972 
5.964 
5.947 
5.921 
h 
5.715 
5.843 
5.706 
5.704 
5.703 
5.702 
5.7 
5.693 
5.672 
5.636 
5.623 
5.634 
5.634 
5.623 
5.62 
5.616 
5.608 
5.596 
h 
5.569 
5.676 
5.57 
5.558 
5.553 
5.547 
5.534 
5.513 
5.472 
5.412 
5.33 
5.271 
5.563 
5.217 
5.208 
5.205 
5.203 
5.198 
5.194 
5.195 
5.183 
5.187 
h 
5.03 
4.984 
4.959 
4.951 
4.947 
4.946 
4.944 
4.935 
4.919 
4.893 
4.855 
4.819 
4.799 
4.776 
4.746 
4.708 
4.668 
4.621 
4.557 
4.587 
4.521 
4.489 
4.479 
4.474 
4.463 
4.447 
4.422 
4.403 
4.412 
4.396 
4.392 
4.388 
4.386 
4.384 
4.385 
h 
4.356 
4.35 
4.347 
4.342 
4.336 
4.326 
4.312 
4.296 
4.257 
4.198 
4.151 
4.134 
4.092 
4.073 
4.069 
4.061 
4.059 
4.056 
4.051 
4.041 
4.025 
3.996 
3.951 
3.957 
3.993 
3.904 
3.899 
3.896 
3.89 
3.882 
3.872 
3.865 
3.856 
3.843 
3.82 
3.793 
3.891 
4.117 
3.782 
3.776 
3.774 
3.772 
3.77 
3.767 
3.765 
3.765 
3.764 
h 
3.592 
3.584 
3.574 
3.561 
3.552 
3.546 
3.539 
3.528 
3.514 
3.492 
3.458 
3.424 
3.387 
3.373 
3.358 
3.347 
3.342 
3.337 
3.328 
3.313 
3.303 
3.336 
3.29 
3.287 
3.284 
3.276 
3.264 
3.258 
3.239 
3.236 
3.231 
3.229 
3.226 
3.222 
3.216 
3.208 
3.207 
h 
2.991 
2.953 
2.928 
2.919 
2.912 
2.908 
2.904 
2.893 
2.874 
2.84 
2.79 
2.741 
2.719 
2.702 
2.686 
2.667 
2.65 
2.629 
2.604 
2.582 
2.565 
2.557 
2.545 
2.534 
2.527 
2.516 
2.5 
2.491 
2.482 
2.472 
2.454 
2.441 
2.448 
2.434 
2.429 
2.422 
2.417 
2.412 
2.405 
2.392 
2.371 
2.368 
2.368 
2.355 
2.354 
2.353 
2.35 
2.346 
2.344 
2.334 
2.324 
2.311 
2.3 
2.288 
2.281 
2.287 
2.278 
2.276 
2.274 
2.269 
2.266 
2.262 
2.257 
2.252 
2.247 
2.242 
2.237 
2.234 
2.232 
2.23 
2.227 
2.221 
2.214 
2.226 
2.237 
2.204 
2.203 
2.203 
2.202 
2.201 
2.198 
2.194 
2.19 
2.184 
h 
2.113 
2.106 
2.102 
2.095 
2.083 
2.069 
2.053 
2.011 
1.946 
1.848 
1.758 
1.742 
1.718 
1.679 
1.641 
1.598 
1.583 
1.559 
1.543 
1.532 
1.525 
1.517 
1.513 
1.504 
1.493 
1.477 
1.515 
1.47 
1.472 
1.472 
1.473 
1.471 
1.467 
1.464 
1.455 
1.477 
1.455 
1.454 
1.453 
1.45 
1.451 
1.443 
1.445 
1.445 
1.445 
h 
1.295 
1.295 
1.295 
1.298 
1.296 
1.293 
1.287 
1.278 
1.267 
1.244 
1.207 
1.158 
1.142 
1.113 
1.081 
1.074 
1.065 
1.055 
1.054 
1.054 
1.052 
1.048 
1.04 
1.032 
1.024 
1.032 
1.007 
1.005 
1.002 
0.998 
0.99 
0.982 
0.981 
0.979 
0.978 
0.975 
0.972 
0.967 
0.963 
0.968 
0.959 
0.958 
0.957 
0.955 
0.952 
0.949 
0.948 
0.947 
0.946 
0.945 
0.944 
0.942 
0.941 
0.942 
0.94 
0.939 
h 
0.875 
0.873 
0.872 
0.871 
0.868 
0.868 
0.865 
0.862 
0.858 
0.849 
0.831 
0.803 
0.761 
0.75 
0.747 
0.734 
0.721 
0.718 
0.712 
0.701 
0.696 
0.722 
0.69 
0.689 
0.688 
0.688 
0.688 
0.687 
0.686 
0.684 
0.681 
0.677 
0.679 
0.673 
0.673 
0.673 
0.672 
0.67 
0.665 
0.665 
0.662 
0.661 
0.661 
0.66 
0.66 
0.657 
0.656 
0.652 
0.653 
0.653 
0.652 
0.65 
0.646 
0.642 
0.667 
0.64 
0.639 
0.638 
0.638 
0.637 
0.637 
0.637 
0.636 
0.633 
0.634 
0.63 
0.631 
0.63 
0.63 
0.629 
0.627 
0.629 
h 
0.606 
0.606 
0.606 
0.604 
0.602 
0.598 
0.588 
0.611 
0.57 
0.545 
0.502 
0.442 
0.416 
0.413 
0.406 
0.404 
0.397 
0.396 
0.394 
0.392 
0.389 
0.383 
0.383 
0.372 
0.369 
0.365 
0.364 
0.357 
0.358 
0.358 
0.357 
0.356 
0.353 
0.349 
0.344 
0.339 
0.397 
