25.279 
25.239 
25.131 
24.944 
24.829 
24.827 
24.826 
24.824 
24.823 
24.822 
24.821 
24.82 
h 
22.592 
22.532 
22.392 
22.162 
21.946 
21.708 
21.254 
20.475 
19.372 
19.394 
21.112 
18.199 
18.092 
17.947 
17.667 
17.185 
16.529 
16.662 
16.505 
16.096 
16.065 
16.006 
15.911 
15.785 
15.564 
15.342 
16.556 
15.221 
15.207 
15.189 
15.162 
15.117 
15.062 
15.065 
15.046 
14.979 
14.959 
14.922 
14.852 
14.731 
14.575 
15.059 
14.92 
14.505 
14.503 
14.499 
14.489 
14.473 
14.452 
14.452 
14.451 
14.451 
h 
14.332 
14.326 
14.303 
14.277 
14.24 
14.169 
14.05 
13.866 
13.767 
13.717 
13.727 
13.696 
13.669 
13.618 
13.595 
13.546 
13.53 
13.499 
13.519 
13.501 
13.493 
13.493 
13.49 
13.484 
h 
13.097 
13.009 
12.998 
12.976 
12.938 
12.887 
12.751 
12.575 
12.313 
12.096 
11.947 
12.331 
11.766 
11.759 
11.758 
11.745 
11.72 
11.67 
11.574 
11.508 
11.435 
11.389 
11.366 
11.322 
11.238 
11.097 
11.035 
11.372 
10.921 
10.914 
10.901 
10.874 
10.823 
10.804 
10.752 
10.739 
10.732 
10.719 
10.695 
10.673 
10.635 
10.605 
10.599 
10.572 
10.566 
10.554 
10.532 
10.49 
10.536 
10.478 
10.449 
10.447 
10.445 
10.434 
10.424 
10.42 
10.416 
10.404 
10.393 
h 
10.052 
9.979 
10.009 
9.958 
9.953 
9.944 
9.925 
9.891 
9.828 
9.72 
9.621 
9.695 
9.558 
9.556 
9.555 
9.552 
9.551 
9.547 
9.54 
h 
8.882 
8.883 
8.874 
8.858 
8.824 
8.773 
8.63 
8.404 
8.024 
7.557 
7.452 
7.41 
7.178 
7.312 
7.308 
7.285 
7.272 
7.301 
7.362 
7.346 
7.226 
7.21 
7.198 
7.215 
7.225 
7.213 
7.2 
7.173 
7.113 
7.118 
7.104 
7.348 
7.026 
7.034 
7.045 
7.03 
7.0 
6.951 
6.873 
6.885 
6.858 
6.837 
6.836 
6.834 
6.798 
6.759 
6.738 
6.7 
6.638 
6.567 
6.819 
6.544 
6.544 
6.544 
6.535 
6.513 
6.486 
6.472 
6.484 
6.475 
6.468 
6.464 
6.443 
6.435 
6.429 
6.426 
h 
6.352 
6.344 
6.337 
6.333 
6.325 
6.306 
6.268 
6.201 
6.074 
5.851 
5.501 
6.017 
5.411 
5.273 
5.248 
5.209 
5.156 
5.083 
4.978 
4.862 
4.79 
4.766 
4.745 
4.726 
4.709 
4.684 
4.659 
4.627 
4.57 
4.645 
4.555 
4.533 
4.523 
4.52 
4.514 
4.502 
4.484 
4.448 
4.519 
4.411 
4.399 
4.379 
4.345 
4.307 
4.528 
4.337 
4.298 
4.272 
4.263 
4.249 
4.249 
4.243 
4.232 
4.211 
4.176 
4.164 
4.238 
4.257 
4.143 
4.117 
4.112 
4.102 
4.085 
4.064 
4.076 
4.053 
4.051 
4.047 
4.029 
4.007 
3.997 
4.008 
3.994 
3.989 
3.988 
3.978 
3.981 
3.977 
3.972 
3.969 
3.967 
3.963 
3.956 
h 
3.784 
3.779 
3.774 
3.768 
3.761 
3.744 
3.726 
3.658 
3.56 
3.399 
3.22 
3.184 
3.146 
3.083 
3.003 
2.958 
2.919 
2.901 
2.897 
2.892 
2.883 
2.868 
2.849 
2.83 
2.803 
2.799 
2.802 
2.77 
2.773 
2.769 
2.765 
2.762 
2.756 
2.743 
2.742 
2.739 
2.741 
2.742 
2.742 
2.744 
2.744 
2.742 
2.743 
h 
2.641 
2.634 
2.621 
2.597 
2.567 
2.565 
2.565 
2.564 
2.563 
2.557 
2.548 
2.532 
2.517 
2.513 
2.484 
2.461 
2.425 
2.403 
2.369 
2.315 
2.486 
2.311 
2.307 
2.297 
2.279 
2.248 
2.195 
2.146 
3.599 
2.172 
2.201 
2.139 
2.137 
2.132 
2.129 
2.128 
2.125 
2.119 
2.119 
2.136 
h 
2.108 
2.088 
2.084 
2.083 
2.082 
2.08 
2.078 
2.076 
2.064 
2.075 
2.063 
h 
1.894 
1.89 
1.886 
1.877 
1.863 
1.856 
1.839 
1.819 
1.783 
1.717 
1.614 
1.515 
1.528 
1.448 
1.429 
1.4 
1.418 
1.38 
1.357 
1.323 
1.295 
1.289 
1.278 
1.273 
1.242 
1.31 
1.288 
1.28 
1.283 
1.272 
1.269 
1.261 
1.262 
1.259 
1.255 
1.239 
1.249 
1.254 
1.256 
1.258 
1.263 
1.265 
1.264 
1.265 
1.264 
1.263 
h 
1.234 
1.224 
1.207 
1.227 
1.213 
1.213 
1.212 
1.209 
1.207 
1.202 
1.192 
1.181 
1.174 
1.153 
1.125 
1.101 
1.066 
1.031 
1.037 
1.01 
0.999 
0.985 
0.979 
0.978 
0.976 
0.972 
0.965 
0.954 
0.936 
0.937 
1.337 
0.97 
0.948 
0.921 
0.919 
0.917 
0.915 
0.913 
0.91 
0.913 
0.909 
0.907 
0.906 
0.903 
0.9 
0.894 
0.889 
0.887 
0.888 
0.883 
0.881 
0.88 
0.877 
0.873 
0.871 
0.864 
0.865 
0.865 
0.864 
0.862 
0.858 
0.856 
0.848 
0.85 
0.849 
0.848 
0.847 
0.842 
0.839 
0.831 
0.837 
0.832 
0.83 
0.826 
0.827 
0.828 
0.827 
0.827 
0.826 
0.824 
0.82 
0.814 
0.816 
0.811 
0.81 
0.808 
0.807 
0.805 
0.801 
0.794 
0.78 
0.755 
0.944 
1.473 
0.821 
0.773 
0.728 
0.733 
0.732 
0.731 
h 
0.706 
0.708 
0.709 
0.71 
0.709 
0.708 
0.706 
0.709 
h 
0.643 
0.636 
0.63 
0.621 
0.619 
0.618 
0.615 
0.607 
0.594 
0.565 
0.523 
0.456 
0.419 
0.404 
0.387 
0.369 
0.35 
0.334 
0.31 
