28.934 
28.67 
27.929 
26.523 
25.305 
25.272 
25.208 
25.092 
24.921 
25.005 
25.888 
24.821 
24.82 
24.82 
24.819 
24.817 
24.814 
24.812 
24.812 
24.809 
h 
23.349 
23.312 
23.227 
23.078 
22.854 
22.43 
21.7 
20.721 
20.181 
20.277 
19.721 
19.6 
19.519 
19.437 
19.282 
18.984 
18.461 
17.65 
18.333 
17.389 
17.322 
17.227 
17.188 
17.161 
17.107 
17.01 
16.866 
16.705 
16.573 
16.426 
16.303 
16.272 
16.033 
15.838 
15.791 
15.756 
15.688 
15.574 
15.442 
15.422 
15.606 
15.312 
15.307 
15.297 
15.279 
15.248 
15.191 
15.092 
14.951 
14.882 
15.575 
14.782 
14.769 
14.76 
14.75 
14.734 
14.713 
14.678 
14.619 
14.578 
14.574 
14.524 
14.514 
14.496 
14.462 
14.405 
14.444 
14.429 
14.349 
14.345 
14.338 
14.323 
14.295 
14.251 
14.471 
14.275 
14.234 
14.231 
14.228 
14.223 
14.216 
14.205 
14.187 
14.162 
h 
13.776 
13.806 
13.68 
13.645 
13.575 
13.435 
13.179 
12.761 
12.236 
12.069 
11.937 
11.813 
11.753 
11.67 
11.599 
11.56 
11.491 
11.364 
11.151 
11.013 
11.407 
10.843 
10.819 
10.774 
10.693 
10.533 
10.235 
10.289 
10.124 
9.887 
9.857 
9.815 
9.743 
9.615 
9.426 
9.585 
9.768 
9.239 
9.23 
9.214 
9.188 
9.175 
9.155 
9.142 
9.119 
9.083 
9.032 
8.986 
8.925 
8.904 
9.068 
8.864 
8.861 
8.856 
8.847 
8.829 
8.798 
8.756 
8.987 
8.726 
8.715 
8.694 
8.665 
8.637 
8.591 
8.574 
8.569 
8.528 
8.521 
8.511 
8.5 
8.498 
8.497 
8.493 
8.486 
8.478 
h 
8.014 
8.006 
7.998 
7.984 
7.97 
7.944 
7.914 
7.866 
7.811 
7.756 
7.684 
7.592 
7.531 
7.639 
7.501 
7.49 
7.474 
7.461 
7.446 
7.441 
7.426 
7.418 
7.415 
7.408 
7.393 
7.37 
7.352 
7.315 
7.246 
7.332 
7.242 
7.241 
7.241 
7.237 
7.226 
7.208 
7.193 
7.167 
7.242 
7.152 
7.143 
7.132 
7.12 
7.103 
7.08 
7.065 
7.041 
7.057 
7.041 
7.036 
7.03 
7.026 
7.018 
h 
6.942 
6.936 
6.919 
6.921 
6.9 
6.865 
6.797 
6.668 
6.453 
6.152 
5.949 
5.749 
5.677 
5.884 
5.555 
5.541 
5.513 
5.468 
5.414 
5.342 
5.317 
5.263 
5.201 
5.18 
5.153 
5.126 
5.123 
5.084 
5.066 
5.037 
5.002 
4.985 
4.97 
4.942 
4.935 
4.924 
4.906 
4.872 
4.89 
4.915 
4.86 
4.853 
4.843 
4.826 
4.82 
4.815 
4.806 
4.804 
4.806 
4.792 
4.814 
4.794 
4.784 
h 
4.651 
4.643 
4.644 
4.65 
4.645 
4.636 
4.617 
4.581 
4.513 
4.397 
4.262 
4.277 
4.202 
4.145 
4.146 
4.151 
4.129 
4.119 
4.113 
4.104 
4.091 
4.131 
4.08 
4.081 
4.081 
4.079 
4.095 
4.056 
4.062 
h 
4.039 
4.035 
4.028 
4.029 
4.021 
4.012 
3.997 
3.984 
3.945 
3.875 
3.823 
3.77 
3.783 
3.763 
3.74 
3.721 
3.706 
3.676 
3.644 
3.652 
3.631 
3.622 
3.611 
3.61 
3.606 
3.603 
3.595 
3.582 
3.561 
3.564 
3.549 
3.549 
3.547 
3.544 
3.538 
3.543 
3.543 
3.542 
3.539 
3.534 
3.536 
3.534 
h 
3.305 
3.278 
3.257 
3.259 
3.252 
3.242 
3.24 
3.226 
3.205 
3.168 
3.114 
3.081 
3.053 
3.026 
2.986 
2.978 
2.993 
2.967 
2.963 
2.962 
2.96 
2.958 
2.959 
h 
2.911 
2.949 
2.906 
2.904 
2.898 
2.888 
2.873 
2.854 
2.846 
2.795 
2.757 
2.732 
2.729 
2.688 
2.667 
2.631 
2.58 
2.549 
2.51 
2.471 
2.472 
2.391 
2.355 
2.334 
2.322 
2.299 
2.258 
2.188 
2.095 
2.126 
2.785 
2.064 
2.047 
2.043 
2.043 
2.041 
2.039 
2.039 
2.038 
2.036 
2.033 
2.031 
h 
1.93 
1.918 
1.906 
1.903 
1.899 
1.891 
1.878 
1.862 
1.829 
1.779 
1.706 
1.654 
1.619 
1.581 
1.547 
1.539 
1.531 
1.517 
1.496 
1.457 
1.414 
1.439 
1.405 
1.399 
1.389 
1.376 
1.356 
1.361 
1.446 
1.319 
1.318 
1.314 
1.311 
1.308 
1.312 
1.307 
1.307 
1.308 
h 
1.191 
1.189 
1.185 
1.183 
1.178 
1.169 
1.166 
1.153 
1.141 
1.121 
1.092 
1.075 
1.062 
1.043 
1.015 
0.995 
1.004 
0.975 
0.97 
0.964 
0.953 
0.936 
0.912 
0.884 
0.892 
0.854 
0.839 
0.833 
0.827 
0.813 
0.8 
0.792 
0.787 
0.775 
0.767 
0.753 
0.74 
0.775 
0.732 
0.724 
0.717 
0.713 
0.705 
0.698 
0.687 
0.669 
0.699 
0.655 
0.653 
0.649 
0.646 
0.642 
0.638 
0.637 
0.632 
0.622 
0.613 
0.627 
0.611 
0.606 
0.602 
0.597 
0.599 
0.597 
0.593 
0.59 
0.585 
0.578 
0.566 
0.619 
0.563 
0.563 
0.562 
0.56 
0.557 
0.55 
0.547 
0.544 
0.54 
0.539 
0.537 
0.537 
0.536 
0.533 
0.539 
0.525 
0.526 
0.527 
0.527 
0.526 
0.525 
0.522 
0.522 
0.515 
0.515 
0.515 
0.514 
0.513 
0.511 
0.505 
h 
0.493 
0.442 
0.44 
0.439 
0.438 
0.435 
0.43 
0.421 
0.403 
0.373 
0.345 
0.295 
