26.395 
26.321 
26.121 
25.769 
25.469 
25.445 
25.415 
25.377 
25.317 
25.231 
25.158 
25.073 
24.998 
24.952 
24.892 
24.848 
24.784 
24.783 
24.758 
24.743 
24.741 
24.738 
24.733 
h 
22.789 
22.49 
22.212 
22.138 
22.012 
21.755 
21.263 
20.354 
18.839 
21.383 
17.936 
17.802 
17.77 
17.706 
17.603 
17.508 
17.407 
17.294 
17.172 
17.036 
16.935 
16.863 
16.746 
16.618 
16.545 
16.537 
16.374 
16.299 
16.251 
16.207 
16.127 
16.027 
15.976 
15.96 
15.95 
15.939 
15.921 
15.9 
15.859 
15.794 
15.732 
15.697 
15.667 
15.626 
15.616 
15.6 
15.578 
15.555 
15.54 
15.517 
15.479 
15.423 
15.45 
15.386 
15.376 
15.368 
15.355 
15.332 
15.297 
15.341 
15.273 
15.267 
15.262 
h 
14.898 
14.888 
14.86 
14.803 
14.685 
14.455 
14.069 
13.519 
13.116 
12.674 
12.306 
11.977 
11.731 
11.591 
11.487 
11.347 
11.182 
10.969 
14.351 
10.858 
10.823 
10.808 
10.777 
10.715 
10.598 
10.378 
9.988 
9.918 
11.825 
9.503 
9.476 
9.442 
9.421 
9.405 
9.38 
9.338 
9.304 
9.249 
9.167 
9.543 
9.146 
9.143 
9.137 
9.122 
9.096 
9.056 
9.006 
9.034 
8.996 
8.988 
8.973 
8.963 
8.948 
8.921 
8.92 
h 
8.779 
8.766 
8.74 
8.693 
8.629 
8.726 
8.798 
8.35 
8.242 
8.232 
8.219 
8.216 
8.206 
8.209 
8.203 
8.207 
8.197 
h 
7.896 
7.862 
7.803 
7.732 
7.719 
7.703 
7.689 
7.664 
7.615 
7.53 
7.383 
7.742 
7.353 
7.333 
7.302 
7.271 
7.258 
7.203 
7.213 
7.206 
7.185 
7.154 
7.155 
7.141 
7.137 
7.12 
7.139 
7.121 
7.107 
7.082 
7.041 
7.104 
7.017 
7.011 
7.009 
7.007 
6.999 
6.984 
6.999 
6.982 
6.975 
h 
6.415 
6.401 
6.385 
6.377 
6.369 
6.346 
6.306 
6.246 
6.137 
6.028 
6.01 
5.989 
5.992 
5.963 
5.925 
5.903 
5.876 
5.844 
5.813 
5.802 
5.782 
5.774 
5.767 
5.761 
5.763 
5.74 
5.735 
5.734 
5.732 
5.724 
5.721 
5.715 
5.709 
5.705 
h 
5.873 
5.717 
5.6 
5.596 
5.588 
5.578 
5.568 
5.659 
5.569 
5.569 
5.567 
5.565 
5.563 
5.559 
5.549 
5.535 
5.517 
h 
5.261 
5.242 
5.207 
5.172 
5.179 
5.163 
5.154 
5.14 
5.115 
5.069 
5.014 
4.977 
4.936 
4.879 
4.854 
4.821 
4.801 
4.772 
4.76 
4.744 
4.738 
4.732 
4.728 
4.723 
4.718 
4.797 
4.707 
4.709 
4.708 
4.706 
4.699 
4.69 
4.681 
4.671 
4.681 
h 
4.485 
4.466 
4.521 
4.46 
4.449 
4.429 
4.397 
4.334 
4.22 
4.029 
4.928 
3.96 
3.881 
3.814 
3.775 
3.748 
3.708 
3.707 
3.655 
3.657 
3.649 
3.631 
3.599 
3.623 
3.608 
3.545 
3.535 
3.518 
3.518 
3.508 
3.485 
3.436 
3.329 
3.504 
8.445 
3.113 
3.092 
3.083 
3.08 
3.074 
3.067 
3.06 
3.056 
3.043 
3.037 
3.026 
3.013 
2.998 
2.981 
2.95 
2.91 
2.99 
2.901 
2.894 
2.886 
2.882 
2.873 
2.869 
2.861 
2.868 
2.864 
2.859 
2.856 
2.851 
2.838 
2.839 
2.833 
2.823 
2.82 
2.813 
2.799 
2.801 
2.796 
2.788 
2.788 
2.765 
2.743 
2.802 
2.749 
2.743 
2.739 
2.733 
2.724 
2.72 
2.714 
2.714 
2.711 
2.707 
2.698 
2.709 
2.7 
2.699 
h 
2.469 
2.45 
2.427 
2.423 
2.431 
2.417 
2.412 
2.403 
2.387 
2.362 
2.312 
2.261 
2.191 
2.195 
2.168 
2.145 
2.122 
2.11 
2.092 
2.08 
2.063 
2.051 
2.027 
2.022 
2.003 
1.985 
1.969 
1.932 
1.972 
2.04 
1.969 
1.909 
1.903 
1.898 
1.892 
1.884 
1.886 
1.874 
1.875 
1.869 
1.867 
1.857 
1.876 
1.848 
1.853 
1.852 
1.851 
1.843 
1.828 
1.828 
1.831 
1.819 
1.815 
1.811 
1.81 
1.808 
1.804 
1.796 
1.806 
1.79 
1.792 
1.793 
1.794 
1.795 
1.795 
1.789 
1.784 
1.777 
h 
1.677 
1.606 
1.605 
1.604 
1.601 
1.596 
1.595 
1.579 
1.568 
1.539 
1.485 
1.399 
1.278 
1.298 
1.214 
1.19 
1.172 
1.147 
1.106 
1.044 
0.968 
0.904 
0.858 
0.823 
0.77 
0.694 
0.72 
0.693 
