25.546 
25.517 
25.44 
25.306 
25.196 
25.192 
25.181 
25.16 
25.12 
25.057 
25.003 
25.049 
24.97 
h 
23.539 
23.457 
23.309 
23.174 
23.07 
22.871 
22.547 
22.204 
22.026 
21.829 
21.735 
21.628 
21.543 
21.38 
21.124 
20.768 
20.385 
19.922 
19.722 
19.799 
19.41 
19.196 
19.148 
19.098 
19.007 
18.912 
18.765 
18.701 
18.647 
18.613 
18.555 
18.485 
18.405 
18.414 
18.325 
18.287 
18.242 
18.188 
18.154 
18.104 
18.016 
17.894 
17.801 
18.039 
17.823 
17.731 
17.724 
17.714 
17.698 
17.681 
17.672 
17.66 
17.667 
17.651 
17.645 
17.636 
h 
16.485 
16.405 
16.36 
16.313 
16.23 
16.088 
15.838 
15.403 
14.836 
14.444 
13.988 
14.178 
13.925 
13.65 
13.625 
13.578 
13.488 
13.345 
13.393 
13.161 
13.09 
13.074 
13.056 
13.016 
12.935 
12.777 
12.49 
12.059 
17.215 
11.919 
11.905 
11.884 
11.849 
11.782 
11.663 
11.766 
11.661 
11.541 
11.533 
11.517 
11.478 
11.409 
11.454 
11.352 
11.34 
11.337 
11.329 
11.313 
11.275 
11.262 
11.224 
11.241 
11.227 
11.213 
11.204 
11.201 
11.197 
h 
10.756 
10.758 
10.74 
10.715 
10.67 
10.624 
10.553 
10.432 
10.282 
10.4 
10.276 
10.276 
10.267 
10.245 
10.21 
10.171 
10.154 
10.16 
10.119 
10.118 
10.118 
10.118 
10.118 
10.11 
h 
9.83 
9.832 
9.831 
9.821 
9.797 
9.753 
9.685 
9.674 
9.598 
9.553 
9.543 
9.545 
9.554 
9.505 
9.466 
9.439 
9.435 
9.43 
9.414 
9.414 
9.417 
9.416 
9.415 
9.415 
h 
9.0 
8.96 
8.91 
8.906 
8.9 
8.885 
8.875 
8.838 
8.79 
8.644 
8.563 
8.547 
8.548 
8.522 
8.503 
8.611 
8.449 
8.418 
8.435 
8.426 
8.396 
8.375 
8.364 
8.297 
8.301 
8.303 
8.3 
8.293 
8.251 
8.222 
8.22 
8.203 
8.205 
8.204 
8.204 
8.197 
8.187 
h 
