27.703 
27.51 
26.979 
26.016 
25.268 
25.237 
25.181 
25.08 
24.934 
24.927 
25.448 
24.87 
24.869 
24.869 
24.869 
24.868 
24.868 
24.868 
24.868 
24.868 
h 
23.007 
22.961 
22.843 
22.638 
22.433 
22.25 
21.896 
21.268 
20.337 
19.909 
21.355 
19.026 
18.803 
18.561 
18.151 
17.993 
17.848 
17.781 
17.653 
17.457 
17.386 
17.188 
17.065 
16.934 
16.789 
16.746 
16.591 
16.507 
16.43 
16.319 
16.142 
16.048 
16.369 
15.886 
15.844 
15.776 
15.694 
15.626 
15.524 
15.446 
15.569 
15.321 
15.15 
15.128 
15.099 
15.063 
15.031 
14.983 
14.912 
14.874 
14.883 
14.81 
14.799 
14.777 
14.734 
14.666 
14.74 
14.64 
14.619 
14.618 
14.616 
14.613 
14.609 
14.603 
14.599 
14.579 
h 
13.86 
13.681 
13.566 
13.544 
13.497 
13.401 
13.218 
13.023 
12.813 
12.511 
12.456 
12.42 
12.27 
12.241 
12.185 
12.094 
11.987 
11.799 
11.514 
12.197 
11.437 
11.233 
11.206 
11.152 
11.055 
10.915 
10.763 
11.075 
10.705 
10.691 
10.663 
10.612 
10.531 
10.387 
10.349 
11.709 
10.199 
10.189 
10.175 
10.152 
10.113 
10.074 
10.037 
10.033 
10.012 
10.007 
10.0 
9.986 
9.959 
9.926 
9.901 
9.987 
9.881 
9.877 
9.869 
9.859 
9.838 
9.803 
9.835 
10.029 
9.742 
9.737 
9.729 
9.724 
9.716 
9.705 
9.701 
9.712 
9.691 
h 
9.307 
9.283 
9.246 
9.215 
9.197 
9.177 
9.138 
9.062 
8.92 
8.688 
9.957 
8.603 
8.563 
8.523 
8.49 
8.44 
8.428 
8.403 
8.378 
8.347 
8.318 
8.272 
8.211 
8.26 
8.199 
8.192 
8.179 
8.159 
8.138 
8.098 
8.072 
8.043 
8.041 
8.023 
8.005 
7.98 
7.976 
7.97 
7.961 
7.946 
7.914 
7.857 
7.945 
7.832 
7.818 
7.816 
7.811 
7.8 
7.779 
7.737 
7.662 
7.571 
9.27 
9.338 
7.842 
7.634 
7.568 
7.533 
7.525 
7.51 
7.488 
7.489 
7.487 
7.486 
7.48 
7.466 
h 
6.998 
6.969 
6.958 
6.952 
6.939 
6.917 
6.884 
6.824 
6.707 
6.57 
6.521 
6.509 
6.443 
6.391 
6.311 
6.258 
6.21 
6.214 
6.207 
6.202 
6.186 
6.192 
6.178 
6.164 
6.137 
6.14 
6.131 
6.122 
6.109 
6.086 
6.05 
6.004 
6.794 
6.031 
5.981 
5.972 
5.949 
5.929 
5.933 
5.918 
5.888 
5.911 
5.88 
5.876 
5.874 
5.871 
5.864 
5.859 
5.832 
h 
5.868 
5.843 
5.798 
5.739 
5.715 
5.707 
5.706 
5.705 
5.705 
5.696 
5.686 
5.786 
h 
5.338 
5.347 
5.378 
5.385 
5.378 
5.363 
5.335 
5.305 
h 
5.135 
5.077 
4.967 
4.988 
4.871 
4.882 
4.895 
4.923 
4.916 
4.904 
4.88 
4.841 
4.804 
4.807 
4.739 
4.765 
4.751 
4.736 
4.681 
4.701 
4.649 
4.651 
4.658 
4.654 
4.629 
4.598 
4.641 
4.561 
4.574 
4.577 
4.581 
4.562 
4.541 
4.533 
4.528 
4.531 
h 
