27.498 
27.298 
26.748 
25.761 
25.049 
25.028 
25.006 
24.99 
24.974 
24.953 
24.94 
24.918 
24.887 
h 
23.852 
23.621 
23.573 
23.495 
23.35 
23.08 
22.681 
22.505 
22.063 
21.848 
21.624 
21.333 
21.293 
21.121 
20.831 
20.718 
20.54 
20.372 
20.323 
20.278 
20.231 
20.144 
19.996 
19.807 
19.871 
19.703 
19.677 
19.656 
19.624 
19.582 
19.538 
19.486 
19.42 
19.439 
19.369 
19.36 
19.345 
19.327 
19.3 
19.256 
19.216 
19.222 
19.189 
19.181 
19.168 
19.153 
19.134 
19.127 
h 
18.265 
18.179 
18.071 
18.003 
17.955 
17.896 
17.762 
17.563 
17.367 
17.242 
17.158 
17.097 
17.023 
16.98 
16.926 
16.871 
16.814 
16.735 
16.587 
16.368 
16.191 
18.174 
16.12 
15.982 
15.965 
15.954 
15.934 
15.897 
15.825 
15.712 
15.67 
16.042 
15.564 
15.558 
15.547 
15.526 
15.486 
15.417 
15.499 
15.504 
15.333 
15.327 
15.315 
15.292 
15.266 
15.302 
15.296 
15.245 
15.245 
h 
14.669 
14.647 
14.606 
14.548 
14.489 
14.404 
14.273 
14.085 
13.972 
13.881 
13.812 
13.757 
13.677 
13.563 
13.485 
13.367 
13.295 
13.245 
13.183 
13.155 
13.089 
13.047 
13.022 
12.992 
12.952 
12.958 
12.906 
12.874 
12.858 
12.834 
12.822 
12.792 
12.777 
12.75 
12.7 
12.629 
12.721 
12.601 
12.597 
12.592 
12.581 
12.559 
12.516 
12.467 
12.668 
12.47 
12.403 
12.386 
12.38 
12.371 
12.359 
12.354 
12.348 
12.342 
12.325 
h 
12.068 
12.043 
12.034 
12.017 
11.985 
11.928 
11.838 
11.678 
11.396 
11.235 
11.122 
11.029 
10.99 
10.93 
10.852 
10.866 
10.892 
10.814 
10.8 
10.786 
10.78 
10.769 
10.761 
h 
10.429 
10.39 
10.37 
10.353 
10.33 
10.28 
10.193 
10.038 
9.827 
9.701 
9.557 
9.438 
9.382 
9.285 
9.165 
9.247 
9.089 
9.056 
9.05 
9.04 
9.02 
8.985 
8.927 
8.906 
8.891 
8.859 
8.855 
8.851 
8.844 
8.841 
8.828 
8.828 
8.84 
8.832 
8.825 
8.818 
8.81 
8.79 
8.755 
h 
8.653 
8.588 
8.591 
8.592 
8.577 
8.546 
8.498 
8.406 
8.233 
8.001 
7.79 
7.53 
10.022 
7.526 
7.527 
7.526 
7.518 
7.502 
7.481 
7.49 
7.477 
7.469 
h 
7.285 
7.274 
7.288 
7.276 
7.262 
7.238 
7.205 
7.148 
7.055 
6.999 
7.002 
7.002 
6.971 
6.966 
6.962 
6.959 
6.952 
6.942 
6.924 
6.926 
6.984 
h 
6.894 
6.885 
6.883 
6.882 
6.879 
6.876 
6.873 
6.867 
h 
