25.512 
25.481 
25.398 
25.25 
25.125 
25.081 
25.024 
24.98 
24.971 
24.962 
24.944 
24.912 
24.865 
24.832 
24.811 
24.807 
h 
23.063 
23.026 
22.933 
22.753 
22.459 
21.97 
21.099 
20.025 
19.45 
19.162 
18.916 
18.528 
17.881 
17.185 
19.244 
16.936 
16.858 
16.738 
16.56 
16.342 
16.153 
15.818 
15.52 
15.873 
15.256 
15.224 
15.165 
15.079 
14.946 
14.754 
14.873 
14.712 
14.579 
14.572 
14.559 
14.538 
14.511 
14.517 
14.461 
14.399 
14.316 
14.246 
14.204 
14.166 
14.094 
13.979 
13.941 
13.989 
13.856 
13.845 
13.825 
13.788 
13.75 
13.762 
13.728 
13.72 
13.709 
13.699 
13.689 
13.667 
h 
13.288 
13.232 
13.239 
13.182 
13.154 
13.1 
13.008 
12.872 
12.752 
12.687 
12.735 
12.682 
12.68 
12.677 
12.672 
12.669 
12.666 
12.662 
h 
12.339 
12.334 
12.324 
12.302 
12.255 
12.163 
12.003 
11.733 
11.436 
11.365 
11.303 
11.223 
11.187 
11.135 
11.094 
11.07 
11.031 
10.963 
10.833 
10.649 
10.521 
10.415 
10.345 
10.256 
10.171 
10.139 
10.082 
10.019 
9.994 
9.957 
9.891 
9.803 
9.721 
9.641 
9.62 
9.611 
9.599 
9.575 
9.547 
9.524 
9.495 
9.439 
9.34 
9.189 
8.95 
9.237 
10.491 
8.688 
8.658 
8.606 
8.522 
8.403 
8.351 
8.328 
8.317 
8.307 
8.286 
8.246 
8.171 
8.045 
7.851 
8.133 
11.832 
7.619 
7.595 
7.56 
7.51 
7.47 
7.473 
7.459 
7.455 
7.445 
7.426 
7.394 
7.399 
7.367 
7.363 
7.359 
7.356 
7.35 
7.339 
7.319 
7.283 
7.222 
7.336 
7.246 
7.177 
7.174 
7.169 
7.161 
7.145 
7.114 
7.042 
7.428 
7.021 
6.99 
6.984 
6.974 
6.953 
6.929 
h 
6.459 
6.414 
6.409 
6.398 
6.378 
6.346 
6.295 
6.201 
6.044 
5.858 
5.74 
5.87 
5.646 
5.625 
5.595 
5.56 
5.567 
5.583 
5.496 
5.492 
5.484 
5.466 
5.441 
5.404 
5.39 
5.357 
5.334 
5.369 
5.336 
5.318 
5.31 
5.299 
5.289 
5.275 
5.264 
5.257 
5.254 
5.252 
5.244 
5.24 
5.233 
5.227 
5.215 
5.221 
5.223 
5.21 
5.203 
h 
5.106 
5.104 
5.1 
5.073 
5.056 
5.033 
4.985 
4.898 
4.765 
4.661 
4.664 
4.568 
4.498 
4.424 
4.359 
4.305 
4.261 
4.21 
4.24 
4.17 
4.145 
4.138 
4.128 
4.111 
4.082 
4.053 
4.083 
4.068 
4.039 
4.035 
4.031 
4.023 
4.011 
4.007 
4.004 
3.994 
3.996 
3.989 
3.979 
3.969 
3.95 
3.942 
3.968 
3.94 
3.938 
3.938 
3.938 
3.932 
3.939 
h 
3.531 
3.517 
3.51 
3.512 
3.499 
3.491 
3.468 
3.43 
3.366 
3.262 
3.117 
3.002 
2.959 
2.933 
2.927 
2.917 
2.908 
2.894 
2.878 
2.855 
2.827 
2.773 
2.718 
2.682 
2.617 
2.501 
2.547 
2.446 
2.433 
2.412 
2.379 
2.321 
2.274 
2.268 
2.245 
2.215 
2.187 
2.19 
2.17 
2.144 
2.128 
2.112 
2.102 
2.097 
2.093 
2.084 
2.068 
2.048 
2.03 
2.019 
2.011 
2.003 
1.985 
1.984 
1.969 
1.962 
1.952 
1.942 
1.941 
1.932 
1.93 
1.927 
1.918 
1.916 
1.911 
1.906 
1.9 
1.892 
1.884 
1.894 
1.88 
1.878 
1.875 
1.863 
1.861 
1.859 
1.856 
1.854 
1.852 
1.841 
1.835 
1.834 
1.833 
1.828 
1.828 
1.821 
1.817 
1.816 
1.815 
1.812 
1.809 
1.811 
1.81 
1.808 
h 
1.71 
1.708 
1.706 
1.703 
1.698 
1.697 
1.683 
1.662 
1.625 
1.562 
1.484 
1.447 
1.4 
1.352 
1.339 
1.32 
1.305 
1.29 
1.281 
1.268 
1.25 
1.22 
1.199 
1.403 
1.188 
1.155 
1.15 
1.142 
1.129 
1.117 
1.115 
1.107 
1.101 
1.095 
1.094 
1.089 
1.088 
1.087 
1.084 
1.079 
1.078 
1.077 
1.074 
1.072 
1.071 
1.072 
1.069 
1.068 
1.067 
h 
1.006 
1.004 
1.0 
0.994 
0.995 
1.026 
0.98 
0.973 
0.959 
0.935 
0.897 
0.856 
0.846 
0.838 
0.83 
0.82 
0.804 
0.798 
0.792 
0.782 
0.773 
0.762 
0.759 
0.751 
0.746 
0.736 
0.733 
0.73 
0.727 
0.721 
0.711 
0.699 
0.723 
0.698 
0.697 
0.696 
0.694 
0.691 
0.689 
0.684 
0.676 
0.671 
0.688 
0.666 
0.66 
0.658 
0.657 
0.656 
0.654 
0.65 
0.644 
0.632 
0.624 
0.663 
0.613 
0.61 
0.61 
0.608 
0.606 
0.602 
0.596 
0.584 
0.578 
0.601 
0.566 
0.565 
0.563 
0.559 
0.554 
0.569 
