29.598 
29.293 
28.417 
26.67 
24.915 
24.91 
24.91 
24.908 
24.905 
24.903 
24.907 
24.901 
24.901 
h 
24.808 
24.784 
24.713 
24.554 
24.236 
23.674 
22.896 
22.448 
22.104 
21.702 
21.159 
20.55 
22.584 
19.688 
19.27 
19.224 
19.175 
19.074 
18.886 
18.565 
18.063 
17.888 
21.903 
17.53 
17.505 
17.466 
17.394 
17.276 
17.113 
16.997 
16.796 
16.638 
16.747 
16.525 
16.494 
16.448 
16.404 
16.37 
16.323 
16.248 
16.23 
16.196 
16.183 
16.162 
16.131 
16.09 
16.03 
16.24 
16.079 
15.984 
15.978 
15.967 
15.947 
15.913 
15.885 
16.007 
15.876 
15.875 
15.873 
15.87 
h 
15.375 
15.337 
15.309 
15.279 
15.216 
15.092 
14.858 
14.45 
13.845 
13.635 
15.325 
13.296 
13.278 
13.248 
13.215 
13.19 
13.144 
13.053 
12.883 
12.588 
13.239 
13.447 
12.295 
12.279 
12.258 
12.238 
12.198 
12.129 
12.063 
12.565 
12.033 
12.03 
12.025 
12.014 
11.995 
11.964 
11.928 
12.685 
11.964 
11.864 
11.856 
11.843 
11.831 
11.81 
11.79 
11.771 
11.77 
11.767 
11.761 
11.752 
h 
11.73 
11.719 
11.72 
11.695 
11.673 
11.629 
11.551 
11.428 
11.353 
11.324 
11.311 
11.304 
11.296 
11.293 
11.288 
11.31 
11.272 
11.271 
11.27 
h 
11.106 
11.103 
11.09 
11.062 
11.013 
10.922 
10.789 
10.626 
10.211 
10.077 
9.924 
9.753 
9.79 
9.675 
9.567 
9.578 
9.546 
9.515 
9.48 
9.419 
9.39 
9.378 
9.318 
9.314 
9.304 
9.288 
9.261 
9.239 
9.213 
9.218 
9.214 
9.203 
9.186 
9.181 
9.171 
9.157 
9.165 
h 
8.976 
8.921 
8.885 
8.874 
8.855 
8.833 
8.791 
8.723 
8.693 
8.618 
8.567 
8.53 
8.476 
8.402 
8.412 
8.291 
8.301 
8.29 
8.271 
8.261 
8.22 
8.194 
8.155 
8.102 
8.074 
8.105 
8.091 
8.032 
8.029 
8.022 
8.019 
7.999 
8.009 
8.03 
7.992 
7.998 
7.999 
8.0 
7.998 
h 
7.991 
7.996 
7.992 
7.99 
7.984 
7.973 
7.946 
7.901 
7.833 
7.778 
7.766 
7.737 
7.689 
7.727 
7.677 
7.663 
7.641 
7.617 
7.618 
7.602 
7.611 
7.607 
7.601 
7.593 
7.583 
7.664 
7.588 
7.592 
h 
7.341 
7.335 
7.322 
7.307 
7.296 
7.281 
7.247 
7.215 
7.14 
7.097 
7.078 
7.032 
7.049 
6.994 
6.935 
6.893 
6.882 
6.888 
6.866 
6.862 
6.857 
6.818 
6.805 
6.796 
6.789 
6.792 
6.78 
6.768 
6.755 
6.724 
6.822 
7.145 
6.749 
6.739 
6.722 
6.728 
6.7 
6.681 
6.671 
6.724 
6.674 
6.67 
6.668 
6.666 
6.662 
6.653 
h 
