28.527 
28.324 
27.748 
26.617 
25.445 
25.387 
25.331 
25.224 
25.046 
24.859 
25.764 
24.843 
24.84 
24.834 
24.824 
24.807 
24.805 
24.834 
24.787 
24.786 
h 
23.695 
23.643 
23.542 
23.393 
23.102 
22.55 
21.638 
20.604 
20.194 
19.876 
19.708 
19.375 
18.761 
18.056 
18.255 
17.643 
17.563 
17.408 
17.136 
17.026 
16.785 
16.704 
16.613 
16.494 
16.343 
16.365 
16.279 
16.248 
16.19 
16.086 
15.948 
15.843 
15.799 
15.741 
15.701 
15.631 
15.556 
15.472 
15.368 
15.254 
15.286 
15.208 
15.192 
15.166 
15.14 
15.113 
15.079 
15.02 
14.93 
15.035 
14.96 
14.824 
14.818 
14.809 
14.795 
14.776 
14.739 
14.704 
14.698 
14.671 
14.666 
14.656 
14.636 
14.598 
14.535 
14.438 
14.683 
16.731 
14.39 
14.372 
14.362 
14.349 
14.339 
14.339 
14.336 
14.337 
14.336 
h 
13.938 
13.899 
13.821 
13.709 
13.656 
13.644 
13.62 
13.586 
13.527 
13.423 
13.272 
13.125 
12.981 
12.912 
12.881 
12.865 
12.838 
12.807 
12.772 
12.71 
12.614 
12.561 
13.516 
12.511 
12.509 
12.505 
12.494 
12.474 
12.437 
12.375 
12.278 
12.676 
12.274 
12.167 
12.159 
12.145 
12.124 
12.096 
12.048 
12.042 
12.338 
11.982 
11.978 
11.97 
11.954 
11.926 
11.928 
11.901 
11.895 
11.89 
h 
11.798 
11.757 
11.698 
11.668 
11.659 
11.653 
11.644 
11.634 
11.615 
11.58 
11.56 
11.525 
11.492 
11.475 
11.445 
11.394 
11.325 
11.284 
11.848 
11.243 
11.241 
11.236 
11.228 
11.217 
11.206 
11.2 
11.19 
11.182 
h 
10.983 
10.938 
10.904 
10.897 
10.886 
10.881 
10.864 
10.829 
10.764 
10.663 
10.604 
10.631 
10.576 
10.567 
10.555 
10.554 
10.553 
10.544 
10.532 
10.534 
10.515 
10.518 
10.519 
h 
10.496 
10.495 
10.482 
10.472 
10.443 
10.395 
10.303 
10.143 
9.896 
9.702 
11.407 
9.64 
9.638 
9.636 
9.634 
9.615 
9.62 
9.614 
9.601 
9.585 
h 
