24.943 
24.94 
24.931 
24.912 
24.871 
24.792 
24.654 
24.448 
24.662 
24.397 
24.343 
24.34 
24.335 
24.326 
24.313 
24.304 
24.383 
24.301 
h 
22.935 
22.913 
22.853 
22.74 
22.589 
22.358 
21.967 
21.499 
21.275 
21.139 
20.976 
20.705 
20.356 
19.929 
19.595 
19.222 
18.771 
18.347 
20.105 
18.28 
18.247 
18.186 
18.074 
17.896 
17.72 
17.67 
17.602 
17.563 
17.518 
17.501 
17.471 
17.433 
17.409 
17.376 
17.328 
17.278 
17.249 
17.233 
17.218 
17.204 
17.197 
17.185 
17.164 
h 
16.693 
16.637 
16.593 
16.506 
16.327 
15.981 
15.353 
14.354 
13.159 
13.73 
13.002 
12.522 
12.491 
12.433 
12.341 
12.237 
12.136 
12.001 
11.947 
11.847 
11.664 
11.347 
10.898 
12.744 
12.879 
10.712 
10.637 
10.606 
10.554 
10.467 
10.366 
10.311 
10.262 
10.192 
10.208 
10.135 
10.123 
10.111 
10.101 
10.084 
10.053 
10.01 
9.956 
9.9 
9.859 
9.83 
9.823 
9.811 
9.786 
9.741 
9.664 
9.56 
10.236 
9.519 
9.505 
9.493 
9.483 
9.471 
9.459 
9.436 
9.397 
9.34 
9.255 
9.648 
9.275 
9.216 
9.21 
9.2 
9.192 
9.184 
9.178 
9.169 
9.154 
9.129 
9.168 
9.116 
9.102 
9.099 
9.093 
h 
8.847 
8.832 
8.817 
8.802 
8.771 
8.71 
8.596 
8.393 
8.073 
7.747 
7.833 
10.663 
9.106 
7.678 
7.506 
7.454 
7.408 
7.372 
7.357 
7.354 
7.343 
7.326 
7.319 
7.311 
7.289 
7.28 
7.285 
7.267 
7.261 
7.249 
7.24 
7.235 
7.219 
7.232 
7.22 
7.22 
7.219 
7.217 
h 
6.976 
6.927 
6.891 
6.88 
6.862 
6.839 
6.81 
6.763 
6.693 
6.609 
6.578 
6.544 
6.498 
6.469 
6.453 
6.382 
6.374 
6.364 
6.358 
6.351 
6.338 
6.335 
6.331 
6.322 
h 
6.1 
6.088 
6.125 
6.074 
6.059 
6.029 
5.973 
5.879 
5.741 
5.662 
5.637 
5.611 
5.604 
5.595 
5.586 
5.578 
5.565 
5.558 
5.55 
5.531 
5.5 
5.493 
5.465 
5.464 
5.456 
5.443 
5.423 
5.518 
5.403 
5.393 
5.377 
5.351 
5.316 
5.282 
5.516 
5.242 
5.228 
5.226 
5.222 
5.217 
5.221 
5.22 
5.195 
5.187 
5.181 
5.171 
5.165 
5.189 
5.202 
5.164 
5.161 
5.156 
h 
5.053 
5.042 
5.024 
5.002 
4.973 
4.961 
4.954 
4.943 
4.934 
4.918 
4.908 
4.88 
4.868 
4.847 
4.827 
4.791 
4.79 
4.787 
4.781 
4.771 
4.76 
4.751 
4.741 
4.721 
4.674 
4.707 
4.663 
4.654 
4.638 
4.634 
4.629 
4.623 
4.62 
4.612 
4.599 
4.591 
4.573 
4.573 
4.566 
4.554 
4.543 
4.515 
4.51 
4.493 
4.488 
4.482 
4.47 
4.491 
4.453 
4.452 
4.449 
4.446 
4.432 
4.431 
4.423 
4.412 
4.408 
4.405 
4.401 
4.398 
4.388 
4.377 
4.373 
4.366 
4.355 
4.346 
4.323 
4.294 
4.497 
4.277 
4.267 
4.263 
4.257 
4.257 
4.255 
4.252 
4.247 
4.258 
h 
4.168 
4.105 
4.078 
4.065 
4.043 
4.021 
3.996 
3.986 
3.976 
3.956 
3.926 
3.893 
3.866 
3.813 
3.724 
3.604 
3.64 
4.928 
3.508 
3.506 
3.506 
3.504 
3.502 
3.497 
3.49 
3.481 
3.468 
3.468 
3.465 
3.465 
3.467 
3.471 
3.472 
3.475 
3.472 
h 
3.512 
3.412 
3.289 
3.258 
3.245 
3.238 
3.233 
3.227 
3.2 
3.195 
3.164 
3.122 
3.064 
2.978 
2.973 
2.95 
2.944 
2.9 
2.889 
2.882 
2.878 
2.866 
2.854 
2.855 
2.871 
2.823 
2.819 
2.812 
2.802 
2.784 
2.774 
2.774 
2.772 
2.761 
2.756 
2.749 
2.752 
2.753 
2.754 
2.745 
2.739 
2.729 
2.717 
2.717 
2.71 
2.708 
2.704 
2.704 
2.705 
2.704 
2.702 
h 
2.563 
2.557 
2.545 
2.557 
2.541 
2.534 
2.521 
2.496 
2.456 
2.385 
2.335 
2.478 
2.285 
2.274 
2.257 
2.224 
2.175 
2.123 
2.113 
2.097 
2.083 
2.056 
2.029 
2.005 
2.013 
2.008 
1.971 
1.968 
1.963 
1.958 
1.947 
1.963 
1.944 
1.942 
1.939 
1.931 
1.921 
1.901 
1.918 
1.908 
1.91 
1.911 
1.911 
1.912 
1.915 
1.911 
h 
1.858 
1.852 
1.85 
1.854 
1.855 
1.853 
1.851 
1.847 
h 
1.783 
1.773 
1.757 
1.748 
1.741 
1.743 
1.729 
1.712 
1.68 
1.623 
1.537 
1.49 
1.473 
1.449 
1.429 
1.4 
1.375 
1.361 
1.346 
1.334 
1.325 
1.314 
1.318 
1.305 
1.304 
1.302 
1.301 
1.292 
1.277 
1.265 
1.25 
1.353 
1.246 
1.246 
1.246 
1.241 
1.234 
1.231 
1.227 
1.227 
1.217 
1.214 
1.212 
1.208 
1.204 
1.196 
1.209 
1.2 
1.195 
1.193 
1.191 
1.187 
1.189 
1.187 
1.185 
1.18 
1.171 
1.159 
1.25 
1.156 
1.155 
1.154 
1.152 
1.149 
1.149 
1.148 
1.148 
1.147 
h 
1.122 
1.12 
1.117 
1.114 
1.107 
1.097 
1.077 
1.069 
1.03 
0.928 
0.816 
0.754 
0.744 
0.707 
0.693 
0.687 
0.685 
0.676 
0.662 
0.644 
0.63 
0.773 
0.62 
0.597 
0.592 
0.587 
0.584 
0.579 
0.572 
0.567 
0.575 
0.56 
0.559 
0.557 
0.557 
0.557 
0.552 
0.549 
0.545 
0.546 
0.546 
0.541 
0.541 
0.541 
0.541 
0.541 
0.54 
h 
0.459 
0.459 
0.46 
0.46 
0.46 
0.458 
0.455 
0.448 
0.439 
0.422 
0.392 
0.347 
0.301 
