26.682 
26.581 
26.302 
25.798 
25.397 
25.362 
25.296 
25.189 
25.037 
25.043 
26.053 
24.935 
24.934 
24.932 
24.929 
24.924 
24.929 
24.924 
24.921 
24.921 
h 
23.221 
23.172 
23.053 
22.855 
22.687 
22.511 
22.183 
21.649 
21.04 
20.989 
20.786 
20.43 
20.282 
20.007 
19.658 
19.524 
19.394 
19.172 
18.887 
18.948 
18.767 
18.728 
18.65 
18.502 
18.248 
17.911 
18.127 
17.752 
17.713 
17.646 
17.521 
17.292 
16.918 
17.829 
16.89 
16.677 
16.662 
16.639 
16.606 
16.578 
16.56 
16.528 
16.467 
16.355 
16.26 
16.917 
16.189 
16.181 
16.165 
16.134 
16.079 
15.981 
16.0 
17.493 
15.869 
15.861 
15.854 
15.844 
15.84 
15.832 
15.827 
15.822 
15.822 
h 
15.774 
15.765 
15.74 
15.688 
15.584 
15.407 
15.083 
14.609 
14.205 
13.76 
13.419 
13.225 
13.208 
13.193 
13.166 
13.129 
13.09 
13.024 
12.924 
12.775 
12.649 
12.545 
12.523 
12.476 
12.384 
12.216 
11.941 
12.053 
15.102 
11.529 
11.511 
11.489 
11.448 
11.371 
11.276 
11.398 
11.239 
11.226 
11.201 
11.178 
11.138 
11.063 
10.947 
10.949 
11.122 
10.838 
10.833 
10.822 
10.811 
10.792 
10.76 
10.704 
10.646 
11.519 
10.622 
10.62 
10.618 
10.615 
10.609 
10.598 
10.575 
10.535 
10.488 
10.852 
10.47 
10.466 
10.458 
10.444 
10.421 
10.386 
10.439 
10.51 
10.365 
10.364 
10.363 
10.359 
10.353 
10.353 
10.347 
10.345 
10.342 
h 
9.935 
9.921 
9.919 
9.918 
9.913 
9.901 
9.879 
9.838 
h 
9.573 
9.524 
9.507 
9.457 
9.436 
9.413 
9.38 
9.323 
9.281 
9.229 
9.201 
9.185 
9.165 
9.13 
9.074 
9.027 
9.014 
8.979 
8.97 
8.96 
8.947 
8.929 
8.913 
8.9 
8.882 
8.85 
8.798 
8.795 
8.785 
8.737 
8.731 
8.724 
8.713 
8.697 
8.694 
8.68 
8.676 
8.672 
8.664 
8.66 
8.656 
8.648 
h 
8.256 
8.217 
8.173 
8.166 
8.162 
8.162 
8.142 
8.113 
8.064 
8.001 
7.977 
7.962 
7.937 
7.933 
7.929 
7.923 
7.92 
7.915 
7.907 
h 
