29.828 
29.545 
28.727 
27.052 
25.124 
25.055 
25.03 
24.985 
24.913 
24.937 
24.974 
24.857 
24.855 
24.851 
24.845 
24.842 
24.848 
24.837 
24.836 
24.835 
h 
23.206 
23.116 
22.963 
22.842 
22.761 
22.597 
22.285 
21.753 
21.05 
21.182 
20.462 
20.151 
20.008 
19.802 
19.483 
19.204 
19.128 
19.024 
18.974 
18.892 
18.817 
18.731 
18.642 
18.552 
18.393 
18.192 
17.984 
19.101 
17.911 
17.899 
17.876 
17.838 
17.77 
17.657 
17.517 
17.346 
17.647 
17.24 
17.212 
17.185 
17.148 
17.087 
17.061 
17.039 
17.025 
16.998 
16.952 
16.894 
16.851 
16.861 
16.807 
16.796 
16.777 
16.75 
16.719 
16.664 
16.622 
16.859 
16.568 
16.562 
16.549 
16.525 
16.482 
16.416 
16.465 
19.014 
16.394 
16.384 
16.375 
16.363 
16.357 
16.355 
16.352 
16.351 
16.349 
h 
15.514 
15.434 
15.362 
15.334 
15.287 
15.199 
15.041 
14.804 
14.558 
14.41 
14.236 
14.122 
14.046 
14.017 
13.977 
13.904 
13.764 
13.518 
13.336 
15.213 
13.137 
13.115 
13.084 
13.051 
13.005 
12.959 
12.937 
12.932 
12.925 
12.909 
12.878 
12.824 
12.799 
12.772 
12.741 
12.731 
12.718 
12.695 
12.672 
12.65 
12.623 
12.607 
12.587 
12.576 
12.557 
12.525 
12.465 
12.362 
12.941 
12.559 
12.296 
12.294 
12.29 
12.284 
12.274 
12.279 
12.266 
12.264 
12.261 
h 
12.268 
12.241 
12.2 
12.163 
12.13 
12.09 
12.039 
12.009 
12.019 
11.998 
11.995 
11.99 
11.982 
11.973 
11.961 
11.944 
11.922 
11.874 
11.935 
11.861 
11.856 
11.846 
11.834 
11.813 
11.777 
11.906 
h 
11.772 
11.675 
11.629 
11.626 
11.617 
11.601 
11.573 
11.533 
11.496 
11.489 
11.482 
11.472 
11.454 
11.417 
11.35 
11.285 
11.281 
11.238 
11.222 
11.202 
11.179 
11.169 
11.161 
11.145 
11.126 
11.104 
11.054 
11.095 
11.034 
11.032 
11.03 
11.025 
11.02 
11.009 
h 
10.989 
10.977 
10.956 
10.916 
10.851 
10.774 
10.864 
11.216 
10.758 
10.747 
10.738 
10.724 
10.701 
10.666 
10.652 
10.652 
10.653 
h 
