27.702 
27.539 
27.092 
26.289 
25.662 
25.61 
25.509 
25.334 
25.108 
25.16 
25.73 
24.97 
24.969 
24.967 
24.963 
24.955 
24.944 
24.945 
25.032 
24.937 
h 
23.626 
23.617 
23.579 
23.485 
23.294 
22.965 
22.463 
21.737 
21.236 
21.906 
20.993 
20.956 
20.884 
20.743 
20.468 
19.971 
19.795 
19.397 
19.307 
19.208 
19.108 
18.983 
18.784 
18.546 
18.611 
18.481 
18.278 
18.263 
18.251 
18.232 
18.193 
18.126 
18.035 
17.892 
17.749 
18.06 
17.697 
17.682 
17.656 
17.613 
17.563 
17.536 
17.511 
17.461 
17.369 
17.215 
17.335 
18.282 
17.053 
17.05 
17.046 
17.04 
17.032 
17.023 
17.015 
17.003 
16.983 
h 
16.543 
16.497 
16.47 
16.455 
16.433 
16.408 
16.365 
16.286 
16.167 
16.074 
16.054 
16.033 
16.032 
16.029 
16.026 
16.027 
16.021 
h 
15.603 
15.573 
15.525 
15.494 
15.455 
15.377 
15.231 
14.992 
14.65 
14.406 
14.154 
14.21 
14.026 
13.99 
13.943 
13.905 
13.859 
13.768 
13.609 
13.335 
13.731 
13.228 
13.144 
13.14 
13.133 
13.124 
13.109 
13.081 
13.036 
12.985 
12.92 
12.808 
12.888 
12.752 
12.708 
12.702 
12.694 
12.677 
12.645 
12.585 
12.499 
12.793 
12.465 
12.457 
12.441 
12.419 
12.384 
12.383 
12.375 
12.356 
12.353 
h 
12.132 
12.129 
12.122 
12.109 
12.084 
12.036 
11.947 
11.8 
11.612 
11.57 
11.527 
11.471 
11.448 
11.422 
11.391 
11.381 
11.378 
11.376 
11.369 
11.359 
h 
11.032 
11.008 
10.98 
10.948 
10.917 
10.884 
10.82 
10.699 
10.49 
10.185 
9.995 
10.273 
9.898 
9.678 
9.656 
9.636 
9.63 
9.623 
9.611 
9.591 
9.557 
9.544 
9.536 
9.517 
9.496 
9.501 
9.486 
9.484 
9.485 
h 
9.362 
9.363 
9.363 
9.37 
9.358 
9.356 
9.363 
9.353 
h 
9.326 
9.305 
9.301 
9.294 
9.286 
9.291 
9.285 
9.238 
h 
8.347 
8.254 
8.202 
8.169 
8.18 
8.129 
8.08 
7.995 
7.883 
7.854 
7.86 
7.834 
7.826 
7.826 
7.816 
7.798 
7.775 
7.76 
7.761 
7.692 
7.689 
7.687 
7.681 
7.666 
7.645 
7.617 
7.63 
7.618 
h 
7.565 
7.538 
7.495 
7.448 
7.391 
7.328 
7.306 
7.277 
7.243 
7.235 
7.217 
7.173 
7.107 
7.024 
6.987 
7.727 
6.958 
6.961 
6.957 
6.948 
6.924 
6.899 
6.87 
6.838 
6.806 
6.829 
6.79 
6.786 
6.789 
6.788 
6.778 
6.779 
6.758 
6.763 
6.766 
h 
6.754 
6.748 
6.739 
6.74 
6.743 
6.729 
6.707 
6.668 
6.606 
6.523 
6.491 
6.632 
6.433 
6.432 
6.422 
6.414 
6.412 
6.407 
6.4 
6.387 
6.36 
6.316 
6.25 
6.299 
6.228 
6.225 
6.222 
6.218 
6.208 
6.188 
6.156 
6.134 
6.14 
6.092 
6.087 
6.09 
6.077 
6.055 
6.037 
6.027 
6.016 
6.011 
6.002 
5.991 
5.985 
5.981 
5.974 
5.963 
5.943 
5.908 
5.962 
5.924 
5.875 
5.868 
5.862 
5.851 
5.838 
5.834 
5.834 
5.815 
5.793 
5.764 
5.712 
5.887 
5.813 
5.722 
5.713 
5.709 
5.702 
5.691 
5.684 
5.685 
5.683 
5.68 
h 
5.407 
5.41 
5.384 
5.379 
5.372 
5.357 
5.314 
5.223 
5.085 
4.832 
4.508 
4.434 
4.359 
4.333 
4.283 
4.217 
4.175 
4.136 
4.104 
4.073 
4.021 
3.977 
3.966 
3.909 
3.855 
3.843 
3.828 
3.818 
3.834 
3.794 
3.782 
3.761 
3.739 
3.727 
3.698 
3.667 
3.684 
3.655 
3.649 
3.639 
3.632 
3.62 
3.619 
3.599 
3.582 
3.585 
3.58 
3.575 
3.567 
3.557 
3.542 
3.542 
3.557 
3.53 
3.526 
3.52 
3.517 
3.526 
3.513 
3.507 
3.5 
3.491 
3.475 
3.46 
3.456 
3.499 
3.441 
3.435 
3.434 
3.429 
3.423 
3.416 
3.406 
3.423 
3.43 
3.406 
h 
3.223 
3.198 
3.166 
3.141 
3.139 
3.138 
3.137 
3.131 
3.122 
3.105 
3.086 
3.054 
3.001 
2.952 
2.925 
2.936 
2.9 
2.889 
2.878 
2.867 
2.874 
2.867 
2.863 
2.854 
2.844 
2.84 
2.832 
2.815 
2.875 
2.862 
2.794 
2.784 
2.773 
2.764 
2.75 
2.745 
2.738 
2.732 
2.722 
2.713 
2.719 
2.715 
2.704 
2.705 
2.707 
2.705 
2.703 
2.7 
2.703 
2.701 
2.696 
h 
2.494 
2.489 
2.493 
2.538 
2.513 
2.494 
2.485 
2.469 
2.446 
2.407 
2.356 
2.333 
2.297 
2.311 
2.277 
2.276 
2.266 
2.248 
2.225 
2.227 
2.211 
2.201 
2.198 
2.195 
2.189 
2.182 
2.193 
2.208 
2.178 
2.153 
2.156 
2.154 
2.151 
2.147 
2.147 
2.137 
2.139 
2.133 
h 
2.094 
2.087 
2.077 
2.072 
2.069 
2.066 
2.07 
2.067 
2.064 
2.061 
2.05 
2.035 
2.019 
2.009 
2.022 
2.006 
1.999 
2.005 
1.998 
1.989 
1.982 
1.978 
1.97 
1.96 
1.974 
1.943 
1.938 
1.931 
1.921 
1.909 
1.91 
1.894 
1.89 
1.886 
1.881 
1.876 
1.878 
1.872 
1.867 
1.861 
1.853 
1.845 
1.847 
1.841 
1.833 
1.831 
1.828 
1.824 
1.82 
1.818 
1.817 
1.807 
1.803 
1.803 
1.803 
1.8 
1.8 
1.799 
1.798 
1.795 
h 
1.686 
1.675 
1.662 
1.647 
1.641 
1.635 
1.635 
1.629 
1.618 
1.599 
1.566 
1.512 
1.438 
1.44 
1.475 
1.398 
1.391 
1.388 
1.38 
1.374 
1.419 
1.369 
1.371 
1.371 
1.369 
1.367 
1.366 
1.361 
1.375 
1.349 
1.352 
1.351 
1.349 
1.347 
1.346 
1.341 
1.338 
1.339 
h 
1.27 
1.243 
1.225 
1.223 
1.221 
1.218 
1.211 
1.215 
1.206 
1.205 
1.199 
1.19 
1.174 
1.161 
1.141 
1.136 
1.135 
1.129 
1.128 
1.127 
1.125 
1.123 
1.116 
1.107 
1.1 
1.159 
1.096 
1.096 
1.095 
1.093 
1.091 
1.089 
1.087 
1.085 
1.08 
1.085 
1.082 
1.08 
1.077 
1.076 
1.073 
1.066 
1.095 
1.07 
1.064 
1.063 
1.061 
1.058 
1.051 
1.059 
1.05 
1.051 
1.051 
1.05 
1.049 
1.046 
1.051 
1.045 
1.046 
1.046 
1.045 
1.043 
1.045 
1.046 
h 
1.036 
1.029 
1.022 
1.019 
1.018 
1.017 
1.014 
1.012 
1.011 
1.008 
1.005 
1.005 
0.999 
0.996 
0.997 
0.996 
0.995 
0.992 
0.987 
0.976 
1.01 
0.976 
0.976 
0.975 
0.975 
0.974 
0.972 
0.969 
0.967 
0.998 
0.971 
0.964 
0.963 
0.963 
0.962 
0.96 
0.954 
0.98 
0.955 
0.955 
0.955 
0.954 
0.953 
0.95 
0.95 
0.949 
0.946 
h 
0.871 
0.886 
0.864 
0.863 
0.862 
0.862 
0.861 
0.859 
0.855 
0.845 
0.829 
0.801 
0.774 
0.78 
0.777 
0.773 
0.77 
0.766 
0.764 
0.759 
0.768 
0.761 
0.76 
0.759 
0.758 
