25.846 
25.786 
25.623 
25.346 
25.155 
25.141 
25.112 
25.056 
24.984 
24.948 
24.912 
24.897 
24.873 
24.843 
24.794 
24.749 
25.336 
24.743 
24.733 
24.732 
24.732 
24.73 
24.728 
24.724 
24.718 
24.718 
h 
23.101 
22.678 
22.366 
22.276 
22.096 
21.746 
21.093 
20.027 
18.755 
17.012 
15.857 
22.158 
15.594 
15.534 
15.481 
15.388 
15.277 
15.149 
14.949 
15.042 
14.865 
14.674 
14.65 
14.624 
14.577 
14.492 
14.352 
14.155 
13.934 
16.518 
13.886 
13.88 
13.873 
13.862 
13.843 
13.807 
13.749 
13.763 
14.052 
13.688 
13.685 
13.679 
13.665 
13.64 
13.593 
13.539 
13.604 
13.526 
13.523 
13.516 
13.504 
13.498 
13.492 
13.487 
h 
12.698 
12.671 
12.634 
12.613 
12.587 
12.538 
12.449 
12.31 
12.182 
12.128 
12.096 
12.068 
12.017 
11.926 
11.77 
11.589 
12.176 
11.422 
11.382 
11.323 
11.271 
11.221 
11.147 
11.046 
10.965 
10.91 
10.886 
10.848 
10.785 
10.665 
10.503 
10.827 
10.46 
10.445 
10.417 
10.368 
10.343 
10.323 
10.289 
10.248 
10.174 
10.179 
10.112 
10.1 
10.084 
10.053 
9.997 
9.932 
9.846 
10.029 
9.83 
9.822 
9.807 
9.779 
9.739 
9.675 
9.615 
10.694 
9.582 
9.579 
9.572 
9.561 
9.551 
9.53 
9.529 
9.472 
9.463 
9.45 
9.431 
9.405 
9.384 
9.344 
9.273 
9.245 
9.277 
9.192 
9.187 
9.176 
9.162 
9.146 
9.13 
9.127 
9.117 
9.107 
9.093 
9.086 
9.088 
9.135 
h 
8.753 
8.746 
8.736 
8.739 
8.717 
8.693 
8.647 
8.572 
8.489 
8.467 
8.44 
8.438 
8.436 
8.432 
8.424 
8.41 
8.39 
8.358 
8.364 
8.362 
8.337 
8.335 
8.332 
8.33 
8.33 
h 
8.044 
7.987 
7.973 
7.966 
7.955 
7.94 
7.911 
7.859 
7.775 
7.688 
7.734 
7.586 
7.53 
7.492 
7.44 
7.405 
7.382 
7.353 
7.325 
7.285 
7.236 
7.184 
7.125 
7.188 
7.069 
7.063 
7.051 
7.029 
6.99 
6.928 
6.844 
8.091 
6.899 
6.849 
6.831 
6.816 
6.798 
6.773 
6.757 
6.741 
6.716 
6.684 
6.792 
6.667 
6.656 
6.651 
6.643 
6.635 
6.628 
6.618 
6.605 
6.596 
6.57 
6.606 
6.567 
6.564 
6.562 
6.559 
6.555 
6.553 
h 
6.477 
6.469 
6.46 
6.446 
6.426 
6.389 
6.329 
6.221 
6.056 
5.916 
5.779 
5.678 
5.656 
5.647 
5.636 
5.626 
5.608 
5.58 
5.535 
5.474 
5.506 
5.452 
5.409 
5.393 
5.368 
5.351 
5.332 
5.323 
5.311 
5.286 
5.286 
5.284 
5.281 
5.276 
5.275 
5.272 
5.27 
5.268 
h 
5.124 
5.111 
5.095 
5.082 
5.066 
5.063 
5.061 
5.057 
5.05 
5.042 
5.028 
5.007 
4.979 
4.975 
5.003 
4.964 
4.964 
4.964 
4.964 
4.969 
h 
4.727 
4.709 
4.699 
4.69 
4.683 
4.673 
4.656 
4.628 
4.59 
4.513 
4.433 
4.406 
4.393 
4.373 
4.333 
4.267 
4.184 
4.17 
4.589 
4.208 
4.152 
4.144 
4.136 
4.132 
4.127 
4.126 
4.122 
4.115 
4.106 
4.151 
4.107 
4.105 
4.103 
4.099 
4.099 
4.095 
4.089 
4.08 
4.077 
h 
4.05 
4.05 
4.049 
4.046 
4.036 
4.025 
4.009 
3.961 
3.905 
3.832 
3.811 
3.835 
3.799 
3.796 
3.791 
3.781 
3.76 
3.733 
3.702 
3.671 
3.662 
3.641 
3.614 
3.599 
3.597 
3.584 
3.58 
3.574 
3.563 
3.559 
3.551 
3.549 
3.545 
3.541 
3.535 
3.529 
3.528 
3.524 
3.522 
3.517 
3.505 
3.508 
3.611 
3.51 
3.51 
3.508 
3.506 
3.503 
3.5 
3.494 
3.503 
3.491 
h 
3.417 
3.416 
3.414 
3.412 
3.41 
3.404 
3.394 
3.372 
3.325 
3.23 
3.042 
3.15 
2.9 
2.863 
2.847 
2.814 
2.773 
2.724 
2.705 
2.697 
2.676 
2.654 
2.62 
2.59 
2.533 
2.648 
2.509 
2.507 
2.488 
2.461 
2.436 
2.412 
2.417 
2.421 
2.407 
2.402 
2.4 
2.388 
2.383 
2.384 
2.374 
2.366 
2.35 
2.35 
2.347 
2.345 
2.343 
2.329 
2.326 
2.321 
2.32 
2.316 
2.307 
2.287 
2.27 
2.269 
2.238 
2.235 
2.235 
2.233 
2.227 
2.213 
2.206 
2.194 
2.195 
2.194 
2.193 
2.191 
2.181 
2.182 
2.177 
2.178 
2.175 
2.172 
2.161 
2.158 
2.16 
2.152 
2.149 
2.148 
2.147 
2.141 
2.135 
2.124 
2.136 
2.128 
2.121 
2.118 
2.115 
2.111 
2.105 
2.097 
2.113 
2.096 
2.094 
2.092 
2.091 
2.084 
2.075 
2.076 
h 
2.029 
2.014 
1.999 
1.995 
1.989 
1.988 
1.983 
1.973 
1.958 
1.942 
1.929 
1.91 
1.887 
1.842 
1.838 
1.814 
1.803 
1.786 
1.772 
1.745 
1.809 
1.747 
1.747 
1.748 
1.74 
1.733 
1.731 
1.73 
1.729 
1.726 
1.721 
1.732 
1.724 
1.721 
1.718 
1.713 
1.719 
h 
1.612 
1.593 
1.589 
1.584 
1.577 
1.571 
1.563 
1.552 
1.54 
1.528 
1.509 
1.493 
1.457 
1.391 
1.311 
1.2 
1.393 
1.198 
1.141 
1.143 
1.145 
1.142 
1.137 
1.128 
1.135 
1.114 
1.123 
1.121 
1.118 
1.112 
1.104 
1.125 
1.083 
1.096 
1.097 
1.098 
1.095 
1.091 
1.092 
1.082 
1.096 
1.092 
1.09 
1.089 
1.092 
1.094 
1.091 
1.086 
1.087 
h 
1.062 
1.064 
1.064 
1.065 
1.06 
1.076 
1.059 
1.055 
1.047 
1.035 
1.012 
0.979 
0.957 
0.935 
0.93 
0.927 
0.919 
0.917 
0.913 
0.906 
0.895 
0.896 
0.908 
0.869 
0.857 
0.852 
0.847 
0.843 
0.837 
0.833 
0.822 
0.812 
0.8 
0.793 
0.781 
0.77 
0.768 
0.765 
0.764 
0.76 
0.754 
0.743 
0.723 
0.713 
0.707 
0.703 
0.695 
0.686 
0.682 
0.681 
0.68 
0.679 
0.677 
0.675 
0.672 
0.666 
0.656 
0.646 
0.672 
0.644 
0.644 
0.643 
0.641 
0.637 
0.632 
0.625 
0.657 
0.62 
0.618 
0.617 
0.616 
0.612 
0.607 
0.602 
0.594 
0.652 
0.592 
0.591 
0.59 
0.589 
0.588 
0.585 
0.597 
0.583 
0.582 
0.581 
0.58 
0.578 
0.576 
0.572 
0.564 
0.551 
0.588 
0.573 
0.539 
0.538 
0.537 
0.535 
0.532 
0.527 
h 
0.502 
0.497 
0.498 
0.495 
0.492 
0.488 
0.479 
0.465 
0.443 
0.402 
0.34 
