28.432 
28.185 
27.5 
26.235 
25.26 
25.229 
25.189 
25.146 
25.101 
25.069 
25.05 
25.026 
25.009 
h 
23.63 
23.533 
23.474 
23.373 
23.168 
22.775 
22.091 
21.143 
20.654 
20.961 
20.391 
20.336 
20.291 
20.245 
20.179 
20.06 
19.833 
19.454 
19.037 
18.931 
18.8 
18.572 
18.469 
18.379 
18.336 
18.29 
18.246 
18.182 
18.11 
18.056 
17.987 
17.888 
17.792 
17.7 
18.033 
17.678 
17.675 
17.67 
17.661 
17.648 
17.631 
17.606 
17.56 
17.495 
17.429 
17.38 
17.398 
17.352 
17.344 
17.332 
17.308 
17.277 
17.244 
17.194 
17.18 
17.16 
17.152 
17.148 
17.141 
h 
15.988 
15.922 
15.872 
15.846 
15.797 
15.705 
15.552 
15.354 
15.257 
15.144 
15.108 
15.063 
15.039 
15.013 
14.959 
14.85 
14.643 
14.368 
14.285 
14.082 
14.02 
13.937 
13.837 
13.767 
13.702 
13.619 
13.527 
13.501 
13.45 
13.359 
13.203 
13.063 
13.106 
12.968 
12.936 
12.881 
12.799 
12.66 
12.652 
12.582 
12.471 
12.457 
12.433 
12.388 
12.36 
12.308 
12.232 
12.175 
12.098 
12.062 
12.02 
12.004 
11.979 
11.946 
11.882 
11.8 
11.779 
11.76 
11.729 
11.693 
11.661 
11.622 
11.556 
11.463 
11.327 
11.908 
11.614 
11.213 
11.191 
11.159 
11.135 
11.101 
11.04 
10.946 
10.979 
10.895 
10.884 
10.868 
10.831 
10.814 
10.796 
10.765 
10.711 
10.683 
10.716 
10.635 
10.63 
10.621 
10.604 
10.57 
10.522 
10.628 
10.493 
10.484 
10.473 
10.458 
10.435 
10.436 
10.46 
10.409 
h 
9.914 
9.904 
9.888 
9.871 
9.838 
9.773 
9.648 
9.428 
9.12 
9.088 
8.919 
8.898 
8.884 
8.869 
8.844 
8.799 
8.758 
8.725 
8.725 
8.708 
8.709 
8.688 
8.68 
8.678 
8.668 
8.72 
8.707 
8.682 
h 
8.428 
8.408 
8.371 
8.319 
8.316 
8.312 
8.307 
8.307 
8.289 
8.288 
8.237 
8.185 
8.118 
8.11 
8.102 
8.086 
8.057 
8.014 
7.925 
8.193 
7.937 
7.936 
7.934 
7.932 
7.932 
7.895 
7.908 
7.899 
7.887 
h 
7.746 
7.74 
7.74 
7.729 
7.71 
7.68 
7.679 
7.662 
7.645 
7.615 
7.579 
7.568 
7.554 
7.521 
7.482 
7.479 
7.47 
7.45 
7.442 
7.433 
7.415 
7.41 
7.405 
7.398 
7.385 
7.436 
7.384 
7.378 
7.37 
7.357 
7.358 
h 
7.205 
7.199 
7.192 
7.188 
7.183 
7.177 
7.153 
7.11 
7.037 
6.932 
6.86 
6.755 
6.678 
6.681 
6.607 
6.58 
6.55 
6.515 
6.471 
6.41 
6.342 
6.357 
6.301 
6.293 
6.277 
6.247 
6.195 
6.125 
6.993 
6.11 
6.106 
6.101 
6.093 
6.083 
6.075 
6.062 
6.048 
6.033 
6.021 
6.013 
6.009 
6.004 
5.995 
5.983 
5.973 
5.968 
5.963 
5.961 
5.959 
5.956 
5.951 
5.945 
h 
5.67 
5.642 
5.594 
5.527 
5.906 
5.497 
5.465 
5.421 
5.353 
5.304 
5.3 
5.293 
5.283 
5.261 
5.241 
5.218 
5.21 
5.22 
5.184 
5.164 
5.146 
5.119 
5.125 
5.132 
5.067 
5.054 
5.049 
5.045 
5.032 
5.017 
5.006 
4.99 
4.966 
4.946 
4.934 
4.926 
4.915 
4.898 
4.877 
4.848 
4.817 
4.863 
4.797 
4.785 
4.777 
4.771 
4.768 
4.762 
4.756 
4.747 
4.744 
4.726 
4.702 
4.668 
4.613 
4.627 
4.94 
4.536 
4.534 
4.529 
4.519 
4.501 
4.496 
4.483 
4.473 
4.469 
4.463 
4.456 
4.453 
4.449 
4.445 
4.439 
h 
4.32 
4.292 
4.288 
4.284 
4.275 
4.259 
4.231 
4.18 
4.145 
3.982 
3.952 
3.891 
3.845 
3.802 
3.765 
3.717 
3.669 
3.656 
3.632 
3.608 
3.592 
3.588 
3.566 
3.551 
3.531 
3.494 
3.431 
3.472 
3.684 
3.356 
3.351 
3.342 
3.326 
3.307 
3.314 
3.312 
3.282 
3.276 
3.274 
3.269 
3.262 
3.254 
3.243 
3.293 
3.246 
3.241 
3.238 
3.237 
3.236 
3.234 
3.231 
3.235 
3.229 
3.224 
h 
3.188 
3.184 
3.178 
3.168 
3.159 
3.143 
3.114 
3.061 
2.975 
2.876 
2.858 
2.869 
2.818 
2.702 
2.694 
2.681 
2.666 
2.655 
2.651 
2.644 
2.637 
2.625 
2.612 
2.603 
2.593 
2.584 
2.578 
2.57 
2.56 
2.544 
2.518 
2.474 
2.439 
2.771 
2.421 
2.419 
2.417 
2.415 
2.413 
2.408 
2.402 
2.395 
2.389 
2.384 
2.383 
2.39 
2.37 
2.368 
2.367 
2.364 
2.357 
2.353 
2.348 
2.358 
2.347 
h 
2.193 
2.19 
2.185 
2.179 
2.174 
2.187 
2.154 
2.133 
2.095 
2.03 
1.953 
1.914 
1.899 
1.888 
1.866 
1.833 
1.811 
1.843 
1.789 
1.768 
1.758 
1.751 
1.737 
1.714 
1.682 
1.696 
1.691 
1.648 
1.641 
1.633 
1.62 
1.605 
1.578 
1.557 
1.568 
1.512 
1.505 
1.498 
1.49 
1.483 
1.481 
1.475 
1.465 
1.456 
1.441 
1.466 
1.432 
1.431 
1.428 
1.421 
1.412 
1.403 
1.397 
1.386 
1.378 
1.369 
1.359 
1.35 
1.339 
1.351 
1.327 
1.324 
1.322 
1.319 
1.315 
1.309 
1.3 
1.295 
1.293 
1.285 
1.284 
1.284 
1.282 
1.278 
1.277 
1.274 
1.268 
1.267 
1.264 
1.259 
1.252 
1.247 
1.238 
1.221 
1.224 
1.222 
1.209 
1.206 
1.204 
1.2 
1.196 
1.194 
1.189 
1.188 
1.185 
1.179 
1.168 
1.174 
1.16 
1.153 
h 
1.063 
1.054 
1.04 
1.023 
1.019 
1.016 
1.012 
1.006 
0.992 
0.967 
0.929 
0.934 
0.882 
0.869 
0.857 
0.837 
