26.952 
26.866 
26.627 
26.186 
25.757 
25.685 
25.579 
25.471 
25.317 
25.146 
24.987 
25.166 
24.955 
24.951 
24.944 
24.934 
24.925 
24.922 
h 
23.051 
22.949 
22.776 
22.587 
22.468 
22.277 
21.92 
21.334 
20.634 
19.813 
20.576 
19.501 
19.401 
19.268 
19.187 
19.038 
18.751 
18.238 
17.438 
16.784 
19.497 
27.083 
16.824 
16.513 
16.388 
16.284 
16.17 
16.121 
16.114 
16.099 
16.095 
16.091 
16.083 
16.067 
16.037 
15.985 
h 
15.313 
15.565 
14.961 
14.922 
14.868 
14.768 
14.58 
14.276 
13.927 
13.799 
13.596 
13.312 
12.968 
12.979 
13.536 
12.674 
12.657 
12.625 
12.589 
12.529 
12.421 
12.231 
12.006 
11.812 
12.451 
11.726 
11.707 
11.672 
11.636 
11.579 
11.578 
11.54 
11.494 
11.472 
11.44 
11.379 
11.279 
11.164 
11.04 
11.542 
11.015 
10.945 
10.938 
10.931 
10.916 
10.897 
10.866 
10.818 
10.853 
10.813 
10.802 
10.792 
10.78 
10.757 
10.719 
10.692 
10.725 
10.659 
10.652 
10.643 
10.636 
10.626 
10.597 
10.602 
10.6 
10.595 
h 
10.028 
10.067 
10.03 
10.024 
10.014 
9.994 
9.956 
9.881 
9.801 
9.734 
9.731 
9.731 
9.73 
9.715 
9.687 
9.646 
9.643 
9.604 
9.6 
9.585 
9.588 
9.588 
9.575 
9.55 
9.537 
9.489 
9.518 
9.499 
9.487 
9.483 
9.477 
9.467 
9.449 
9.418 
h 
9.272 
9.435 
9.195 
9.188 
9.176 
9.163 
9.146 
9.172 
9.067 
9.024 
8.97 
8.96 
8.96 
8.939 
8.894 
8.852 
8.845 
8.839 
8.829 
8.812 
8.789 
8.762 
8.891 
8.761 
8.762 
8.76 
8.745 
8.718 
8.701 
8.678 
8.679 
8.76 
h 
8.555 
8.544 
8.548 
8.547 
8.546 
8.541 
8.539 
8.531 
h 
