26.402 
26.283 
25.959 
25.38 
24.985 
24.971 
24.966 
24.957 
h 
24.887 
24.801 
24.726 
24.703 
24.681 
24.656 
24.637 
24.611 
h 
24.622 
24.253 
24.191 
24.144 
24.067 
23.972 
23.952 
23.972 
h 
23.79 
23.778 
23.763 
23.736 
23.681 
23.576 
23.39 
23.114 
h 
22.369 
22.71 
22.294 
22.287 
22.274 
22.252 
22.224 
22.213 
22.215 
22.208 
h 
21.896 
21.892 
21.881 
21.861 
21.831 
21.788 
21.704 
21.55 
h 
19.996 
20.062 
19.826 
19.783 
19.734 
19.663 
19.601 
19.509 
h 
18.763 
18.741 
18.702 
18.631 
18.522 
18.385 
18.214 
18.014 
h 
17.672 
17.563 
17.393 
17.25 
17.159 
16.9 
16.604 
16.253 
h 
15.492 
15.254 
15.095 
14.891 
14.843 
14.741 
14.649 
14.511 
h 
