26.984 
26.88 
26.59 
26.049 
25.513 
25.413 
25.306 
25.096 
h 
23.758 
23.798 
23.765 
23.446 
23.409 
23.355 
23.287 
23.249 
h 
23.108 
23.158 
23.038 
23.02 
22.997 
22.962 
22.923 
22.895 
h 
22.447 
22.383 
22.3 
22.215 
22.09 
21.978 
21.94 
21.924 
h 
21.388 
21.347 
21.288 
21.215 
21.171 
21.111 
20.998 
20.809 
h 
19.95 
19.398 
19.289 
19.229 
19.211 
19.19 
19.148 
19.074 
h 
18.696 
18.586 
18.566 
18.541 
18.507 
18.473 
18.409 
18.305 
h 
17.591 
18.231 
17.535 
17.502 
17.435 
17.31 
17.096 
16.815 
18.057 
16.654 
h 
16.447 
16.315 
16.235 
16.218 
16.189 
16.139 
16.061 
15.936 
h 
15.522 
15.161 
14.914 
14.85 
14.769 
14.687 
14.561 
14.427 
h 
