25.764 
25.724 
25.615 
25.427 
25.281 
25.253 
25.211 
25.163 
h 
25.002 
24.954 
24.877 
24.9 
25.075 
24.704 
24.653 
24.65 
h 
24.611 
24.57 
24.515 
24.496 
24.493 
24.487 
24.477 
24.458 
h 
25.009 
24.294 
24.02 
24.016 
24.014 
24.011 
24.005 
23.994 
h 
23.438 
23.34 
23.311 
23.276 
23.217 
23.147 
23.092 
23.055 
h 
22.293 
22.257 
22.21 
22.179 
22.121 
22.012 
21.826 
21.564 
h 
20.902 
20.831 
20.737 
20.718 
20.687 
20.632 
20.543 
20.416 
h 
20.318 
20.183 
20.146 
20.106 
20.043 
19.922 
19.714 
19.397 
h 
18.523 
18.447 
18.35 
18.299 
18.271 
18.252 
18.229 
18.203 
h 
17.569 
17.536 
17.516 
17.482 
17.423 
17.34 
17.205 
17.043 
h 
