24.6 
24.557 
24.44 
24.231 
24.069 
24.062 
24.05 
24.031 
h 
23.712 
23.479 
23.425 
23.42 
23.411 
23.392 
23.361 
23.325 
h 
22.957 
22.978 
22.85 
22.839 
22.819 
22.781 
22.718 
22.631 
h 
21.999 
21.782 
21.455 
21.273 
21.223 
21.15 
21.086 
21.012 
h 
19.996 
19.844 
19.712 
19.522 
19.323 
19.006 
18.578 
18.225 
h 
17.908 
17.777 
17.759 
17.734 
17.685 
17.592 
17.444 
17.221 
h 
17.084 
16.605 
16.575 
16.558 
16.54 
16.523 
16.495 
16.449 
h 
15.609 
15.559 
15.492 
15.481 
15.462 
15.435 
15.394 
15.326 
h 
14.806 
14.769 
14.729 
14.688 
14.651 
14.63 
14.625 
14.613 
h 
14.381 
14.352 
14.318 
14.291 
14.252 
14.2 
14.12 
14.018 
h 
