29.017 
28.708 
27.859 
26.331 
25.111 
25.064 
24.97 
24.794 
h 
24.175 
24.325 
24.15 
24.047 
24.01 
23.942 
23.837 
23.746 
h 
22.506 
22.435 
22.389 
22.33 
22.289 
22.258 
22.201 
22.116 
h 
21.118 
21.075 
21.025 
20.984 
20.925 
20.893 
20.854 
20.787 
h 
19.916 
19.87 
19.802 
19.735 
19.679 
19.666 
19.584 
19.489 
h 
18.864 
18.832 
18.823 
18.81 
18.785 
18.737 
18.658 
18.562 
h 
17.968 
17.941 
17.914 
17.881 
17.846 
17.797 
17.752 
17.652 
h 
17.482 
17.428 
17.405 
17.379 
17.348 
17.302 
17.24 
17.162 
h 
16.462 
16.291 
16.277 
16.264 
16.241 
16.202 
16.139 
16.044 
h 
15.837 
15.827 
15.821 
15.794 
15.76 
15.696 
15.586 
15.441 
h 
