25.764 25.724 25.615 25.427 25.281 25.253 25.211 25.163 h 25.002 24.954 24.877 24.9 25.075 24.704 24.653 24.65 h 24.611 24.57 24.515 24.496 24.493 24.487 24.477 24.458 h 25.009 24.294 24.02 24.016 24.014 24.011 24.005 23.994 h 23.438 23.34 23.311 23.276 23.217 23.147 23.092 23.055 h 22.293 22.257 22.21 22.179 22.121 22.012 21.826 21.564 h 20.902 20.831 20.737 20.718 20.687 20.632 20.543 20.416 h 20.318 20.183 20.146 20.106 20.043 19.922 19.714 19.397 h 18.523 18.447 18.35 18.299 18.271 18.252 18.229 18.203 h 17.569 17.536 17.516 17.482 17.423 17.34 17.205 17.043 h 
30.539 30.15 29.046 26.924 25.159 25.125 25.101 25.087 h 24.812 24.697 24.665 24.646 24.609 24.539 24.446 24.339 h 24.23 24.186 24.174 24.16 24.144 24.117 24.08 24.024 h 23.754 23.518 23.484 23.474 23.453 23.414 23.356 23.354 h 22.544 22.553 22.506 22.48 22.428 22.337 22.226 22.143 h 21.903 21.888 21.908 21.844 21.79 21.688 21.516 21.304 h 20.823 20.857 20.793 20.749 20.704 20.626 20.517 20.442 h 18.641 18.612 18.578 18.534 18.459 18.325 18.111 17.831 h 17.719 17.683 17.607 17.488 17.316 17.088 16.76 16.55 h 16.068 15.999 15.93 15.803 15.648 15.347 14.867 14.254 h 
29.017 28.708 27.859 26.331 25.111 25.064 24.97 24.794 h 24.175 24.325 24.15 24.047 24.01 23.942 23.837 23.746 h 22.506 22.435 22.389 22.33 22.289 22.258 22.201 22.116 h 21.118 21.075 21.025 20.984 20.925 20.893 20.854 20.787 h 19.916 19.87 19.802 19.735 19.679 19.666 19.584 19.489 h 18.864 18.832 18.823 18.81 18.785 18.737 18.658 18.562 h 17.968 17.941 17.914 17.881 17.846 17.797 17.752 17.652 h 17.482 17.428 17.405 17.379 17.348 17.302 17.24 17.162 h 16.462 16.291 16.277 16.264 16.241 16.202 16.139 16.044 h 15.837 15.827 15.821 15.794 15.76 15.696 15.586 15.441 h 
27.085 26.649 25.474 23.49 22.381 22.355 22.305 22.222 h 22.194 22.113 22.087 22.039 21.963 21.909 22.348 21.903 h 21.73 21.715 21.675 21.609 21.563 21.558 21.548 21.53 h 21.335 21.497 21.278 21.251 21.209 21.13 21.015 20.904 h 20.855 20.816 20.747 20.669 20.59 20.509 20.415 20.384 h 20.237 19.982 19.683 19.652 19.648 19.639 19.621 19.589 h 19.419 19.276 19.266 19.253 19.231 19.2 19.154 19.104 h 18.699 18.426 18.384 18.364 18.33 18.266 18.149 17.937 h 17.719 17.441 17.395 17.321 17.223 17.1 16.949 16.803 h 17.151 16.86 16.501 16.399 16.328 16.265 16.165 16.023 h 
28.639 28.296 27.341 25.578 24.266 24.232 24.208 24.181 h 23.508 23.456 23.45 23.436 23.409 23.355 23.255 23.095 h 23.185 22.767 22.481 22.379 22.299 22.292 22.282 22.271 h 21.432 21.409 21.376 21.337 21.274 21.164 20.983 20.749 h 20.461 20.404 20.371 20.326 20.255 20.124 19.904 19.62 h 18.987 18.985 18.721 18.662 18.55 18.351 18.029 17.64 h 17.307 17.323 17.29 17.27 17.228 17.146 17.0 16.78 h 16.249 16.151 16.1 16.038 15.955 15.843 15.662 15.446 h 14.596 14.586 14.44 14.379 14.276 14.125 13.938 13.976 h 13.71 13.681 13.631 13.552 13.43 13.364 13.302 13.251 h 
24.786 24.716 24.529 24.221 24.044 24.033 24.013 23.979 h 23.77 23.708 23.701 23.693 23.676 23.644 23.589 23.533 h 23.233 23.223 23.212 23.207 23.2 23.188 23.169 23.155 h 23.01 22.981 22.963 22.932 22.903 22.897 22.887 22.878 h 22.718 22.693 22.646 22.584 22.543 22.53 22.515 22.493 h 21.908 21.755 21.653 21.644 21.629 21.607 21.582 21.56 h 20.765 20.682 20.651 20.608 20.526 20.377 20.116 19.708 h 18.857 18.906 18.808 18.784 18.735 18.64 18.472 18.196 h 17.42 17.397 17.151 16.988 16.939 16.898 16.835 16.73 h 15.939 15.916 15.864 15.802 15.719 15.574 15.364 15.113 h 
24.761 24.69 24.494 24.144 23.844 23.77 23.667 23.535 h 23.385 23.179 23.011 24.65 22.88 22.852 22.793 22.675 22.458 22.12 21.778 21.932 h 21.48 21.429 21.421 21.413 21.398 21.368 21.318 21.264 h 21.223 20.993 20.953 20.939 20.936 20.93 20.921 20.908 h 20.723 20.574 20.38 20.329 20.325 20.315 20.298 20.267 h 19.926 19.863 19.813 19.738 19.625 19.47 19.306 19.215 h 18.71 18.422 18.263 18.245 18.238 18.226 18.203 18.163 h 18.018 17.957 17.881 17.819 17.79 17.758 17.701 17.629 h 17.507 17.271 17.227 17.206 17.184 17.166 17.161 17.135 h 16.554 16.476 16.438 16.411 16.352 16.241 16.048 15.754 h 
36.606 36.042 34.346 30.534 25.133 24.676 24.599 24.554 h 24.288 24.241 24.154 24.038 24.243 23.933 23.867 23.84 h 23.526 23.512 23.488 23.455 23.423 23.361 23.243 23.039 h 22.022 22.461 21.876 21.821 21.736 21.584 21.366 21.274 21.406 21.244 h 20.946 20.932 20.903 20.86 20.816 20.737 20.585 20.31 h 18.996 19.364 18.891 18.854 18.794 18.729 18.69 18.646 18.614 18.601 h 18.13 18.003 17.926 17.849 17.773 17.765 17.748 17.717 h 17.197 17.138 17.045 16.936 16.764 16.567 16.305 15.951 h 16.193 15.204 15.157 15.14 15.118 15.086 15.057 15.019 h 14.753 14.687 14.627 14.575 14.534 14.506 14.448 14.351 h 
29.1 28.824 28.034 26.464 24.869 24.847 24.827 24.808 h 24.361 24.351 24.327 24.322 24.317 24.307 24.287 24.249 h 24.145 24.213 24.193 24.062 24.001 23.881 23.666 23.376 h 23.355 22.908 22.621 22.559 22.457 22.337 22.261 22.182 h 22.009 21.919 21.898 21.883 21.856 21.806 21.723 21.602 h 21.775 21.313 21.239 21.235 21.227 21.21 21.179 21.155 h 21.221 20.735 20.569 20.546 20.501 20.424 20.323 20.23 h 21.403 20.19 20.182 20.168 20.143 20.096 20.025 19.953 h 19.57 19.533 19.47 19.436 19.393 19.35 19.295 19.253 h 18.944 18.914 18.887 18.848 18.802 18.764 18.734 18.663 h 
26.234 26.133 25.858 25.369 25.033 25.018 25.001 24.977 h 25.148 25.063 24.919 24.76 24.635 24.957 24.587 24.583 h 24.462 24.418 24.395 24.391 24.385 24.376 24.358 24.328 h 24.272 24.253 24.241 24.229 24.214 24.19 24.148 24.085 h 23.633 23.728 23.744 23.583 23.561 23.52 23.462 23.431 h 22.955 22.851 22.791 22.733 22.63 22.473 22.285 22.191 h 21.855 21.758 21.614 22.956 21.408 21.304 21.14 20.972 20.933 20.873 20.775 20.627 h 19.851 19.747 19.687 19.64 19.572 19.444 19.228 18.951 h 18.531 18.482 18.519 18.304 18.192 17.984 17.611 17.1 h 16.419 16.572 17.244 16.273 16.16 16.03 15.858 15.738 15.66 15.556 15.463 h 
27.238 27.181 27.023 26.72 26.346 26.06 25.848 25.611 h 24.472 24.181 23.729 23.556 23.368 23.265 23.144 23.105 h 23.064 23.053 23.05 23.034 23.013 22.975 22.919 22.875 h 22.69 22.652 22.649 22.641 22.625 22.597 22.553 22.514 h 21.603 21.59 21.569 21.52 21.432 21.308 21.18 21.119 h 20.771 20.728 20.705 20.667 20.616 20.538 20.449 20.383 h 20.45 20.086 19.856 19.811 19.739 19.675 19.701 19.615 h 19.008 18.944 18.835 18.711 18.597 18.481 18.298 18.045 h 17.541 16.934 16.835 16.729 16.675 16.623 16.582 16.528 h 16.189 16.156 16.132 16.108 16.071 16.02 15.947 15.846 h 
25.035 25.022 24.985 24.919 24.85 24.839 24.824 24.793 h 24.26 24.23 24.22 24.203 24.17 24.117 24.071 24.258 h 24.002 23.985 23.981 23.978 23.971 23.958 23.932 23.888 h 23.758 23.871 23.721 23.718 23.711 23.698 23.672 23.627 h 23.559 23.517 23.503 23.485 23.46 23.416 23.346 23.288 h 23.031 22.847 22.735 22.676 22.62 22.599 22.578 22.55 h 21.909 21.646 21.534 21.523 21.505 21.489 21.463 21.415 h 21.025 20.736 20.596 20.583 20.564 20.545 20.512 20.457 h 19.51 19.294 19.201 19.138 19.102 19.034 18.927 18.779 h 18.551 18.3 18.273 18.267 18.255 18.235 18.201 18.151 h 
29.05 28.666 27.604 25.69 24.46 24.416 24.399 24.375 h 23.878 23.857 23.851 23.84 23.818 23.777 23.714 23.648 h 23.271 23.24 23.182 23.091 22.929 22.683 22.467 22.392 h 22.347 22.313 22.304 22.303 22.302 22.302 22.301 22.3 h 22.042 21.968 21.901 21.895 21.884 21.867 21.839 21.796 h 21.601 21.715 21.418 21.41 21.397 21.381 21.356 21.322 h 21.109 20.932 20.891 20.858 20.822 20.799 20.762 20.698 h 20.383 20.27 20.24 20.226 20.216 20.202 20.178 20.143 h 19.117 19.085 19.055 19.023 18.981 18.91 18.792 18.649 h 18.082 17.896 17.82 17.802 17.797 17.785 17.771 17.75 h 
26.402 26.283 25.959 25.38 24.985 24.971 24.966 24.957 h 24.887 24.801 24.726 24.703 24.681 24.656 24.637 24.611 h 24.622 24.253 24.191 24.144 24.067 23.972 23.952 23.972 h 23.79 23.778 23.763 23.736 23.681 23.576 23.39 23.114 h 22.369 22.71 22.294 22.287 22.274 22.252 22.224 22.213 22.215 22.208 h 21.896 21.892 21.881 21.861 21.831 21.788 21.704 21.55 h 19.996 20.062 19.826 19.783 19.734 19.663 19.601 19.509 h 18.763 18.741 18.702 18.631 18.522 18.385 18.214 18.014 h 17.672 17.563 17.393 17.25 17.159 16.9 16.604 16.253 h 15.492 15.254 15.095 14.891 14.843 14.741 14.649 14.511 h 
24.439 24.403 24.306 24.137 24.021 24.014 24.002 23.984 h 23.593 23.636 23.583 23.573 23.552 23.513 23.445 23.361 h 23.288 23.259 23.214 23.196 23.172 23.136 23.088 23.001 h 22.207 22.158 22.636 22.026 21.991 21.924 21.807 21.656 21.545 21.516 21.485 h 21.034 20.979 20.945 20.932 20.911 20.872 20.833 20.792 h 20.611 20.5 20.478 20.46 20.455 20.451 20.443 20.428 h 20.044 19.991 19.924 19.889 19.864 19.845 19.824 19.803 h 19.761 19.716 19.668 19.597 19.494 19.369 19.173 18.999 h 18.786 18.748 18.716 18.671 18.626 18.584 18.533 18.484 h 17.921 17.751 17.669 17.655 17.632 17.605 17.57 17.541 h 
25.87 25.837 25.747 25.581 25.402 25.367 25.332 25.257 h 24.545 24.428 24.317 24.111 23.917 23.753 23.601 23.496 h 23.295 23.274 23.217 23.136 22.998 22.863 22.694 22.619 h 22.457 22.302 22.07 21.983 21.943 21.93 21.918 21.91 h 21.622 21.603 21.575 21.53 21.46 21.321 21.113 20.905 h 20.073 20.035 20.008 19.986 19.948 19.888 19.798 19.681 h 19.24 19.168 19.08 19.154 18.91 18.756 18.527 18.272 h 17.874 17.859 17.826 17.772 17.693 17.563 17.349 17.036 h 16.31 16.194 16.159 16.144 16.112 16.061 16.008 15.96 h 15.854 15.707 15.525 15.411 15.394 15.383 15.367 15.355 h 
26.465 26.431 26.338 26.157 25.903 25.582 25.412 25.197 h 23.773 23.738 23.729 23.721 23.705 23.687 23.671 23.657 h 23.441 23.123 22.995 22.967 22.929 22.911 22.906 22.892 h 22.701 22.572 22.492 22.483 22.468 22.445 22.415 22.379 h 22.198 21.859 21.525 21.502 21.474 21.429 21.385 21.338 h 20.794 20.772 20.754 20.735 20.705 20.655 20.578 20.478 h 20.338 20.396 20.255 20.222 20.19 20.14 20.081 20.012 h 19.457 19.341 19.316 19.259 19.245 19.22 19.177 19.124 h 18.765 18.558 18.388 18.324 18.309 18.283 18.248 18.191 h 17.648 17.419 17.349 17.291 17.245 17.225 17.207 17.183 h 
28.969 28.677 27.838 26.153 24.382 24.347 24.334 24.323 h 23.695 23.436 23.17 23.161 23.157 23.149 23.132 23.099 h 22.955 22.528 22.353 22.35 22.344 22.338 22.328 22.308 h 22.037 21.957 21.948 21.93 21.898 21.849 21.809 21.775 h 20.829 20.774 20.755 20.721 20.656 20.543 20.382 20.299 h 19.606 19.493 19.359 19.172 19.078 19.045 18.988 18.894 h 18.521 18.42 18.343 18.149 17.976 17.733 17.517 17.346 h 16.161 16.253 16.061 16.023 15.953 15.823 15.624 15.476 h 16.157 15.172 15.051 15.04 15.024 14.999 14.982 14.955 h 14.725 14.678 14.638 14.556 14.499 14.407 14.294 14.15 h 
24.6 24.557 24.44 24.231 24.069 24.062 24.05 24.031 h 23.712 23.479 23.425 23.42 23.411 23.392 23.361 23.325 h 22.957 22.978 22.85 22.839 22.819 22.781 22.718 22.631 h 21.999 21.782 21.455 21.273 21.223 21.15 21.086 21.012 h 19.996 19.844 19.712 19.522 19.323 19.006 18.578 18.225 h 17.908 17.777 17.759 17.734 17.685 17.592 17.444 17.221 h 17.084 16.605 16.575 16.558 16.54 16.523 16.495 16.449 h 15.609 15.559 15.492 15.481 15.462 15.435 15.394 15.326 h 14.806 14.769 14.729 14.688 14.651 14.63 14.625 14.613 h 14.381 14.352 14.318 14.291 14.252 14.2 14.12 14.018 h 
26.984 26.88 26.59 26.049 25.513 25.413 25.306 25.096 h 23.758 23.798 23.765 23.446 23.409 23.355 23.287 23.249 h 23.108 23.158 23.038 23.02 22.997 22.962 22.923 22.895 h 22.447 22.383 22.3 22.215 22.09 21.978 21.94 21.924 h 21.388 21.347 21.288 21.215 21.171 21.111 20.998 20.809 h 19.95 19.398 19.289 19.229 19.211 19.19 19.148 19.074 h 18.696 18.586 18.566 18.541 18.507 18.473 18.409 18.305 h 17.591 18.231 17.535 17.502 17.435 17.31 17.096 16.815 18.057 16.654 h 16.447 16.315 16.235 16.218 16.189 16.139 16.061 15.936 h 15.522 15.161 14.914 14.85 14.769 14.687 14.561 14.427 h 
