29.1 
28.824 
28.034 
26.464 
24.869 
24.847 
24.827 
24.808 
h 
24.361 
24.351 
24.327 
24.322 
24.317 
24.307 
24.287 
24.249 
h 
24.145 
24.213 
24.193 
24.062 
24.001 
23.881 
23.666 
23.376 
h 
23.355 
22.908 
22.621 
22.559 
22.457 
22.337 
22.261 
22.182 
h 
22.009 
21.919 
21.898 
21.883 
21.856 
21.806 
21.723 
21.602 
h 
21.775 
21.313 
21.239 
21.235 
21.227 
21.21 
21.179 
21.155 
h 
21.221 
20.735 
20.569 
20.546 
20.501 
20.424 
20.323 
20.23 
h 
21.403 
20.19 
20.182 
20.168 
20.143 
20.096 
20.025 
19.953 
h 
19.57 
19.533 
19.47 
19.436 
19.393 
19.35 
19.295 
19.253 
h 
18.944 
18.914 
18.887 
18.848 
18.802 
18.764 
18.734 
18.663 
h 
