24.786 
24.716 
24.529 
24.221 
24.044 
24.033 
24.013 
23.979 
h 
23.77 
23.708 
23.701 
23.693 
23.676 
23.644 
23.589 
23.533 
h 
23.233 
23.223 
23.212 
23.207 
23.2 
23.188 
23.169 
23.155 
h 
23.01 
22.981 
22.963 
22.932 
22.903 
22.897 
22.887 
22.878 
h 
22.718 
22.693 
22.646 
22.584 
22.543 
22.53 
22.515 
22.493 
h 
21.908 
21.755 
21.653 
21.644 
21.629 
21.607 
21.582 
21.56 
h 
20.765 
20.682 
20.651 
20.608 
20.526 
20.377 
20.116 
19.708 
h 
18.857 
18.906 
18.808 
18.784 
18.735 
18.64 
18.472 
18.196 
h 
17.42 
17.397 
17.151 
16.988 
16.939 
16.898 
16.835 
16.73 
h 
15.939 
15.916 
15.864 
15.802 
15.719 
15.574 
15.364 
15.113 
h 
