28.639 
28.296 
27.341 
25.578 
24.266 
24.232 
24.208 
24.181 
h 
23.508 
23.456 
23.45 
23.436 
23.409 
23.355 
23.255 
23.095 
h 
23.185 
22.767 
22.481 
22.379 
22.299 
22.292 
22.282 
22.271 
h 
21.432 
21.409 
21.376 
21.337 
21.274 
21.164 
20.983 
20.749 
h 
20.461 
20.404 
20.371 
20.326 
20.255 
20.124 
19.904 
19.62 
h 
18.987 
18.985 
18.721 
18.662 
18.55 
18.351 
18.029 
17.64 
h 
17.307 
17.323 
17.29 
17.27 
17.228 
17.146 
17.0 
16.78 
h 
16.249 
16.151 
16.1 
16.038 
15.955 
15.843 
15.662 
15.446 
h 
14.596 
14.586 
14.44 
14.379 
14.276 
14.125 
13.938 
13.976 
h 
13.71 
13.681 
13.631 
13.552 
13.43 
13.364 
13.302 
13.251 
h 
