26.465 
26.431 
26.338 
26.157 
25.903 
25.582 
25.412 
25.197 
h 
23.773 
23.738 
23.729 
23.721 
23.705 
23.687 
23.671 
23.657 
h 
23.441 
23.123 
22.995 
22.967 
22.929 
22.911 
22.906 
22.892 
h 
22.701 
22.572 
22.492 
22.483 
22.468 
22.445 
22.415 
22.379 
h 
22.198 
21.859 
21.525 
21.502 
21.474 
21.429 
21.385 
21.338 
h 
20.794 
20.772 
20.754 
20.735 
20.705 
20.655 
20.578 
20.478 
h 
20.338 
20.396 
20.255 
20.222 
20.19 
20.14 
20.081 
20.012 
h 
19.457 
19.341 
19.316 
19.259 
19.245 
19.22 
19.177 
19.124 
h 
18.765 
18.558 
18.388 
18.324 
18.309 
18.283 
18.248 
18.191 
h 
17.648 
17.419 
17.349 
17.291 
17.245 
17.225 
17.207 
17.183 
h 
