30.539 
30.15 
29.046 
26.924 
25.159 
25.125 
25.101 
25.087 
h 
24.812 
24.697 
24.665 
24.646 
24.609 
24.539 
24.446 
24.339 
h 
24.23 
24.186 
24.174 
24.16 
24.144 
24.117 
24.08 
24.024 
h 
23.754 
23.518 
23.484 
23.474 
23.453 
23.414 
23.356 
23.354 
h 
22.544 
22.553 
22.506 
22.48 
22.428 
22.337 
22.226 
22.143 
h 
21.903 
21.888 
21.908 
21.844 
21.79 
21.688 
21.516 
21.304 
h 
20.823 
20.857 
20.793 
20.749 
20.704 
20.626 
20.517 
20.442 
h 
18.641 
18.612 
18.578 
18.534 
18.459 
18.325 
18.111 
17.831 
h 
17.719 
17.683 
17.607 
17.488 
17.316 
17.088 
16.76 
16.55 
h 
16.068 
15.999 
15.93 
15.803 
15.648 
15.347 
14.867 
14.254 
h 
