25.87 
25.837 
25.747 
25.581 
25.402 
25.367 
25.332 
25.257 
h 
24.545 
24.428 
24.317 
24.111 
23.917 
23.753 
23.601 
23.496 
h 
23.295 
23.274 
23.217 
23.136 
22.998 
22.863 
22.694 
22.619 
h 
22.457 
22.302 
22.07 
21.983 
21.943 
21.93 
21.918 
21.91 
h 
21.622 
21.603 
21.575 
21.53 
21.46 
21.321 
21.113 
20.905 
h 
20.073 
20.035 
20.008 
19.986 
19.948 
19.888 
19.798 
19.681 
h 
19.24 
19.168 
19.08 
19.154 
18.91 
18.756 
18.527 
18.272 
h 
17.874 
17.859 
17.826 
17.772 
17.693 
17.563 
17.349 
17.036 
h 
16.31 
16.194 
16.159 
16.144 
16.112 
16.061 
16.008 
15.96 
h 
15.854 
15.707 
15.525 
15.411 
15.394 
15.383 
15.367 
15.355 
h 
