29.05 
28.666 
27.604 
25.69 
24.46 
24.416 
24.399 
24.375 
h 
23.878 
23.857 
23.851 
23.84 
23.818 
23.777 
23.714 
23.648 
h 
23.271 
23.24 
23.182 
23.091 
22.929 
22.683 
22.467 
22.392 
h 
22.347 
22.313 
22.304 
22.303 
22.302 
22.302 
22.301 
22.3 
h 
22.042 
21.968 
21.901 
21.895 
21.884 
21.867 
21.839 
21.796 
h 
21.601 
21.715 
21.418 
21.41 
21.397 
21.381 
21.356 
21.322 
h 
21.109 
20.932 
20.891 
20.858 
20.822 
20.799 
20.762 
20.698 
h 
20.383 
20.27 
20.24 
20.226 
20.216 
20.202 
20.178 
20.143 
h 
19.117 
19.085 
19.055 
19.023 
18.981 
18.91 
18.792 
18.649 
h 
18.082 
17.896 
17.82 
17.802 
17.797 
17.785 
17.771 
17.75 
h 
