36.606 
36.042 
34.346 
30.534 
25.133 
24.676 
24.599 
24.554 
h 
24.288 
24.241 
24.154 
24.038 
24.243 
23.933 
23.867 
23.84 
h 
23.526 
23.512 
23.488 
23.455 
23.423 
23.361 
23.243 
23.039 
h 
22.022 
22.461 
21.876 
21.821 
21.736 
21.584 
21.366 
21.274 
21.406 
21.244 
h 
20.946 
20.932 
20.903 
20.86 
20.816 
20.737 
20.585 
20.31 
h 
18.996 
19.364 
18.891 
18.854 
18.794 
18.729 
18.69 
18.646 
18.614 
18.601 
h 
18.13 
18.003 
17.926 
17.849 
17.773 
17.765 
17.748 
17.717 
h 
17.197 
17.138 
17.045 
16.936 
16.764 
16.567 
16.305 
15.951 
h 
16.193 
15.204 
15.157 
15.14 
15.118 
15.086 
15.057 
15.019 
h 
14.753 
14.687 
14.627 
14.575 
14.534 
14.506 
14.448 
14.351 
h 
