24.439 
24.403 
24.306 
24.137 
24.021 
24.014 
24.002 
23.984 
h 
23.593 
23.636 
23.583 
23.573 
23.552 
23.513 
23.445 
23.361 
h 
23.288 
23.259 
23.214 
23.196 
23.172 
23.136 
23.088 
23.001 
h 
22.207 
22.158 
22.636 
22.026 
21.991 
21.924 
21.807 
21.656 
21.545 
21.516 
21.485 
h 
21.034 
20.979 
20.945 
20.932 
20.911 
20.872 
20.833 
20.792 
h 
20.611 
20.5 
20.478 
20.46 
20.455 
20.451 
20.443 
20.428 
h 
20.044 
19.991 
19.924 
19.889 
19.864 
19.845 
19.824 
19.803 
h 
19.761 
19.716 
19.668 
19.597 
19.494 
19.369 
19.173 
18.999 
h 
18.786 
18.748 
18.716 
18.671 
18.626 
18.584 
18.533 
18.484 
h 
17.921 
17.751 
17.669 
17.655 
17.632 
17.605 
17.57 
17.541 
h 
