25.035 
25.022 
24.985 
24.919 
24.85 
24.839 
24.824 
24.793 
h 
24.26 
24.23 
24.22 
24.203 
24.17 
24.117 
24.071 
24.258 
h 
24.002 
23.985 
23.981 
23.978 
23.971 
23.958 
23.932 
23.888 
h 
23.758 
23.871 
23.721 
23.718 
23.711 
23.698 
23.672 
23.627 
h 
23.559 
23.517 
23.503 
23.485 
23.46 
23.416 
23.346 
23.288 
h 
23.031 
22.847 
22.735 
22.676 
22.62 
22.599 
22.578 
22.55 
h 
21.909 
21.646 
21.534 
21.523 
21.505 
21.489 
21.463 
21.415 
h 
21.025 
20.736 
20.596 
20.583 
20.564 
20.545 
20.512 
20.457 
h 
19.51 
19.294 
19.201 
19.138 
19.102 
19.034 
18.927 
18.779 
h 
18.551 
18.3 
18.273 
18.267 
18.255 
18.235 
18.201 
18.151 
h 
