27.085 
26.649 
25.474 
23.49 
22.381 
22.355 
22.305 
22.222 
h 
22.194 
22.113 
22.087 
22.039 
21.963 
21.909 
22.348 
21.903 
h 
21.73 
21.715 
21.675 
21.609 
21.563 
21.558 
21.548 
21.53 
h 
21.335 
21.497 
21.278 
21.251 
21.209 
21.13 
21.015 
20.904 
h 
20.855 
20.816 
20.747 
20.669 
20.59 
20.509 
20.415 
20.384 
h 
20.237 
19.982 
19.683 
19.652 
19.648 
19.639 
19.621 
19.589 
h 
19.419 
19.276 
19.266 
19.253 
19.231 
19.2 
19.154 
19.104 
h 
18.699 
18.426 
18.384 
18.364 
18.33 
18.266 
18.149 
17.937 
h 
17.719 
17.441 
17.395 
17.321 
17.223 
17.1 
16.949 
16.803 
h 
17.151 
16.86 
16.501 
16.399 
16.328 
16.265 
16.165 
16.023 
h 
