26.234 
26.133 
25.858 
25.369 
25.033 
25.018 
25.001 
24.977 
h 
25.148 
25.063 
24.919 
24.76 
24.635 
24.957 
24.587 
24.583 
h 
24.462 
24.418 
24.395 
24.391 
24.385 
24.376 
24.358 
24.328 
h 
24.272 
24.253 
24.241 
24.229 
24.214 
24.19 
24.148 
24.085 
h 
23.633 
23.728 
23.744 
23.583 
23.561 
23.52 
23.462 
23.431 
h 
22.955 
22.851 
22.791 
22.733 
22.63 
22.473 
22.285 
22.191 
h 
21.855 
21.758 
21.614 
22.956 
21.408 
21.304 
21.14 
20.972 
20.933 
20.873 
20.775 
20.627 
h 
19.851 
19.747 
19.687 
19.64 
19.572 
19.444 
19.228 
18.951 
h 
18.531 
18.482 
18.519 
18.304 
18.192 
17.984 
17.611 
17.1 
h 
16.419 
16.572 
17.244 
16.273 
16.16 
16.03 
15.858 
15.738 
15.66 
15.556 
15.463 
h 
