27.238 
27.181 
27.023 
26.72 
26.346 
26.06 
25.848 
25.611 
h 
24.472 
24.181 
23.729 
23.556 
23.368 
23.265 
23.144 
23.105 
h 
23.064 
23.053 
23.05 
23.034 
23.013 
22.975 
22.919 
22.875 
h 
22.69 
22.652 
22.649 
22.641 
22.625 
22.597 
22.553 
22.514 
h 
21.603 
21.59 
21.569 
21.52 
21.432 
21.308 
21.18 
21.119 
h 
20.771 
20.728 
20.705 
20.667 
20.616 
20.538 
20.449 
20.383 
h 
20.45 
20.086 
19.856 
19.811 
19.739 
19.675 
19.701 
19.615 
h 
19.008 
18.944 
18.835 
18.711 
18.597 
18.481 
18.298 
18.045 
h 
17.541 
16.934 
16.835 
16.729 
16.675 
16.623 
16.582 
16.528 
h 
16.189 
16.156 
16.132 
16.108 
16.071 
16.02 
15.947 
15.846 
h 
