24.761 
24.69 
24.494 
24.144 
23.844 
23.77 
23.667 
23.535 
h 
23.385 
23.179 
23.011 
24.65 
22.88 
22.852 
22.793 
22.675 
22.458 
22.12 
21.778 
21.932 
h 
21.48 
21.429 
21.421 
21.413 
21.398 
21.368 
21.318 
21.264 
h 
21.223 
20.993 
20.953 
20.939 
20.936 
20.93 
20.921 
20.908 
h 
20.723 
20.574 
20.38 
20.329 
20.325 
20.315 
20.298 
20.267 
h 
19.926 
19.863 
19.813 
19.738 
19.625 
19.47 
19.306 
19.215 
h 
18.71 
18.422 
18.263 
18.245 
18.238 
18.226 
18.203 
18.163 
h 
18.018 
17.957 
17.881 
17.819 
17.79 
17.758 
17.701 
17.629 
h 
17.507 
17.271 
17.227 
17.206 
17.184 
17.166 
17.161 
17.135 
h 
16.554 
16.476 
16.438 
16.411 
16.352 
16.241 
16.048 
15.754 
h 
