28.969 
28.677 
27.838 
26.153 
24.382 
24.347 
24.334 
24.323 
h 
23.695 
23.436 
23.17 
23.161 
23.157 
23.149 
23.132 
23.099 
h 
22.955 
22.528 
22.353 
22.35 
22.344 
22.338 
22.328 
22.308 
h 
22.037 
21.957 
21.948 
21.93 
21.898 
21.849 
21.809 
21.775 
h 
20.829 
20.774 
20.755 
20.721 
20.656 
20.543 
20.382 
20.299 
h 
19.606 
19.493 
19.359 
19.172 
19.078 
19.045 
18.988 
18.894 
h 
18.521 
18.42 
18.343 
18.149 
17.976 
17.733 
17.517 
17.346 
h 
16.161 
16.253 
16.061 
16.023 
15.953 
15.823 
15.624 
15.476 
h 
16.157 
15.172 
15.051 
15.04 
15.024 
14.999 
14.982 
14.955 
h 
14.725 
14.678 
14.638 
14.556 
14.499 
14.407 
14.294 
14.15 
h 
