28.463 
28.196 
27.449 
26.057 
25.006 
24.982 
24.98 
24.977 
h 
23.499 
23.422 
23.281 
23.144 
22.97 
22.64 
22.082 
21.395 
h 
19.662 
19.291 
19.141 
18.922 
18.527 
17.877 
16.991 
17.255 
h 
24.891 
15.542 
15.358 
15.19 
14.968 
14.744 
14.502 
14.138 
h 
12.859 
12.436 
12.135 
12.127 
12.059 
11.986 
11.858 
11.675 
h 
11.24 
11.439 
11.21 
11.208 
11.206 
11.202 
11.193 
11.178 
11.159 
11.14 
h 
10.77 
10.767 
10.739 
10.737 
10.729 
10.713 
10.683 
10.636 
h 
10.391 
10.273 
10.26 
10.238 
10.208 
10.189 
10.159 
10.107 
h 
9.709 
9.643 
9.588 
9.549 
9.483 
9.398 
9.3 
9.161 
h 
8.797 
8.699 
8.609 
8.546 
8.476 
8.44 
8.402 
8.339 
h 
8.142 
8.04 
8.019 
7.993 
7.956 
7.904 
7.868 
7.87 
h 
7.701 
7.605 
7.526 
7.526 
7.522 
7.513 
7.497 
7.468 
h 
7.036 
7.005 
6.968 
6.949 
6.923 
6.89 
6.83 
6.72 
h 
6.304 
6.483 
6.189 
6.172 
6.15 
6.108 
6.038 
5.94 
6.008 
5.877 
h 
