27.218 
27.084 
26.714 
26.03 
25.426 
25.397 
25.341 
25.24 
h 
23.041 
23.207 
22.905 
22.804 
22.602 
22.222 
21.603 
20.904 
h 
18.092 
17.724 
17.512 
17.27 
17.113 
16.874 
16.506 
16.042 
h 
15.415 
15.396 
15.219 
15.135 
14.987 
14.749 
14.355 
13.936 
h 
13.24 
12.871 
12.603 
12.683 
12.171 
11.761 
11.078 
10.056 
h 
9.149 
9.042 
8.942 
8.922 
8.89 
8.821 
8.691 
8.497 
h 
8.159 
11.632 
8.038 
7.981 
7.93 
7.878 
7.828 
7.795 
7.738 
7.662 
h 
7.596 
7.606 
7.604 
7.518 
7.508 
7.478 
7.419 
7.398 
h 
7.049 
7.008 
6.953 
6.902 
6.84 
6.752 
6.63 
6.406 
h 
5.717 
5.634 
5.634 
5.534 
5.516 
5.487 
5.447 
5.351 
h 
4.761 
4.69 
4.639 
4.619 
4.593 
4.561 
4.511 
4.424 
h 
4.236 
4.208 
4.161 
4.097 
4.046 
4.011 
3.962 
3.95 
h 
3.748 
3.712 
3.654 
3.61 
3.562 
3.536 
3.586 
3.511 
h 
3.28 
3.266 
3.247 
3.22 
3.205 
3.178 
3.138 
3.088 
h 
2.844 
2.665 
2.535 
2.487 
2.466 
2.435 
2.416 
2.396 
h 
2.195 
2.173 
2.142 
2.112 
2.085 
2.061 
2.012 
1.966 
h 
1.873 
1.829 
1.782 
1.773 
1.773 
1.771 
1.766 
1.755 
h 
1.685 
1.692 
1.67 
1.635 
1.599 
1.562 
1.519 
1.457 
h 
1.337 
1.257 
1.209 
1.201 
1.188 
1.17 
1.151 
1.143 
h 
1.108 
1.128 
1.096 
1.089 
1.079 
1.071 
1.059 
1.04 
0.994 
0.932 
h 
0.764 
0.666 
0.664 
0.628 
0.619 
0.603 
0.586 
0.56 
h 
0.397 
0.4 
0.361 
0.298 
