28.898 
28.642 
27.919 
26.525 
25.278 
25.255 
25.22 
25.181 
h 
22.896 
22.735 
22.518 
22.363 
22.095 
21.581 
20.728 
19.595 
h 
16.491 
16.128 
15.979 
15.71 
15.211 
14.471 
13.532 
12.777 
h 
10.853 
10.803 
10.649 
10.585 
10.482 
10.37 
10.271 
10.13 
h 
9.77 
9.745 
9.732 
9.71 
9.669 
9.595 
9.454 
9.212 
h 
8.427 
8.087 
8.029 
7.959 
7.836 
7.656 
7.501 
7.476 
h 
7.035 
6.855 
6.748 
6.64 
6.522 
6.461 
6.259 
6.072 
h 
5.61 
5.499 
5.313 
5.11 
5.031 
4.971 
4.879 
4.718 
h 
4.302 
4.14 
4.017 
3.826 
3.635 
3.707 
3.559 
3.466 
h 
2.932 
2.922 
2.919 
2.914 
2.903 
2.885 
2.851 
2.782 
h 
2.53 
2.489 
2.45 
2.418 
2.411 
2.376 
2.368 
2.364 
h 
2.146 
2.114 
2.063 
1.993 
1.958 
1.915 
1.919 
1.867 
h 
1.574 
1.523 
1.442 
1.385 
1.337 
1.269 
1.191 
1.131 
h 
1.085 
1.044 
0.996 
0.939 
0.929 
0.916 
0.883 
0.869 
h 
0.793 
0.752 
0.703 
0.695 
0.704 
0.677 
0.672 
0.664 
h 
0.561 
0.536 
0.514 
0.491 
0.458 
0.425 
0.386 
0.362 
h 
0.196 
