27.954 
27.744 
27.156 
26.056 
25.155 
25.133 
25.101 
25.062 
h 
22.29 
22.099 
21.84 
21.696 
21.521 
21.176 
20.608 
20.069 
h 
19.005 
18.64 
18.389 
18.045 
17.417 
16.412 
14.958 
13.844 
h 
13.703 
13.693 
13.665 
13.616 
13.52 
13.336 
13.006 
12.513 
h 
12.102 
12.075 
12.001 
11.928 
11.773 
11.468 
10.903 
9.951 
h 
8.279 
8.994 
7.813 
7.646 
7.512 
7.362 
7.211 
7.016 
6.84 
6.785 
h 
6.562 
6.545 
6.533 
6.515 
6.495 
6.472 
6.423 
6.337 
h 
6.093 
5.954 
5.948 
5.925 
5.893 
5.851 
5.772 
5.645 
h 
4.987 
5.034 
4.82 
4.723 
4.664 
4.572 
4.405 
4.123 
h 
3.704 
3.554 
3.487 
3.424 
3.384 
3.343 
3.27 
3.146 
h 
2.64 
2.633 
2.54 
2.566 
2.515 
2.499 
2.475 
2.429 
h 
2.318 
2.18 
1.981 
1.927 
2.023 
1.876 
1.802 
1.747 
h 
1.091 
1.045 
0.985 
0.923 
0.812 
0.645 
0.712 
0.793 
h 
0.441 
0.325 
