34.063 
33.585 
32.165 
29.072 
25.102 
24.937 
24.925 
24.923 
h 
23.306 
23.269 
23.172 
23.021 
22.882 
22.733 
22.488 
22.033 
h 
20.553 
19.902 
24.142 
19.633 
19.454 
19.212 
18.846 
18.413 
18.202 
17.913 
17.958 
h 
17.322 
17.277 
17.195 
17.071 
16.825 
16.374 
15.661 
14.931 
h 
13.544 
13.287 
13.443 
13.16 
13.09 
12.955 
12.697 
12.241 
h 
11.546 
11.009 
10.986 
10.904 
10.876 
10.825 
10.745 
10.627 
h 
10.136 
10.016 
9.994 
9.997 
10.025 
10.004 
9.991 
9.967 
h 
9.796 
9.777 
9.748 
9.678 
9.657 
9.637 
9.642 
9.555 
h 
9.423 
9.371 
9.291 
9.183 
9.189 
9.162 
8.946 
8.772 
h 
8.318 
8.235 
8.139 
8.081 
8.0 
7.913 
7.792 
7.669 
h 
7.39 
7.333 
7.263 
7.257 
7.208 
7.172 
7.107 
6.999 
h 
6.652 
6.589 
6.554 
6.495 
6.419 
6.343 
6.212 
6.047 
h 
5.917 
5.718 
5.653 
5.603 
5.52 
5.54 
5.419 
5.326 
h 
4.793 
4.68 
4.689 
4.62 
4.601 
4.581 
4.555 
4.533 
h 
