25.295 
25.292 
25.284 
25.268 
25.241 
25.207 
25.153 
25.072 
h 
22.461 
22.094 
22.032 
21.891 
21.6 
21.052 
20.165 
19.205 
h 
15.72 
15.576 
15.376 
15.082 
14.552 
13.749 
14.603 
11.938 
h 
10.823 
10.767 
10.732 
10.692 
10.648 
10.559 
10.399 
10.142 
h 
9.28 
9.029 
8.741 
8.424 
8.364 
7.861 
7.295 
6.474 
h 
5.828 
5.782 
5.722 
5.675 
5.62 
5.598 
5.564 
5.532 
h 
5.285 
5.251 
5.219 
5.188 
5.147 
5.115 
5.043 
4.937 
h 
4.467 
4.275 
4.128 
4.085 
4.064 
4.025 
3.958 
3.86 
h 
3.465 
3.48 
3.392 
3.368 
3.329 
3.278 
3.193 
3.107 
h 
3.004 
2.921 
2.854 
2.836 
2.812 
2.773 
2.728 
2.685 
h 
2.619 
2.547 
2.518 
2.5 
2.483 
2.467 
2.439 
2.405 
h 
2.303 
2.26 
2.197 
2.193 
2.177 
2.154 
2.122 
2.128 
h 
1.796 
1.787 
1.76 
1.74 
1.713 
1.663 
1.588 
1.464 
h 
1.302 
1.219 
1.046 
0.969 
0.927 
0.884 
0.821 
0.748 
h 
0.385 
