38.298 
37.926 
36.77 
33.904 
27.949 
27.454 
24.985 
24.983 
h 
23.792 
23.755 
23.678 
23.516 
23.183 
22.541 
21.443 
19.919 
h 
17.618 
18.273 
17.058 
16.676 
16.144 
15.422 
14.546 
14.177 
13.897 
13.436 
h 
11.954 
11.833 
11.567 
11.435 
11.246 
11.02 
10.77 
10.448 
h 
8.618 
8.563 
8.477 
8.365 
8.2 
7.973 
7.579 
6.92 
h 
5.931 
5.578 
5.52 
5.496 
5.473 
5.437 
5.371 
5.255 
h 
4.23 
4.157 
4.065 
3.984 
3.907 
3.832 
3.733 
3.589 
h 
3.024 
3.006 
3.004 
2.999 
2.993 
2.981 
2.959 
2.926 
h 
2.72 
2.643 
2.599 
2.675 
2.53 
2.5 
2.444 
2.344 
h 
1.984 
2.001 
1.905 
1.89 
1.872 
1.85 
1.858 
1.837 
h 
1.471 
1.457 
1.443 
1.434 
1.416 
1.383 
1.328 
1.247 
h 
1.336 
0.875 
0.749 
0.744 
0.736 
0.722 
0.69 
0.649 
h 
0.346 
