27.856 
27.658 
27.108 
26.088 
25.286 
25.262 
25.256 
25.25 
h 
22.644 
22.551 
22.346 
22.053 
21.872 
21.579 
21.064 
20.354 
h 
17.508 
17.378 
17.19 
17.065 
16.829 
16.451 
15.97 
15.615 
h 
13.45 
13.286 
12.898 
12.673 
12.381 
11.929 
11.19 
10.248 
h 
9.658 
9.64 
9.215 
9.055 
8.895 
8.824 
8.789 
8.744 
h 
8.649 
8.628 
8.543 
8.498 
8.424 
8.335 
8.209 
8.047 
h 
7.559 
7.504 
7.483 
7.471 
7.451 
7.411 
7.374 
7.304 
h 
7.168 
7.091 
7.045 
7.149 
6.993 
6.983 
6.966 
6.935 
h 
6.478 
6.429 
6.414 
6.4 
6.37 
6.335 
6.316 
6.222 
h 
5.739 
5.698 
5.646 
5.569 
5.559 
5.499 
5.449 
5.365 
h 
5.032 
4.965 
4.917 
4.897 
4.896 
4.883 
4.857 
4.828 
h 
4.563 
4.511 
4.495 
4.49 
4.481 
4.466 
4.446 
4.418 
h 
4.306 
4.271 
4.253 
4.241 
4.238 
4.224 
4.204 
4.168 
h 
