27.064 
26.906 
26.467 
25.665 
25.075 
25.054 
25.052 
25.049 
h 
23.351 
23.308 
23.22 
23.091 
22.929 
22.62 
22.068 
21.256 
h 
19.489 
20.337 
19.188 
18.976 
18.602 
18.077 
17.478 
17.099 
16.796 
16.616 
h 
16.092 
15.971 
15.849 
15.814 
15.765 
15.691 
15.609 
15.701 
h 
14.308 
14.277 
14.211 
14.091 
13.91 
13.718 
13.389 
12.8 
h 
12.092 
12.037 
11.976 
11.896 
11.811 
11.8 
11.766 
11.723 
h 
11.227 
11.175 
11.125 
11.112 
11.101 
11.091 
11.073 
11.017 
h 
10.507 
10.381 
10.335 
10.316 
10.183 
10.033 
9.789 
9.52 
h 
9.12 
8.754 
8.558 
8.447 
8.363 
8.341 
8.287 
8.205 
h 
7.651 
7.545 
7.537 
7.522 
7.498 
7.457 
7.404 
7.339 
h 
6.838 
6.721 
6.674 
6.651 
6.622 
6.56 
6.476 
6.383 
h 
6.112 
6.008 
5.951 
5.94 
5.884 
5.857 
5.807 
5.717 
h 
4.999 
4.827 
4.738 
4.71 
4.668 
4.589 
4.457 
4.352 
h 
4.123 
4.008 
3.937 
3.926 
3.884 
3.842 
3.798 
3.768 
h 
3.539 
3.543 
3.538 
3.533 
3.523 
3.502 
3.461 
3.395 
h 
3.054 
2.949 
3.072 
2.838 
2.817 
2.786 
2.752 
2.7 
h 
2.603 
2.569 
2.537 
2.506 
2.466 
2.427 
2.412 
2.37 
h 
2.266 
2.227 
2.229 
2.224 
2.211 
2.186 
2.14 
2.066 
h 
1.855 
1.917 
1.737 
1.71 
1.681 
1.668 
1.635 
1.602 
1.549 
1.479 
h 
1.299 
1.363 
1.282 
1.272 
1.266 
1.258 
1.241 
1.213 
1.164 
1.097 
h 
0.93 
0.883 
0.829 
0.819 
0.798 
0.788 
0.781 
0.777 
h 
0.676 
0.67 
0.667 
0.66 
0.65 
0.64 
0.628 
0.672 
h 
0.554 
0.526 
0.49 
0.43 
0.352 
0.313 
0.296 
0.268 
h 
0.179 
