27.266 
27.074 
26.551 
25.635 
25.033 
25.019 
25.003 
24.99 
h 
23.394 
23.249 
23.121 
23.03 
22.84 
22.475 
21.861 
21.11 
h 
17.618 
18.157 
17.327 
16.755 
16.453 
15.897 
15.057 
14.372 
14.033 
13.936 
h 
12.797 
12.649 
12.547 
12.446 
12.321 
12.127 
11.823 
11.453 
h 
10.605 
10.599 
10.555 
10.517 
10.474 
10.416 
10.315 
10.142 
h 
9.251 
9.116 
9.026 
8.985 
8.9 
8.755 
8.475 
7.95 
h 
7.138 
7.88 
7.263 
7.038 
6.977 
6.891 
6.783 
6.726 
6.674 
6.587 
h 
6.215 
6.108 
6.141 
6.081 
6.077 
6.069 
6.055 
6.023 
h 
5.977 
6.111 
5.936 
5.922 
5.914 
5.899 
5.875 
5.831 
5.746 
5.83 
h 
5.507 
5.414 
5.365 
5.354 
5.333 
5.294 
5.237 
5.178 
h 
4.698 
4.471 
4.329 
4.153 
3.984 
3.886 
3.817 
3.71 
h 
3.251 
3.194 
3.15 
3.104 
3.047 
2.958 
3.304 
2.817 
2.7 
2.53 
2.379 
2.237 
2.195 
2.146 
2.126 
h 
2.028 
2.017 
2.002 
1.989 
1.975 
1.95 
1.911 
1.851 
h 
1.423 
1.374 
1.294 
1.184 
1.113 
1.065 
1.012 
0.987 
h 
0.889 
0.864 
0.837 
0.804 
0.778 
0.743 
0.711 
1.337 
0.666 
0.61 
0.515 
0.423 
0.414 
0.403 
0.381 
0.349 
h 
0.311 
0.312 
