28.963 
28.668 
27.836 
26.254 
24.964 
24.947 
24.941 
24.931 
h 
23.484 
23.403 
23.339 
23.24 
23.035 
22.638 
21.946 
20.973 
h 
17.825 
18.366 
17.478 
17.359 
17.183 
16.919 
16.562 
16.177 
16.07 
15.95 
h 
15.786 
15.75 
15.681 
15.581 
15.426 
15.252 
14.882 
14.402 
h 
13.614 
13.442 
13.338 
13.249 
13.1 
12.813 
12.334 
12.458 
h 
11.567 
11.166 
10.79 
10.634 
10.532 
10.348 
10.093 
9.873 
h 
9.382 
9.275 
9.229 
9.112 
9.007 
8.811 
8.484 
8.03 
h 
6.964 
6.862 
6.772 
6.752 
6.687 
6.696 
6.596 
6.5 
h 
5.922 
5.927 
5.947 
5.993 
6.064 
5.904 
5.831 
5.709 
5.585 
5.449 
5.287 
5.189 
5.142 
h 
4.98 
4.945 
4.912 
4.902 
4.895 
4.881 
4.856 
4.851 
h 
4.691 
4.683 
4.639 
4.602 
4.569 
4.548 
4.503 
4.521 
h 
4.293 
4.285 
4.274 
4.259 
4.252 
4.236 
4.216 
4.185 
h 
3.968 
3.932 
3.93 
3.918 
3.904 
3.874 
3.8 
3.667 
h 
2.984 
2.842 
2.723 
2.687 
2.662 
2.64 
2.606 
2.545 
h 
2.316 
2.141 
1.964 
1.888 
1.85 
1.811 
1.751 
1.655 
h 
1.4 
1.431 
1.344 
1.324 
1.3 
1.29 
1.277 
1.26 
1.236 
1.256 
h 
1.097 
1.091 
1.078 
1.06 
1.056 
1.04 
1.034 
1.017 
h 
0.849 
0.793 
0.722 
0.661 
0.619 
0.596 
0.567 
0.534 
h 
0.282 
