27.092 
26.926 
26.472 
25.671 
25.112 
25.094 
25.068 
25.042 
h 
23.471 
23.32 
23.151 
23.026 
22.765 
22.267 
21.417 
20.356 
h 
19.257 
18.84 
18.604 
18.267 
17.6 
16.414 
14.714 
13.627 
h 
12.832 
12.765 
12.775 
12.711 
12.634 
12.487 
12.229 
11.884 
h 
10.513 
10.54 
10.28 
10.204 
10.085 
9.862 
9.478 
8.89 
h 
7.639 
7.342 
7.104 
7.04 
6.934 
6.751 
6.508 
6.261 
h 
5.895 
5.854 
5.822 
5.797 
5.762 
5.732 
5.686 
5.61 
h 
5.339 
5.248 
5.164 
5.112 
5.126 
5.051 
5.026 
4.984 
h 
4.761 
4.706 
4.652 
4.593 
4.556 
4.483 
4.421 
4.302 
h 
3.995 
3.939 
3.868 
3.745 
3.711 
3.963 
3.645 
3.638 
h 
3.529 
3.527 
3.517 
3.507 
3.489 
3.454 
3.39 
3.28 
h 
3.096 
2.82 
2.476 
2.319 
2.265 
2.268 
2.215 
2.151 
h 
1.886 
1.846 
1.805 
1.787 
1.771 
1.752 
1.73 
1.698 
h 
1.398 
1.347 
1.313 
1.303 
1.288 
1.264 
1.229 
1.191 
h 
1.012 
0.995 
0.97 
0.941 
0.911 
0.882 
0.883 
0.864 
h 
0.746 
0.744 
0.74 
0.735 
0.728 
0.723 
0.809 
0.715 
0.708 
0.694 
0.668 
0.619 
0.531 
0.408 
0.363 
h 
0.21 
0.174 
