27.813 
27.589 
26.969 
25.842 
25.05 
25.028 
25.025 
25.02 
h 
23.826 
23.722 
23.657 
23.562 
23.366 
22.998 
22.404 
21.782 
h 
21.019 
20.673 
20.02 
18.943 
19.567 
20.247 
17.777 
17.711 
h 
16.529 
16.474 
16.403 
16.345 
16.302 
16.299 
16.281 
16.255 
h 
15.836 
15.828 
15.809 
15.772 
15.715 
15.609 
15.415 
15.106 
h 
14.077 
13.853 
13.724 
13.549 
13.35 
13.061 
12.631 
12.047 
h 
10.999 
10.754 
10.69 
10.572 
10.389 
10.134 
9.803 
9.5 
h 
9.027 
9.035 
8.967 
8.946 
8.909 
8.843 
8.726 
8.517 
h 
8.236 
7.976 
7.959 
7.82 
7.795 
7.713 
7.559 
7.374 
h 
6.425 
6.209 
6.286 
6.092 
5.998 
5.974 
5.916 
5.788 
h 
5.305 
5.19 
5.309 
5.398 
5.062 
5.049 
5.043 
5.036 
5.019 
4.989 
4.929 
4.826 
h 
4.179 
3.873 
3.849 
3.727 
3.643 
3.599 
3.528 
3.393 
h 
2.777 
2.59 
2.538 
2.443 
2.386 
2.344 
2.292 
2.207 
h 
2.065 
2.011 
1.988 
1.978 
1.961 
1.943 
1.917 
1.93 
h 
1.763 
1.699 
1.641 
1.621 
1.612 
1.606 
1.613 
1.596 
h 
1.559 
1.552 
1.54 
1.527 
1.523 
1.535 
1.509 
1.506 
h 
1.395 
1.391 
1.391 
1.384 
1.38 
1.374 
1.367 
1.36 
h 
1.229 
1.208 
1.174 
1.119 
1.091 
1.136 
1.03 
1.011 
h 
0.876 
0.872 
0.867 
0.86 
0.849 
0.834 
0.813 
0.78 
h 
0.742 
0.714 
0.693 
0.674 
0.658 
0.655 
0.643 
0.635 
h 
0.579 
0.55 
0.501 
0.439 
0.398 
0.345 
0.29 
