29.933 
29.619 
28.714 
26.885 
24.909 
24.885 
24.883 
24.88 
h 
24.067 
24.019 
23.932 
23.777 
23.462 
22.889 
22.039 
21.42 
h 
20.601 
20.351 
19.969 
19.364 
18.477 
18.452 
15.822 
15.195 
h 
14.059 
13.967 
13.817 
13.656 
13.66 
13.571 
13.083 
12.777 
h 
12.328 
12.377 
12.296 
12.268 
12.228 
12.156 
12.029 
11.826 
h 
10.316 
10.073 
10.182 
9.954 
9.798 
9.547 
9.07 
8.266 
h 
6.9 
7.228 
6.915 
6.376 
6.345 
6.319 
6.276 
6.253 
6.233 
6.216 
h 
5.82 
5.823 
5.814 
5.81 
5.8 
5.789 
5.762 
5.711 
h 
5.289 
5.216 
5.103 
5.048 
4.952 
4.929 
4.832 
4.669 
h 
4.044 
3.943 
3.81 
3.807 
3.674 
3.631 
3.621 
3.556 
h 
3.277 
3.247 
3.213 
3.164 
3.11 
3.127 
3.075 
3.066 
h 
2.815 
2.805 
2.785 
2.756 
2.748 
2.73 
2.739 
2.691 
h 
2.55 
2.506 
2.49 
2.463 
2.431 
2.399 
2.377 
2.346 
h 
2.082 
1.994 
1.945 
1.901 
1.84 
1.843 
1.791 
1.601 
h 
1.41 
1.137 
0.713 
0.637 
0.445 
0.398 
