26.382 
26.255 
25.911 
25.32 
24.98 
24.976 
24.975 
24.975 
h 
24.83 
24.807 
24.743 
24.596 
24.303 
23.782 
23.049 
22.628 
h 
20.093 
19.719 
19.531 
19.137 
18.403 
17.403 
16.166 
15.131 
h 
14.298 
14.283 
14.255 
14.192 
14.067 
13.835 
13.467 
12.976 
h 
12.475 
12.319 
12.264 
12.181 
12.081 
11.965 
11.8 
11.555 
h 
10.504 
9.933 
10.348 
10.975 
9.217 
8.989 
8.587 
7.921 
7.053 
6.522 
5.916 
5.468 
h 
5.706 
5.182 
5.104 
5.013 
4.904 
4.851 
4.807 
4.742 
h 
4.517 
4.478 
4.461 
4.452 
4.44 
4.416 
4.379 
4.358 
h 
4.068 
4.043 
4.055 
4.044 
4.023 
3.984 
3.9 
3.777 
h 
3.326 
3.191 
3.192 
3.171 
3.069 
3.038 
3.001 
2.949 
h 
2.604 
2.532 
2.49 
2.82 
2.48 
2.471 
2.454 
2.423 
2.368 
2.276 
2.274 
2.177 
h 
1.832 
1.786 
1.741 
1.731 
1.719 
1.698 
1.671 
1.621 
h 
1.464 
1.383 
1.279 
1.189 
1.074 
1.24 
1.008 
0.995 
h 
0.766 
0.71 
0.632 
0.581 
0.586 
0.565 
0.531 
0.51 
h 
0.308 
