27.716 
27.51 
26.936 
25.871 
25.066 
25.043 
25.039 
25.032 
h 
24.437 
24.411 
24.339 
24.177 
23.857 
23.278 
22.441 
21.913 
h 
20.327 
19.874 
20.715 
19.404 
19.001 
18.286 
17.259 
16.531 
16.412 
16.204 
16.058 
h 
15.647 
15.617 
15.547 
15.515 
15.466 
15.371 
15.204 
14.974 
h 
14.516 
14.266 
13.987 
13.899 
13.571 
13.161 
12.444 
11.439 
h 
10.628 
10.613 
10.601 
10.582 
10.57 
10.55 
10.521 
10.471 
h 
10.167 
9.939 
9.909 
9.905 
9.89 
9.87 
9.84 
9.799 
h 
9.221 
9.183 
9.133 
9.06 
8.991 
8.97 
8.93 
8.862 
h 
8.635 
8.506 
8.462 
8.445 
8.435 
8.432 
8.413 
8.398 
h 
8.121 
8.106 
8.072 
8.034 
8.038 
8.008 
8.004 
7.972 
h 
7.838 
7.8 
7.73 
7.658 
7.605 
7.566 
7.565 
7.559 
h 
7.238 
7.201 
7.171 
7.154 
7.127 
7.076 
6.99 
6.851 
h 
6.497 
6.716 
6.365 
6.311 
6.271 
6.218 
6.136 
6.061 
5.987 
5.905 
h 
5.475 
5.463 
5.457 
5.436 
5.405 
5.352 
5.284 
5.181 
h 
