25.912 
25.904 
25.882 
25.841 
25.79 
25.778 
25.765 
25.738 
h 
25.388 
25.329 
25.177 
24.858 
24.257 
23.298 
21.878 
20.767 
h 
18.96 
18.81 
18.64 
18.444 
18.129 
17.589 
16.82 
16.192 
h 
15.132 
14.998 
15.217 
14.961 
14.848 
14.754 
14.585 
14.319 
h 
12.589 
12.489 
12.392 
12.205 
11.94 
11.457 
10.853 
10.062 
h 
8.86 
8.816 
8.773 
8.757 
8.734 
8.689 
8.604 
8.451 
h 
8.167 
7.88 
7.87 
7.711 
7.621 
7.515 
7.369 
7.163 
h 
6.881 
6.823 
6.823 
6.818 
6.816 
6.811 
6.804 
6.792 
h 
6.419 
6.376 
6.348 
6.33 
6.298 
6.24 
6.156 
6.027 
h 
5.695 
5.4 
7.445 
5.353 
5.34 
5.324 
5.306 
5.288 
5.263 
5.245 
5.216 
h 
4.75 
4.711 
4.695 
4.668 
4.62 
4.558 
4.47 
4.415 
h 
4.176 
4.086 
3.989 
3.962 
3.917 
3.888 
3.84 
3.783 
h 
3.385 
3.315 
3.272 
3.257 
3.248 
3.227 
3.178 
3.082 
h 
2.797 
2.776 
2.65 
2.574 
2.552 
2.548 
2.524 
2.492 
h 
2.254 
2.203 
2.134 
2.101 
2.041 
2.006 
1.945 
1.848 
h 
1.495 
1.411 
1.327 
1.282 
1.251 
1.221 
1.173 
1.108 
h 
0.996 
1.281 
0.991 
0.991 
0.99 
0.99 
0.992 
0.986 
0.976 
0.972 
h 
0.951 
0.951 
0.977 
0.938 
0.943 
0.939 
0.935 
0.93 
0.92 
0.902 
0.87 
h 
0.817 
0.798 
0.782 
0.769 
0.744 
0.693 
0.599 
0.647 
h 
0.497 
0.433 
0.399 
0.353 
0.332 
0.33 
0.325 
0.318 
