33.1 
32.651 
31.329 
28.505 
25.04 
24.936 
24.928 
24.927 
h 
22.84 
22.791 
22.68 
22.497 
22.224 
21.699 
20.772 
19.639 
h 
15.476 
15.3 
15.302 
14.349 
14.061 
13.56 
12.813 
12.087 
h 
11.721 
11.518 
11.584 
11.257 
11.093 
10.872 
10.542 
10.119 
h 
9.432 
9.392 
9.362 
9.365 
9.352 
9.327 
9.278 
9.191 
h 
8.09 
7.921 
7.809 
7.659 
7.565 
7.444 
7.242 
6.871 
h 
5.817 
5.567 
5.435 
5.306 
5.206 
5.056 
4.904 
4.818 
h 
4.624 
4.608 
4.592 
4.57 
4.54 
4.506 
4.473 
4.425 
h 
4.286 
4.248 
4.213 
4.169 
4.116 
4.095 
4.07 
4.029 
h 
3.756 
3.738 
3.672 
3.633 
3.594 
3.562 
3.488 
3.464 
h 
3.244 
3.147 
3.094 
3.026 
2.929 
2.893 
3.437 
2.788 
2.708 
2.616 
2.579 
2.551 
2.519 
2.48 
2.477 
h 
2.381 
2.348 
2.332 
2.322 
2.31 
2.298 
2.315 
2.275 
h 
2.121 
2.111 
2.1 
2.08 
2.043 
1.986 
1.937 
1.866 
h 
1.476 
1.729 
1.434 
1.427 
1.417 
1.399 
1.371 
1.34 
1.395 
1.263 
h 
1.108 
1.081 
1.053 
1.015 
0.955 
0.919 
0.999 
0.846 
h 
0.579 
0.52 
0.454 
0.428 
0.39 
