25.185 
25.167 
25.118 
25.038 
24.989 
24.984 
24.973 
24.957 
h 
22.863 
22.534 
22.485 
22.386 
22.211 
21.859 
21.187 
20.013 
h 
21.352 
18.073 
17.812 
17.579 
17.15 
16.525 
15.7 
14.849 
h 
14.254 
14.243 
14.237 
14.223 
14.196 
14.144 
14.055 
13.942 
h 
13.18 
13.104 
13.068 
13.017 
12.951 
12.818 
12.565 
12.126 
h 
10.721 
10.617 
10.733 
10.466 
10.411 
10.305 
10.118 
9.831 
h 
9.251 
9.267 
9.187 
9.127 
9.073 
8.983 
8.868 
8.78 
h 
8.493 
8.393 
8.358 
8.314 
8.248 
8.149 
7.964 
7.807 
h 
7.618 
7.597 
7.562 
7.511 
7.439 
7.373 
7.225 
7.02 
h 
5.959 
5.914 
5.866 
5.837 
5.811 
5.753 
5.649 
5.479 
h 
5.002 
4.933 
4.911 
4.876 
4.847 
4.819 
4.775 
4.729 
h 
4.399 
4.405 
4.346 
4.335 
4.317 
4.281 
4.216 
4.12 
h 
3.776 
3.628 
3.575 
3.513 
3.465 
3.408 
3.355 
3.245 
h 
2.643 
2.592 
2.516 
2.446 
2.371 
2.304 
2.591 
2.282 
h 
2.123 
2.116 
2.105 
2.092 
2.071 
2.034 
1.965 
1.858 
h 
1.65 
1.591 
1.595 
1.48 
1.447 
1.42 
1.385 
1.329 
h 
1.025 
0.944 
0.813 
0.621 
0.61 
0.501 
0.434 
0.36 
