29.16 
28.858 
28.009 
26.408 
25.137 
25.096 
25.066 
25.014 
h 
24.885 
24.931 
24.713 
24.457 
23.952 
23.091 
22.039 
21.734 
h 
20.287 
19.99 
19.501 
18.682 
17.401 
17.565 
15.194 
14.333 
h 
13.916 
13.831 
13.826 
13.821 
13.812 
13.794 
13.763 
13.76 
h 
13.439 
13.354 
13.329 
13.296 
13.236 
13.124 
12.925 
12.632 
h 
11.197 
11.101 
11.048 
10.942 
10.744 
10.387 
9.839 
9.217 
h 
8.404 
8.19 
8.157 
8.134 
8.109 
8.067 
8.008 
7.932 
h 
7.741 
7.653 
7.61 
7.547 
7.48 
7.475 
7.361 
7.241 
h 
6.486 
6.426 
6.392 
6.34 
6.264 
6.173 
6.062 
5.97 
h 
5.577 
5.488 
5.481 
5.473 
5.448 
5.399 
5.307 
5.15 
h 
4.776 
4.616 
4.588 
4.556 
4.537 
4.493 
4.446 
4.321 
h 
3.651 
3.564 
3.533 
3.491 
3.435 
3.354 
3.404 
3.231 
h 
2.902 
2.882 
2.857 
2.827 
2.812 
2.8 
2.786 
2.759 
h 
2.427 
2.386 
2.321 
2.256 
2.252 
2.122 
2.025 
1.892 
h 
1.307 
1.156 
1.079 
1.02 
1.005 
0.972 
0.933 
0.889 
h 
0.585 
0.519 
0.487 
0.447 
0.426 
0.419 
0.411 
0.399 
h 
0.282 
